0 27.325876286129958
1 116.09425720148603
2 87.07313963334231
3 62.861113839355426
4 98.52486058061356
5 62.22140789930359
6 59.06326432175791
7 75.91831476403908
8 51.905916387508704
9 29.00291822857676
10 44.93781092274938
11 82.33961996279089
12 38.482083527440196
13 35.88125077957759
14 98.81088288995959
15 88.85210713940883
16 85.53622651044154
17 99.47211426369019
18 40.54864553407842
19 28.893774324258807
20 38.36171790494752
21 41.233940072988766
22 113.60846352543949
23 72.65654865424526
24 43.61851584140643
25 100.15373176982672
26 111.64338621231451
27 96.79811594282333
28 50.11333776678533
29 80.6770365486878
30 30.58891272877442
31 64.41157063759161
32 46.66032203680969
33 20.11354698384112
34 23.359100897234857
35 58.90827106552335
36 78.65120052164741
37 116.87884414191971
38 82.81425419284182
39 61.660714732196574
40 85.06164318291194
41 21.1866176955451
42 55.322581845969005
43 62.568633464505055
44 75.8431540611245
45 53.18471010099818
46 92.023368084476
47 45.15292436219363
48 25.99749761758235
49 80.03211296717586
50 77.80934630203717
51 93.34843067833057
52 97.10328477616471
53 53.04307277194671
54 39.08115705314114
55 25.858020526688154
56 109.66208209152701
57 78.77825578779041
58 20.486863460573694
59 75.74676746612349
60 80.35395402925224
61 73.8419299664574
62 38.1447437860254
63 97.8964928622552
64 107.14010375173369
65 32.14795717212704
66 62.25763583220385
67 105.00730517096595
68 32.12285463066526
69 115.5463192749595
70 55.56235000497235
71 104.02420003697556
72 37.17094822914039
73 63.95581297320346
74 95.7177694410359
75 29.183164535917754
76 30.540698378079217
77 109.52745570330036
78 39.5204430982025
79 45.31265586755407
80 64.07129582111506
81 70.86703372255432
82 44.746619981043416
83 25.59272333505909
84 80.00514609130894
85 97.97414407186326
86 51.45481890869269
87 91.66546914511672
88 24.08179068128296
89 36.30899292348087
90 38.743208225886505
91 40.806885187056466
92 77.27664857092589
93 79.27709292917291
94 115.24121953815313
95 74.8116143062878
96 52.403435356992034
97 82.42595889580875
98 72.02494934813743
99 88.30847973778266
0 1
0 3
0 5
0 19
0 24
0 31
0 40
0 43
0 45
0 47
0 49
0 50
0 52
0 54
0 78
0 86
1 2
1 9
1 10
1 11
1 13
1 14
1 22
1 24
1 27
1 37
1 49
1 54
1 57
1 64
1 69
1 83
1 84
1 87
1 90
1 97
2 3
2 10
2 11
2 17
2 18
2 20
2 24
2 49
2 51
2 52
2 76
2 82
2 85
2 87
2 88
2 89
2 94
2 95
2 99
3 4
3 6
3 17
3 20
3 22
3 25
3 29
3 43
3 56
3 62
3 66
3 70
3 89
3 93
4 5
4 18
4 22
4 37
4 47
4 49
4 57
4 58
4 61
4 64
4 65
4 66
4 72
4 79
4 96
5 6
5 9
5 18
5 28
5 29
5 34
5 43
5 44
5 48
5 66
5 67
5 68
5 71
5 75
5 79
5 82
5 83
5 84
5 86
5 92
6 7
6 8
6 23
6 26
6 27
6 39
6 42
6 45
6 51
6 54
6 59
6 63
6 69
6 72
6 73
6 79
6 88
7 8
7 10
7 12
7 14
7 29
7 30
7 33
7 42
7 50
7 52
7 60
7 63
7 68
7 75
7 77
7 78
7 86
7 87
7 92
7 97
8 9
8 11
8 13
8 15
8 21
8 30
8 34
8 38
8 41
8 45
8 46
8 54
8 59
8 60
8 68
8 74
8 82
8 87
8 88
8 96
8 99
9 10
9 22
9 25
9 31
9 34
9 45
9 50
9 53
9 55
9 63
9 66
9 67
9 74
9 78
9 84
9 85
9 90
10 11
10 21
10 32
10 36
10 38
10 41
10 55
10 65
10 81
10 85
10 96
10 98
11 12
11 20
11 29
11 30
11 39
11 48
11 53
11 63
11 67
11 76
11 88
11 93
11 95
11 96
12 13
12 16
12 19
12 24
12 36
12 43
12 44
12 54
12 62
12 67
12 71
12 74
12 86
13 14
13 19
13 22
13 26
13 31
13 32
13 50
13 52
13 57
13 63
13 66
13 85
13 93
13 95
13 96
14 15
14 16
14 36
14 37
14 38
14 44
14 46
14 49
14 52
14 61
14 76
14 83
14 85
14 89
14 97
14 99
15 16
15 19
15 24
15 33
15 43
15 45
15 46
15 52
15 55
15 57
15 64
15 69
15 76
15 77
15 86
15 92
16 17
16 22
16 25
16 29
16 30
16 39
16 40
16 57
16 68
16 70
16 79
16 83
16 95
16 96
16 98
17 18
17 20
17 21
17 28
17 37
17 46
17 59
17 62
17 75
17 82
17 83
17 89
17 90
18 19
18 23
18 25
18 28
18 29
18 31
18 32
18 33
18 45
18 47
18 54
18 60
18 70
18 72
18 81
18 92
18 98
19 20
19 24
19 28
19 29
19 42
19 43
19 56
19 61
19 68
19 84
19 85
19 87
19 91
19 92
19 93
19 94
19 96
19 99
20 21
20 31
20 35
20 36
20 40
20 62
20 77
20 82
20 85
20 86
20 99
21 22
21 23
21 25
21 27
21 33
21 39
21 45
21 46
21 51
21 52
21 54
21 59
21 64
21 66
21 68
21 70
21 76
21 82
22 23
22 26
22 27
22 29
22 35
22 37
22 38
22 42
22 44
22 55
22 60
22 63
22 64
22 66
22 69
22 71
22 75
22 86
22 90
23 24
23 27
23 28
23 30
23 38
23 43
23 46
23 48
23 49
23 52
23 55
23 57
23 70
23 72
23 77
23 79
23 86
23 87
23 99
24 25
24 34
24 45
24 47
24 49
24 53
24 58
24 73
24 87
24 94
24 96
25 26
25 33
25 55
25 58
25 61
25 62
25 74
25 75
25 90
26 27
26 38
26 39
26 40
26 41
26 48
26 50
26 67
26 70
26 71
26 73
26 76
26 84
26 89
26 99
27 28
27 29
27 34
27 59
27 63
27 67
27 68
27 74
27 76
28 29
28 43
28 51
28 56
28 57
28 58
28 71
28 72
28 73
28 88
28 93
28 95
28 97
29 30
29 31
29 35
29 36
29 39
29 48
29 51
29 52
29 53
29 60
29 62
29 68
29 77
29 78
29 92
29 95
30 31
30 39
30 40
30 45
30 46
30 49
30 51
30 58
30 62
30 65
30 78
30 82
30 84
30 92
30 94
31 32
31 38
31 39
31 49
31 51
31 56
31 60
31 62
31 63
31 65
31 66
31 67
31 69
31 73
31 76
31 77
31 78
31 81
31 86
31 97
32 33
32 34
32 40
32 45
32 54
32 64
32 66
32 70
32 71
32 72
32 74
32 88
32 97
33 34
33 41
33 46
33 54
33 60
33 66
33 67
33 72
33 77
33 92
34 35
34 39
34 49
34 57
34 64
34 82
34 91
35 36
35 41
35 42
35 44
35 70
35 71
35 74
35 86
35 89
35 93
35 94
35 95
35 98
36 37
36 38
36 39
36 41
36 43
36 57
36 59
36 63
36 66
36 71
36 75
36 79
36 80
36 87
36 91
36 92
36 97
36 99
37 38
37 41
37 43
37 45
37 47
37 49
37 50
37 57
37 64
37 69
37 70
37 75
37 86
37 97
38 39
38 47
38 48
38 49
38 54
38 55
38 57
38 61
38 63
38 68
38 73
38 85
38 89
38 95
38 97
39 40
39 41
39 43
39 47
39 48
39 49
39 54
39 56
39 79
39 80
39 83
39 86
39 87
39 92
40 41
40 46
40 55
40 56
40 67
40 68
40 69
40 74
40 78
40 88
40 90
40 95
41 42
41 45
41 54
41 56
41 58
41 61
41 64
41 65
41 66
41 74
41 76
41 77
41 79
41 80
41 98
42 43
42 46
42 55
42 64
42 68
42 73
42 77
42 86
42 90
42 94
42 95
43 44
43 47
43 50
43 53
43 57
43 63
43 72
43 76
43 87
43 89
43 90
43 97
43 98
44 45
44 49
44 57
44 58
44 65
44 70
44 83
44 89
44 92
45 46
45 53
45 58
45 60
45 70
45 73
45 81
45 84
45 86
45 96
46 47
46 56
46 58
46 63
46 83
46 84
46 90
46 92
46 97
47 48
47 52
47 56
47 59
47 61
47 75
47 81
47 85
47 87
47 88
47 91
47 93
47 94
47 96
47 99
48 49
48 54
48 56
48 59
48 66
48 67
48 72
48 74
48 79
48 80
48 82
48 87
48 94
49 50
49 52
49 54
49 55
49 57
49 62
49 69
49 76
49 79
49 81
49 97
50 51
50 63
50 67
50 72
50 73
50 81
50 96
51 52
51 53
51 58
51 64
51 65
51 66
51 78
51 86
51 88
51 93
51 99
52 53
52 54
52 58
52 64
52 79
52 84
52 85
52 89
52 90
52 93
52 94
52 99
53 54
53 68
53 82
53 86
54 55
54 57
54 58
54 66
54 71
54 82
54 87
54 91
54 92
54 95
54 97
55 56
55 58
55 63
55 65
55 67
55 77
55 83
55 84
55 90
55 99
56 57
56 70
56 72
56 73
56 79
56 84
56 94
56 97
57 58
57 66
57 70
57 77
57 83
57 86
57 87
57 90
57 94
58 59
58 61
58 62
58 63
58 68
58 70
58 72
58 73
58 74
58 75
58 77
58 86
58 87
58 90
58 94
59 60
59 65
59 71
59 75
59 81
59 83
59 97
60 61
60 62
60 63
60 65
60 67
60 93
61 62
61 65
61 73
61 74
61 76
61 77
61 78
61 79
61 80
61 82
61 86
62 63
62 64
62 72
62 73
62 74
62 77
62 89
62 90
62 91
62 95
63 64
63 69
63 75
63 92
63 96
64 65
64 68
64 79
64 88
64 92
64 99
65 66
65 72
65 75
65 92
65 95
65 98
66 67
66 75
66 81
66 90
66 91
66 95
66 99
67 68
67 73
67 74
67 82
67 83
67 92
67 93
67 94
68 69
68 70
68 71
68 75
68 76
68 78
68 82
68 96
68 97
68 99
69 70
69 77
69 83
69 94
69 95
70 71
70 72
70 86
71 72
71 73
71 78
71 85
71 91
71 97
71 98
72 73
72 78
72 81
72 96
73 74
73 75
73 76
73 77
73 78
73 81
73 83
73 84
73 87
73 89
74 75
74 87
74 95
74 98
75 76
75 80
75 83
75 84
75 88
76 77
76 83
76 85
76 88
76 92
77 78
77 82
77 87
77 94
77 95
78 79
78 86
78 88
78 89
78 91
79 80
79 81
79 85
79 88
79 89
79 98
80 81
80 83
80 87
80 94
81 82
81 83
81 87
81 88
81 90
81 99
82 83
82 87
82 94
82 98
83 84
83 91
84 85
84 87
84 88
84 89
84 93
84 97
85 86
85 93
85 96
85 99
86 87
86 91
87 88
88 89
89 90
89 91
89 97
90 91
90 96
90 98
90 99
91 92
91 97
91 99
92 93
92 98
92 99
93 94
93 99
94 95
95 96
95 97
95 98
95 99
96 97
97 98
98 99
