0 66.55130487496326
1 108.87090795450759
2 104.60491900552604
3 79.46762185617322
4 95.2954077156589
5 119.20905449304594
6 23.435050594065302
7 117.05501620457134
8 22.49563721377295
9 82.15679989298084
10 104.54767639177068
11 104.34192246513467
12 60.48957443449972
13 46.68286393512493
14 48.516060740559524
15 55.08463246123609
16 72.14961664916217
17 62.61510061283522
18 32.05083739244647
19 74.08735689593593
20 83.95639697353097
21 90.06415321304044
22 40.75159763374788
23 108.93166755720765
24 63.7161586002057
25 84.98777597379576
26 116.79692199877658
27 112.67482461738304
28 30.33237632361824
29 109.2875799166672
30 85.51634986354227
31 26.895022931475083
32 88.13952491847283
33 99.08381816433321
34 26.447926000339546
35 118.77801090735896
36 81.52963364785748
37 113.19275440669585
38 84.27008361038766
39 83.38099826278098
40 46.94981539064932
41 75.335051374271
42 72.90687589607397
43 52.77603191089724
44 98.82173035135602
45 118.23253084008802
46 112.14059376886433
47 37.46661876932003
48 23.53151187597781
49 35.504551077527154
50 50.22608861120035
51 62.2875907413853
52 71.36137039015338
53 48.15419039679333
54 68.28619120447479
55 48.93976615909888
56 30.081757849620153
57 96.43826139499633
58 32.67779690508215
59 40.37725563759576
60 35.895619347875666
61 75.04416320381749
62 60.053370078567376
63 58.456747526720505
64 27.52391642465907
65 39.750452004519815
66 86.50274361304993
67 35.57446858154226
68 77.44424686904067
69 27.12687771073083
70 86.94524739481342
71 63.45791898349233
72 40.64209930959721
73 45.3336415362582
74 73.85239294122448
75 57.84593785816788
76 45.70683666336248
77 113.70840561939046
78 115.41643285829336
79 46.481984160518245
80 115.70227459412213
81 51.58361327419493
82 52.44035823207167
83 49.66200731564285
84 46.96428333595937
85 42.65550080772011
86 60.50993386659568
87 37.519611938822024
88 92.82555119762188
89 30.230128495402056
90 99.41868324385443
91 116.29767145349959
92 96.24028971043349
93 30.80066086224368
94 115.35172019637103
95 117.0469749197105
96 90.37929928222566
97 88.66399530529274
98 112.99461883002411
99 34.508801530232894
100 39.48850848664215
101 32.66383722636473
102 94.51859865328771
103 91.3798522443662
104 23.651714150609198
105 37.65108414438883
106 70.30347618236158
107 83.7242644835807
108 80.57093668472274
109 37.881436735191016
110 82.29498425086912
111 96.98890498140064
112 105.07545089284253
113 87.32394856988613
114 45.05323354163983
115 68.89453040249376
116 72.79320001166855
117 112.73319956570325
118 101.8342204213339
119 115.41677290676354
120 98.26596784990039
121 59.34164174248747
122 113.45647828467624
123 29.137397444886904
124 59.762343797656065
125 86.15761499951843
126 46.24006686141611
127 105.43758226828851
128 23.140166670035782
129 28.108380516263818
130 101.96533819474597
131 51.32145899744541
132 75.33276242301491
133 105.64649504477576
134 37.58397398867302
135 84.0995275153731
136 34.38101098406239
137 28.941676619277814
138 55.32502033207031
139 32.72794271663636
140 37.40587717751816
141 113.40930845480895
142 104.8737782574774
143 113.29113074217723
144 20.513695829527194
145 96.08053839395608
146 28.461553941880382
147 61.93154550214078
148 95.34922054991631
149 118.19792573751329
150 96.98943358491161
151 73.47180531699274
152 95.85901632220605
153 118.42441101371854
154 30.719422126937374
155 112.04088286598584
156 115.8005033617802
157 63.18238439859367
158 71.60141388081828
159 31.207347562735546
160 82.62956954472293
161 25.893428097470743
162 75.9646437042811
163 65.43918494423123
164 116.62234435025964
165 115.26830638615064
166 26.087399697050884
167 32.15098966673628
168 105.43439419229989
169 44.300640403293116
170 117.06896985652031
171 114.1658628298952
172 83.77323041818437
173 26.24658815566167
174 61.46289069570143
175 76.11063693972211
176 45.45768567072852
177 81.6268355011266
178 68.29081138667479
179 105.07956629810406
180 30.86039088140477
181 41.16600053822055
182 95.34134577547746
183 55.84290993617911
184 26.577208322905648
185 33.58856567701454
186 44.068515738341276
187 23.943366287905135
188 86.14016063732096
189 54.319297224409205
190 64.9395067121093
191 66.21461083069735
192 30.688029813036966
193 21.390007654455072
194 67.74162374629631
195 37.57267203585575
196 116.73148503711761
197 38.23349214346419
198 86.14349746620441
199 115.37225467905579
200 64.49720307014155
201 99.54929150199173
202 28.715726024365864
203 38.18652442146745
204 24.808183853962475
205 96.05489933470555
206 59.651339368210614
207 94.56028421359093
208 25.055017094670678
209 96.68992007742199
210 91.58655268096551
211 59.102883615256324
212 75.53560701311824
213 112.71957845455559
214 40.207527233027655
215 88.2285812344584
216 36.288453205744844
217 77.18789924141628
218 85.73891850431491
219 55.91852949267898
220 41.51728233989037
221 105.29980261291436
222 109.94524328399349
223 31.069916343130974
224 53.802452386603136
225 36.56519944586916
226 28.93613868127905
227 72.31422196196914
228 73.51722151897324
229 97.91718348658134
230 21.851884486165112
231 43.62796423584529
232 60.21463999152355
233 68.52019202657507
234 63.415557308407394
235 34.62570316130969
236 32.22346291443364
237 71.61306071773497
238 104.37349730495592
239 103.11647042398683
240 98.28912315756331
241 66.48565770875022
242 108.00579407336895
243 44.32122071085175
244 40.818519679067705
245 64.56680321114666
246 43.17374706127545
247 31.09026886975651
248 114.13496620618449
249 47.60502779132864
250 54.781355090644325
251 62.52615472007336
252 43.12232148812574
253 23.052630083199105
254 81.06307028847212
255 104.60868648521894
256 107.73501823770046
257 112.01744732291544
258 63.77021401473115
259 105.73539867872539
260 77.07329820957284
261 28.52557726970148
262 102.11359181368243
263 22.532042178714143
264 113.07066765622838
265 75.34230359898956
266 34.230001219085175
267 96.85410002865686
268 98.31322439326051
269 51.227252563300524
270 90.9754944569651
271 83.59179651330034
272 55.10816877081876
273 37.25385474178095
274 56.008422810272435
275 40.70739489854808
276 113.64144681414506
277 105.70197454009939
278 83.41039401355934
279 57.87503656441007
280 55.912178540382264
281 74.03654879329216
282 69.50352416875549
283 118.15977632645662
284 109.10411916733423
285 108.6139523023865
286 49.057399217006406
287 58.363860237025584
288 87.15210613977561
289 68.01170906108251
290 87.73944586282067
291 117.98468947401103
292 82.48407732596903
293 64.2561082026088
294 72.4474592673642
295 44.17035133507834
296 91.26690968937626
297 111.72615007025294
298 59.073269490734276
299 50.6250013527962
300 114.9569695739672
301 28.141172908343464
302 23.281628703363932
303 112.10771336866902
304 118.55396592230778
305 49.7934155074686
306 74.04860204269245
307 112.98497358449373
308 41.67927149934499
309 24.06568701089892
310 31.988866358841644
311 58.23821390373571
312 52.44764191623879
313 46.27819878516728
314 44.91150602340796
315 98.39434175689615
316 106.07381262613092
317 115.0375288515446
318 111.579015318629
319 116.03856182900472
320 20.2531864682793
321 90.51462196557145
322 111.3044172213755
323 70.88514703369353
324 107.57844372552985
325 53.45757967120042
326 91.80654708662367
327 102.82335518874896
328 111.60156502449045
329 79.24896571014844
330 50.65365960083314
331 47.92192879555736
332 77.62344729743535
333 60.94618673577857
334 56.660762329765056
335 31.06718097799484
336 51.8908698986347
337 37.997496936872324
338 96.76618057601027
339 60.72592322536283
340 43.60334922021276
341 113.20500201539596
342 101.19798745221026
343 66.26605148736039
344 102.97992894662445
345 69.5100010070351
346 95.15116457245313
347 86.3338699095515
348 65.6087392752574
349 30.30486973563703
350 48.73146606895871
351 37.978751888643075
352 88.39973325542537
353 42.229652457973785
354 48.58209821612863
355 70.53206913330125
356 55.68370415501226
357 97.79034261425943
358 94.3945420026908
359 35.68875906142399
360 65.34831520851122
361 56.639857180492996
362 31.414953250736005
363 85.80630758772496
364 114.37455889204547
365 68.99149041576722
366 66.09273974081157
367 46.127323488142295
368 90.73470121191582
369 52.38866801985327
370 76.17809852188816
371 93.44827206996474
372 44.33542592863378
373 23.933597773579912
374 118.8604052866321
375 113.69838241354529
376 53.537548836296345
377 44.08143277613651
378 60.94955720970209
379 103.95909795166781
380 25.756342549045833
381 85.23539628577026
382 103.63749024487956
383 30.645886410213127
384 70.74412767678206
385 98.63225795640756
386 51.037248215608756
387 54.89063250863329
388 63.37950922390665
389 116.38644199020221
390 76.48216070192055
391 88.60418295914758
392 69.13522313864185
393 92.0649569402379
394 73.47783310032783
395 50.265106825773934
396 39.869272417043994
397 52.794263108474404
398 39.23479064408855
399 48.17209059613014
400 100.18163362641587
401 108.65406069560426
402 27.869791832598633
403 30.713768803034107
404 35.301526674829844
405 40.99192120199716
406 27.649005828280487
407 108.15127817557435
408 60.31785003029938
409 70.29657386283088
410 62.056336079625886
411 68.47514489937556
412 97.53808857022449
413 86.39658604269256
414 88.00540564849747
415 81.08957013659071
416 113.858570851089
417 109.00504018748559
418 66.17382874737265
419 106.3935628616848
420 73.25174296775552
421 35.00976957681942
422 108.22355962209473
423 106.76980945932442
424 40.82364707288519
425 20.412582983562835
426 63.58128050369871
427 85.05851292368854
428 34.36752088716192
429 39.44982300970318
430 94.4879261559829
431 60.284907391923056
432 56.93711385015212
433 61.18053154652117
434 102.18659869799883
435 27.22552815050479
436 59.68587292409066
437 84.70735207562745
438 109.4033192738113
439 36.339695989974956
440 78.06592472501237
441 78.19926716001265
442 74.68516313562964
443 73.65917258978695
444 56.45335487504636
445 74.01413887444778
446 112.6955270059485
447 116.42021478394985
448 26.363979131209913
449 82.47289738069674
450 21.226407846069744
451 89.53878586759198
452 31.646441096207695
453 100.21622757435868
454 70.47273767067188
455 50.47104240107589
456 100.38713564159944
457 105.57839000980222
458 93.0239840481601
459 85.56756916463961
460 47.73410832034334
461 53.041788439406524
462 24.063360612046377
463 109.72133649468135
464 56.44476222751799
465 101.58981492390691
466 80.42516780514997
467 22.925696228822506
468 22.684791305337686
469 37.654352661128
470 34.4459177394711
471 92.30014735889347
472 73.45351226160697
473 82.35827227447658
474 33.95510768946262
475 96.20803063434418
476 58.98335080338509
477 104.88212260493243
478 43.286567847458606
479 88.28169167852222
480 98.55890211935608
481 99.03818577601288
482 31.851566264152037
483 113.48708302445439
484 111.42369322232409
485 118.51388513055585
486 116.59994676614744
487 35.801161477776915
488 95.79035005367321
489 107.75053139671354
490 72.60574548555793
491 117.64184244728101
492 28.44262360858333
493 110.05222440156685
494 62.048911398145684
495 24.88172566037862
496 45.01527678466792
497 82.27367793632018
498 96.02486101000132
499 118.09310732608976
500 26.760604850823594
501 96.31463262376788
502 35.89883120412794
503 30.61334316314182
504 63.45791332284874
505 61.65242098092772
506 61.33205774420213
507 27.08591515574178
508 84.09501441950228
509 60.27314732718795
510 80.64204275993251
511 82.32399519669853
512 47.048418703097
513 45.615875543560335
514 35.8193010748807
515 119.65975085591853
516 59.71153950394811
517 20.523123317266172
518 59.30809232112957
519 100.38397571200574
520 53.867958363023426
521 75.6948096253457
522 72.56888752623077
523 61.4470829539945
524 77.57933687990163
525 39.77181037823051
526 77.47539617390953
527 57.283875133457656
528 76.95534807824393
529 64.92908177091806
530 80.75916681241623
531 73.44093360515916
532 31.8955603711476
533 47.73729493538178
534 108.99994892366988
535 44.62686296963098
536 78.74089258149797
537 64.05577900898545
538 117.07012275906978
539 27.87203534795848
540 99.74493066696911
541 78.84849836597097
542 66.47668491323294
543 52.675893166613676
544 84.37304985517746
545 77.06870856593673
546 51.704438588558425
547 94.33625303570994
548 70.6599019302758
549 50.13680730171488
550 82.44914899910522
551 94.09648922395168
552 56.20354649889925
553 64.03984048848136
554 87.53966349561318
555 80.31286631027032
556 27.84711113400639
557 29.709989124561545
558 92.38305580067865
559 28.5356874896224
560 96.69655504512201
561 94.09333295651457
562 35.92709483221747
563 35.21434710018469
564 40.84571745978069
565 71.19899705601426
566 35.41942270804874
567 69.6777934188951
568 52.02758023112376
569 36.422793301554876
570 77.6530397670092
571 112.10825507684422
572 54.38322158391116
573 114.56831282621965
574 113.92283862701463
575 81.41758509284172
576 113.63766286516686
577 102.24234765235975
578 62.578029759897404
579 106.25188182539091
580 83.19445786642629
581 78.68043206818646
582 77.84055300187774
583 94.79154949095847
584 40.008519237902675
585 75.56219531986669
586 26.46964799185856
587 114.58026144859062
588 47.569314250487096
589 96.00512626723739
590 24.8879478396625
591 102.30781785115856
592 45.924276125848365
593 95.67924542998128
594 28.544594499619564
595 85.28817165488931
596 109.39486022186175
597 64.86410950786045
598 32.576079511549594
599 111.31540125781531
600 31.48539028072405
601 79.27345901723703
602 38.235591785721404
603 51.64676018521007
604 93.45746669310434
605 119.60172373149474
606 63.0968776420615
607 63.053353303039174
608 48.140375943637686
609 95.00053804627433
610 24.698769809774205
611 69.19541094395063
612 103.7705735751863
613 44.072277452939716
614 107.08162304173936
615 49.02050194006114
616 24.001014959582843
617 28.471574888408604
618 27.577169639242403
619 100.44948543379698
620 69.69371199802687
621 78.83466282479299
622 57.24835681390224
623 81.30634980675745
624 95.70660076060496
625 100.51028658389946
626 112.53595325656448
627 116.26454417405822
628 81.60840788540658
629 97.4448688612715
630 27.95382992524084
631 98.52378439313077
632 119.10290941955266
633 26.578466043642393
634 40.084989348326566
635 107.99770977917004
636 100.91660141285813
637 52.23702092622695
638 61.66560290252724
639 113.984233838627
640 56.00147064945342
641 30.260264835140152
642 101.20439139742362
643 29.60675179015645
644 54.12719936826421
645 114.98357249234856
646 88.36995486408274
647 37.755855343864646
648 59.28480736351448
649 48.69595237246243
650 98.28869056991411
651 113.82755270052249
652 45.796383767885644
653 62.825275551074554
654 28.931203352646733
655 29.245424020153067
656 103.62322337631049
657 92.85574454836708
658 74.92520705151523
659 31.57056432663205
660 50.087313864116865
661 84.86153109328907
662 58.41805916055997
663 61.94452033724658
664 34.06881754691355
665 50.54435929427856
666 23.02230158038649
667 88.67689384747625
668 65.71482329100851
669 109.79180489991244
670 70.41264965140152
671 106.98065195521453
672 29.792286808192188
673 45.02690626240004
674 20.803082007019306
675 79.17460854731831
676 44.04076960042181
677 79.998648222643
678 108.31783402393495
679 67.11392821744221
680 105.22820755890531
681 87.16673607815827
682 80.18022800142944
683 39.17593956431405
684 25.085626758983352
685 22.463027220409586
686 54.67844625767689
687 117.81992234558453
688 95.8943630782245
689 83.96587796394127
690 107.02754226608201
691 70.55595952249067
692 41.22197860376346
693 91.90253872975384
694 94.5320541682152
695 37.099335888196265
696 101.15079228320715
697 91.39869937796684
698 102.86385039655322
699 28.55338827315092
700 73.31550606202057
701 86.52314694430235
702 93.80490085896986
703 30.65509673857177
704 81.16414313507349
705 24.429391882325618
706 61.46488084515794
707 92.43413962104638
708 69.07912240764449
709 61.775090852179034
710 58.768644564672094
711 84.07751197903977
712 30.342976957545467
713 62.10392209944348
714 38.91875830541828
715 63.35823867447077
716 58.40586202562835
717 92.50353665681526
718 67.57348941250744
719 98.67810314195552
720 74.50965540187428
721 110.60707506780669
722 100.64070397464158
723 58.590729400139885
724 25.44615088016954
725 58.88466153785297
726 89.8733908964809
727 92.61275185015947
728 64.07440640292474
729 112.17521171985898
730 73.8626125203274
731 96.19721170776359
732 22.19509321499416
733 56.5377422325403
734 35.5588861226411
735 73.93476778092446
736 60.477228428091415
737 112.75535512692758
738 59.113092502149605
739 89.36460752860897
740 33.35539746609874
741 56.20389828646984
742 98.61326018786966
743 117.21852256238058
744 38.16323606893728
745 26.301251821002637
746 79.2036199586656
747 94.4878108591793
748 27.24153791754257
749 63.38211486306536
750 87.1075905542338
751 100.39426676184551
752 49.35707572994919
753 58.597005701892144
754 69.236407556718
755 82.16281601890157
756 52.490835430187445
757 53.313167393518896
758 55.35035321446056
759 83.43474153755346
760 23.902043521565556
761 78.49894201544751
762 36.149641247854916
763 25.226985798469517
764 65.34701875628917
765 81.7020647609452
766 79.20719137011704
767 35.5342281902424
768 101.42952144588337
769 49.48629667620783
770 41.31569204514051
771 22.987041081748366
772 97.28194157419915
773 96.5696414960943
774 40.60647453870074
775 42.42066134219564
776 118.12435727667712
777 59.411372773938666
778 84.70792282718568
779 105.77544479375867
780 97.72104432322855
781 101.62393877518906
782 112.24626147721135
783 50.44141396246898
784 95.35183029916949
785 111.33978561444533
786 94.15173280049912
787 88.97574611142626
788 111.63820244532053
789 46.541971169615465
790 58.518334326485395
791 29.063397102234582
792 102.41180074403778
793 63.371422487917656
794 48.175454311582186
795 70.6575779061837
796 76.78560003247327
797 44.55252862378768
798 93.66486297462644
799 58.42807585345043
800 90.68568582615347
801 30.332731809663255
802 85.97672154306812
803 91.96188602109675
804 50.32422354790138
805 42.71061880655418
806 63.18338269003166
807 73.60206749158635
808 21.441883319340043
809 85.23098645293788
810 83.01995037224489
811 104.37701406120196
812 99.62060642423982
813 95.25419856740862
814 39.49568649065711
815 22.163895748467215
816 34.56526993142603
817 23.3611262329754
818 95.78054371085582
819 113.04629755059304
820 116.9754884971774
821 115.4337899571175
822 47.89624600962246
823 116.76756941113834
824 30.4763931757046
825 76.95581765640303
826 104.15145489899479
827 90.24778144918696
828 43.0499532775405
829 106.20563922978259
830 63.79581373280407
831 89.32358228961381
832 62.50598623825122
833 93.26935452159603
834 105.02771229611919
835 78.18666645393395
836 108.7547241565499
837 95.1790090705439
838 47.27581068276219
839 78.43797369214843
840 61.9904312427325
841 113.98600991700943
842 35.58457265972636
843 25.24113160501482
844 30.36820266383827
845 24.208254270302938
846 105.96911293657413
847 106.7500710378096
848 43.353796686868144
849 118.84348928007283
850 29.76488931838109
851 24.802152777892957
852 117.64890379591958
853 69.02030312916783
854 102.28291779289914
855 29.809539588887095
856 61.442063276307856
857 21.362085377931077
858 36.491329202027416
859 50.847945955312916
860 79.70789463149782
861 89.26815383180711
862 45.97923666567972
863 63.13335869774272
864 118.37518702688506
865 29.57019008802372
866 53.119077635394554
867 109.39363474354533
868 38.40686368415784
869 34.40102819298177
870 38.12869775497916
871 119.08336668697325
872 42.18259523455772
873 109.61673180228885
874 52.64464633097847
875 49.956804554582945
876 84.0474696771354
877 55.74179574173209
878 57.45327039241131
879 110.20496619034022
880 84.48776343894028
881 115.1612477222228
882 108.18640188072558
883 106.1795555845741
884 33.117548761935126
885 100.16230532708259
886 105.07351141021772
887 100.66766262072065
888 109.50748313583985
889 70.43213528166575
890 43.252454769815635
891 59.74765219014762
892 72.85984600182894
893 85.7472319983355
894 48.67599684045413
895 112.44801343642914
896 71.6314616591783
897 119.84374800611872
898 61.31152844684467
899 46.74743369203762
900 102.4288896300807
901 84.83709049891866
902 32.116526627354794
903 117.89564075559764
904 103.84785728219089
905 82.06296721725488
906 33.18242388688927
907 50.60109687364916
908 105.4015971629498
909 64.84099704982674
910 41.4747708747426
911 75.32293192862103
912 64.28039319345699
913 71.41584709114778
914 45.757716318088065
915 50.72096081473483
916 113.40729967760247
917 62.20986428923419
918 43.57592370487003
919 89.25903516981352
920 113.10267053398952
921 74.52497714486609
922 40.57731221420885
923 21.023354875203573
924 45.64275172830003
925 89.96059986844739
926 37.99505038689425
927 102.00879944519983
928 117.09530105413783
929 95.06818871722147
930 95.76747416657311
931 97.44275164510314
932 34.037791604309206
933 104.14195706293043
934 88.55971094770665
935 48.157254541714906
936 104.11148628205427
937 104.5492145005913
938 29.860957384025305
939 58.58677748015849
940 68.83724697005161
941 79.63266824827426
942 25.366515375939674
943 28.6602916906076
944 114.71666748776858
945 61.97094333582106
946 31.013867669493028
947 88.67270083222353
948 24.364731964486488
949 70.66247905246297
950 33.32718990658124
951 86.16214141537974
952 23.267877059911108
953 90.30188305241893
954 40.13487940641898
955 116.88604962048078
956 49.73396879820438
957 56.446696897972096
958 68.25984451474795
959 88.18027693955956
960 25.698413343955146
961 22.626465370409058
962 41.442427128901144
963 52.30197647919708
964 34.273209144710464
965 97.32490080231689
966 66.54100993017677
967 49.798383783066505
968 116.27345242268275
969 55.86981235157775
970 38.965508463763996
971 58.50998065956092
972 82.42845318442644
973 51.79442540552707
974 39.334097793141545
975 52.50800823624704
976 100.58224943512636
977 74.98758128014448
978 22.503700842526293
979 37.08263447867384
980 57.91102744178625
981 29.829234055669858
982 67.40989473166314
983 40.839517144699826
984 117.03251534754133
985 35.511549928900905
986 51.56204988805599
987 114.02892830862766
988 81.85518276611003
989 82.87484234967138
990 37.57472982461668
991 103.42297200821511
992 64.11263741888123
993 117.34149576091481
994 110.77641771777434
995 48.37285443159195
996 94.75133096610168
997 55.90985704166848
998 86.72193591635927
999 70.11958335455955
0 1
0 71
0 111
0 264
0 410
0 435
0 510
0 564
0 594
0 603
0 836
0 902
0 924
0 994
1 2
1 93
1 200
1 382
1 430
1 432
1 484
1 557
1 631
1 745
1 861
1 965
1 976
1 998
2 3
2 31
2 76
2 129
2 177
2 222
2 377
2 520
2 538
2 586
2 595
2 669
3 4
3 25
3 95
3 109
3 231
3 235
3 492
3 653
3 682
3 701
3 704
3 736
3 848
3 875
3 894
3 916
4 5
4 11
4 136
4 242
4 266
4 289
4 469
4 589
4 590
4 647
4 828
4 968
5 6
5 95
5 154
5 252
5 387
5 419
5 481
5 502
5 550
5 689
5 722
5 724
5 851
6 7
6 163
6 236
6 254
6 270
6 324
6 389
6 398
6 454
6 463
6 511
6 528
6 539
6 543
6 548
6 727
6 760
6 764
6 781
6 792
6 842
6 964
7 8
7 147
7 188
7 226
7 255
7 371
7 428
7 503
7 705
7 719
7 859
7 871
7 889
7 938
8 9
8 44
8 56
8 78
8 244
8 301
8 313
8 328
8 490
8 517
8 565
8 654
8 724
8 764
8 780
8 893
9 10
9 87
9 213
9 276
9 277
9 324
9 508
9 596
9 715
9 720
9 772
9 809
9 886
9 898
10 11
10 117
10 270
10 286
10 373
10 393
10 565
10 908
11 12
11 162
11 217
11 247
11 311
11 315
11 613
11 696
11 938
12 13
12 91
12 143
12 198
12 228
12 257
12 389
12 446
12 505
12 564
12 584
12 627
12 670
12 931
12 947
12 966
13 14
13 29
13 128
13 206
13 269
13 286
13 330
13 347
13 360
13 412
13 489
13 532
13 545
14 15
14 32
14 91
14 246
14 270
14 307
14 395
14 399
14 425
14 431
14 536
14 548
14 579
14 603
14 623
14 626
14 711
14 754
14 770
14 797
14 821
14 953
15 16
15 21
15 97
15 122
15 143
15 276
15 309
15 413
15 414
15 420
15 470
15 489
15 499
15 509
15 610
15 612
15 645
15 710
15 712
15 764
15 913
16 17
16 78
16 268
16 270
16 340
16 389
16 488
16 581
16 591
16 632
16 643
16 936
17 18
17 33
17 158
17 263
17 377
17 431
17 666
17 715
17 735
17 787
17 795
17 930
18 19
18 101
18 193
18 313
18 366
18 390
18 426
18 432
18 525
18 565
18 592
18 618
18 644
18 693
18 731
18 785
18 793
18 885
19 20
19 214
19 235
19 298
19 306
19 458
19 693
19 738
19 741
19 762
19 767
19 949
19 985
20 21
20 199
20 212
20 259
20 390
20 502
20 608
20 617
20 669
20 962
20 989
21 22
21 153
21 190
21 275
21 398
21 428
21 466
21 497
21 500
21 525
21 589
21 601
21 703
21 750
21 812
21 866
21 889
21 915
21 927
22 23
22 222
22 225
22 259
22 377
22 661
22 815
22 837
22 881
22 953
22 957
23 24
23 89
23 172
23 224
23 227
23 322
23 360
23 475
23 531
23 800
23 876
23 879
23 922
23 980
24 25
24 63
24 327
24 345
24 416
24 439
24 486
24 544
24 562
24 591
24 673
24 721
24 808
24 955
25 26
25 206
25 218
25 289
25 364
25 387
25 392
25 412
25 432
25 452
25 531
25 602
25 676
25 683
25 939
26 27
26 34
26 167
26 187
26 238
26 410
26 451
26 495
26 513
26 593
26 814
26 862
26 888
26 909
26 994
27 28
27 345
27 372
27 464
27 522
27 541
27 543
27 665
27 668
27 693
27 701
27 711
27 914
27 945
28 29
28 81
28 131
28 177
28 203
28 291
28 359
28 438
28 604
28 631
28 650
28 664
28 703
28 852
28 876
29 30
29 172
29 178
29 214
29 365
29 379
29 428
29 470
29 824
29 936
30 31
30 249
30 393
30 499
30 587
30 622
30 687
30 724
30 801
30 819
30 839
30 843
31 32
31 281
31 357
31 385
31 387
31 554
31 568
31 707
31 713
31 731
31 777
31 876
31 945
32 33
32 84
32 96
32 406
32 435
32 570
32 584
32 784
32 853
32 859
32 988
33 34
33 77
33 130
33 303
33 406
33 551
33 566
33 674
33 709
33 779
33 925
33 946
33 982
34 35
34 69
34 95
34 271
34 338
34 378
34 520
34 532
34 543
34 676
34 730
34 774
34 884
34 971
35 36
35 188
35 205
35 255
35 300
35 362
35 424
35 431
35 462
35 491
35 793
35 894
35 938
35 973
35 976
36 37
36 109
36 136
36 221
36 247
36 306
36 384
36 422
36 443
36 654
36 713
36 742
36 810
36 847
36 869
36 990
37 38
37 75
37 259
37 450
37 463
37 483
37 609
37 764
37 766
37 904
37 979
38 39
38 140
38 226
38 458
38 651
38 771
38 814
38 819
38 887
39 40
39 60
39 215
39 223
39 239
39 242
39 271
39 335
39 390
39 392
39 459
39 639
39 758
39 812
39 841
40 41
40 65
40 363
40 460
40 506
40 614
40 743
40 750
40 755
40 780
40 875
40 893
40 935
40 966
40 999
41 42
41 104
41 158
41 246
41 368
41 374
41 505
41 716
41 791
41 816
41 906
41 995
42 43
42 131
42 142
42 347
42 497
42 659
42 750
42 809
42 853
42 864
42 869
42 878
42 972
43 44
43 79
43 152
43 210
43 297
43 431
43 463
43 506
43 624
43 657
43 770
43 842
43 847
43 935
43 939
44 45
44 49
44 50
44 129
44 177
44 236
44 260
44 288
44 387
44 441
44 528
44 670
44 796
44 874
44 901
44 965
44 978
45 46
45 83
45 312
45 495
45 538
45 696
45 901
45 926
46 47
46 84
46 118
46 200
46 299
46 305
46 310
46 324
46 621
46 637
46 732
46 738
46 970
47 48
47 109
47 167
47 168
47 234
47 240
47 255
47 277
47 431
47 433
47 493
47 557
47 721
47 734
47 820
47 849
47 889
47 932
47 952
48 49
48 159
48 349
48 430
48 543
48 564
48 618
48 668
48 769
48 828
48 881
48 914
49 50
49 88
49 127
49 210
49 350
49 365
49 421
49 471
49 494
49 562
49 735
49 742
49 763
49 781
49 787
49 820
49 827
49 971
50 51
50 209
50 264
50 304
50 346
50 398
50 442
50 479
50 496
50 552
50 756
50 769
50 779
50 902
50 998
51 52
51 104
51 222
51 318
51 401
51 453
51 507
51 521
51 562
51 618
51 639
51 672
51 776
51 881
51 921
51 952
52 53
52 195
52 248
52 299
52 334
52 345
52 446
52 517
52 554
52 835
52 853
52 879
53 54
53 99
53 105
53 118
53 194
53 262
53 290
53 539
53 783
53 820
53 850
53 858
53 870
53 929
54 55
54 96
54 450
54 473
54 518
54 529
54 582
54 697
54 734
54 910
54 946
55 56
55 95
55 151
55 324
55 361
55 367
55 393
55 430
55 510
55 656
55 670
55 760
55 889
55 994
56 57
56 83
56 158
56 270
56 329
56 336
56 362
56 412
56 458
56 575
56 658
56 949
56 967
57 58
57 132
57 159
57 414
57 572
57 632
57 812
57 824
57 880
57 902
57 905
57 997
58 59
58 101
58 224
58 225
58 256
58 338
58 434
58 526
58 752
58 768
58 872
58 961
58 980
59 60
59 95
59 176
59 201
59 237
59 252
59 307
59 357
59 417
59 498
59 727
59 846
59 847
59 978
60 61
60 79
60 206
60 242
60 278
60 339
60 404
60 418
60 455
60 459
60 599
60 631
60 642
60 664
60 755
60 770
60 785
60 818
60 853
61 62
61 139
61 159
61 219
61 263
61 279
61 466
61 484
61 578
61 767
61 788
61 798
61 868
61 926
62 63
62 69
62 111
62 166
62 170
62 216
62 260
62 272
62 273
62 313
62 338
62 432
62 644
62 739
62 773
62 789
62 857
62 926
63 64
63 75
63 109
63 113
63 246
63 280
63 288
63 432
63 446
63 469
63 490
63 601
63 896
63 926
63 931
63 945
63 997
64 65
64 169
64 181
64 235
64 457
64 529
64 532
64 675
64 697
64 704
64 838
64 869
64 949
65 66
65 178
65 221
65 230
65 244
65 352
65 429
65 501
65 573
65 577
65 593
65 621
65 874
66 67
66 289
66 341
66 452
66 530
66 654
66 659
66 675
66 684
66 792
66 856
66 929
66 986
67 68
67 126
67 169
67 271
67 332
67 474
67 502
67 558
67 591
67 624
67 670
67 713
67 753
67 795
67 871
67 889
68 69
68 124
68 208
68 283
68 364
68 416
68 447
68 512
68 601
68 670
68 808
68 830
68 847
68 848
68 947
68 957
68 965
69 70
69 98
69 132
69 159
69 188
69 193
69 224
69 282
69 309
69 465
69 579
69 704
69 741
69 785
69 872
69 909
69 947
70 71
70 94
70 97
70 117
70 129
70 156
70 177
70 196
70 228
70 245
70 311
70 350
70 533
70 663
70 716
71 72
71 90
71 112
71 313
71 334
71 351
71 404
71 578
71 714
71 874
71 926
71 928
72 73
72 102
72 129
72 216
72 283
72 431
72 453
72 530
72 564
72 647
72 957
72 976
72 977
73 74
73 106
73 120
73 172
73 198
73 254
73 268
73 283
73 333
73 364
73 415
73 535
73 888
74 75
74 233
74 276
74 358
74 419
74 524
74 581
74 636
74 648
74 652
74 709
74 728
75 76
75 142
75 342
75 346
75 490
75 629
75 703
75 704
75 733
75 814
75 823
75 852
75 853
75 874
75 961
75 964
75 990
76 77
76 410
76 413
76 429
76 550
76 552
76 581
76 631
76 807
76 867
76 990
77 78
77 501
77 632
77 693
77 699
77 711
77 734
77 740
77 772
77 789
77 882
77 934
78 79
78 133
78 332
78 342
78 377
78 417
78 466
78 489
78 523
78 570
78 656
78 837
78 949
78 997
79 80
79 107
79 117
79 185
79 376
79 416
79 456
79 457
79 495
79 555
79 632
79 684
79 850
79 979
80 81
80 100
80 288
80 391
80 420
80 437
80 520
80 602
80 854
80 865
80 882
80 957
81 82
81 93
81 126
81 177
81 258
81 342
81 372
81 453
81 459
81 490
81 535
81 701
81 736
81 771
81 797
81 816
81 839
81 967
82 83
82 361
82 396
82 759
82 780
82 820
82 844
82 916
82 934
83 84
83 148
83 205
83 275
83 285
83 354
83 497
83 500
83 508
83 563
83 686
83 798
83 825
83 839
83 879
83 984
83 986
84 85
84 88
84 138
84 250
84 301
84 365
84 427
84 483
84 518
84 561
84 695
84 766
84 812
84 833
84 855
84 974
85 86
85 126
85 171
85 198
85 220
85 254
85 332
85 354
85 402
85 408
85 423
85 474
85 496
85 508
85 514
85 548
85 573
85 605
85 643
85 750
85 753
85 837
85 949
86 87
86 107
86 139
86 228
86 242
86 293
86 330
86 376
86 416
86 435
86 478
86 493
86 549
86 630
86 697
86 776
86 799
86 859
86 995
87 88
87 153
87 160
87 175
87 189
87 336
87 390
87 491
87 515
87 579
87 639
87 660
87 804
88 89
88 98
88 210
88 223
88 261
88 408
88 508
88 513
88 522
88 553
88 557
88 571
88 591
88 677
88 808
88 915
88 942
89 90
89 310
89 425
89 452
89 508
89 520
89 618
89 623
89 634
89 725
89 802
89 833
89 936
89 973
90 91
90 172
90 233
90 244
90 340
90 401
90 403
90 684
90 688
90 786
90 865
90 879
90 979
91 92
91 115
91 151
91 505
91 628
91 659
91 777
92 93
92 127
92 143
92 149
92 175
92 202
92 307
92 402
92 676
92 817
92 834
93 94
93 96
93 246
93 269
93 382
93 391
93 444
93 522
93 524
93 533
93 551
93 553
93 556
93 583
93 592
93 629
93 680
93 698
93 735
93 766
93 799
93 819
93 834
93 846
93 924
94 95
94 127
94 138
94 242
94 385
94 515
94 550
94 566
94 593
94 766
94 813
94 816
94 820
94 826
94 902
95 96
95 253
95 341
95 391
95 497
95 631
95 645
95 802
96 97
96 220
96 313
96 318
96 402
96 634
96 697
96 967
97 98
97 334
97 440
97 544
97 609
97 618
97 717
97 730
97 837
97 863
98 99
98 126
98 421
98 479
98 503
98 568
98 575
98 601
98 602
98 652
98 709
98 900
99 100
99 206
99 211
99 397
99 400
99 485
99 492
99 623
99 856
99 908
99 988
100 101
100 148
100 238
100 280
100 320
100 330
100 501
100 590
100 755
100 896
100 955
101 102
101 117
101 237
101 330
101 333
101 378
101 404
101 516
101 606
101 645
101 735
101 788
101 791
101 880
101 929
101 983
102 103
102 279
102 530
102 534
102 598
102 623
102 725
102 779
102 862
102 863
102 963
103 104
103 131
103 457
103 591
103 616
103 656
103 662
103 745
103 813
103 915
103 940
103 952
103 999
104 105
104 175
104 190
104 261
104 301
104 361
104 622
104 747
104 754
104 762
105 106
105 224
105 238
105 270
105 391
105 394
105 612
105 648
105 649
105 728
105 825
106 107
106 115
106 125
106 134
106 322
106 383
106 461
106 549
106 634
106 655
106 675
106 689
106 701
106 753
106 836
106 874
107 108
107 156
107 347
107 362
107 378
107 448
107 510
107 587
107 677
107 737
107 879
107 952
107 967
108 109
108 115
108 130
108 144
108 186
108 211
108 375
108 583
108 639
108 691
108 880
108 886
109 110
109 116
109 291
109 506
109 667
109 669
109 749
109 854
109 884
109 928
110 111
110 116
110 134
110 223
110 241
110 258
110 285
110 294
110 381
110 472
110 526
110 597
110 648
110 726
110 748
110 758
110 775
110 779
110 898
110 955
111 112
111 338
111 382
111 430
111 503
111 509
111 591
111 717
111 916
111 936
111 962
112 113
112 277
112 281
112 289
112 320
112 331
112 462
112 473
112 525
112 618
112 656
112 693
112 793
112 806
112 830
112 831
112 890
113 114
113 151
113 236
113 445
113 842
113 921
114 115
114 142
114 201
114 318
114 330
114 349
114 359
114 390
114 437
114 472
114 518
114 650
114 720
114 721
114 822
114 859
114 874
114 887
114 947
114 988
115 116
115 127
115 137
115 187
115 246
115 352
115 355
115 364
115 426
115 579
115 755
115 848
115 934
115 976
116 117
116 122
116 152
116 219
116 574
116 584
116 738
116 887
116 910
116 928
116 981
117 118
117 137
117 393
117 506
117 534
117 567
117 646
117 684
117 736
117 814
117 839
117 847
117 873
118 119
118 150
118 175
118 176
118 255
118 264
118 381
118 402
118 424
118 566
118 638
118 774
118 779
118 837
118 862
118 981
119 120
119 141
119 204
119 260
119 269
119 409
119 423
119 431
119 445
119 498
119 626
119 722
119 849
119 893
120 121
120 140
120 191
120 199
120 215
120 222
120 239
120 263
120 283
120 306
120 355
120 408
120 437
120 666
120 700
120 737
120 816
120 930
120 940
121 122
121 184
121 245
121 256
121 260
121 304
121 370
121 515
121 555
121 591
121 652
121 654
121 701
121 919
122 123
122 214
122 419
122 473
122 484
122 506
122 686
122 729
122 769
122 815
122 864
122 915
122 976
123 124
123 301
123 312
123 314
123 412
123 490
123 569
123 603
123 614
123 637
123 696
123 794
123 879
123 973
123 980
123 989
124 125
124 147
124 157
124 320
124 340
124 376
124 447
124 514
124 740
124 866
124 992
125 126
125 147
125 151
125 318
125 387
125 409
125 423
125 441
125 466
125 487
125 555
125 599
125 729
125 931
125 943
126 127
126 238
126 469
126 568
126 621
126 672
126 710
126 817
126 851
127 128
127 179
127 289
127 338
127 417
127 605
127 954
128 129
128 151
128 163
128 171
128 206
128 215
128 219
128 280
128 456
128 481
128 520
128 539
128 608
128 641
128 664
128 816
128 887
128 983
129 130
129 138
129 187
129 209
129 234
129 292
129 303
129 368
129 407
129 532
129 740
129 822
129 848
129 851
129 854
129 874
129 917
129 940
129 960
130 131
130 136
130 203
130 207
130 211
130 217
130 293
130 396
130 412
130 429
130 527
130 562
130 645
130 707
130 734
130 737
130 858
130 872
130 888
130 902
130 928
130 933
131 132
131 237
131 240
131 366
131 466
131 479
131 511
131 527
131 655
131 701
131 716
131 719
131 843
131 855
131 885
131 918
132 133
132 181
132 193
132 216
132 217
132 279
132 330
132 492
132 511
132 515
132 519
132 668
132 772
132 875
132 893
132 899
132 955
132 958
132 996
133 134
133 275
133 289
133 408
133 417
133 462
133 477
133 478
133 531
133 533
133 584
133 613
133 679
133 697
133 797
133 884
133 945
134 135
134 249
134 337
134 362
134 380
134 383
134 410
134 421
134 509
134 527
134 531
134 580
134 594
134 617
134 621
134 626
134 638
134 727
134 730
134 763
134 868
135 136
135 263
135 296
135 318
135 352
135 407
135 480
135 551
135 649
135 800
135 855
135 936
136 137
136 152
136 191
136 194
136 213
136 346
136 371
136 393
136 569
136 596
136 642
136 678
136 801
136 885
137 138
137 235
137 312
137 315
137 492
137 662
137 671
137 689
137 695
137 696
137 752
137 846
137 880
137 900
138 139
138 215
138 338
138 362
138 565
138 638
138 678
138 727
138 819
139 140
139 205
139 320
139 409
139 428
139 436
139 451
139 686
139 839
139 852
139 919
139 983
140 141
140 158
140 245
140 256
140 342
140 352
140 389
140 404
140 413
140 565
140 754
140 850
140 858
140 981
141 142
141 178
141 234
141 432
141 447
141 500
141 528
141 669
141 715
141 718
141 752
141 769
141 801
141 929
142 143
142 146
142 178
142 265
142 274
142 282
142 300
142 302
142 573
142 640
142 853
142 894
142 968
142 981
143 144
143 175
143 177
143 186
143 296
143 454
143 479
143 552
143 578
143 812
143 833
143 861
144 145
144 229
144 459
144 504
144 757
144 762
144 927
144 967
145 146
145 261
145 311
145 342
145 398
145 429
145 450
145 514
145 577
145 589
145 604
145 612
145 659
145 694
145 758
145 858
146 147
146 178
146 193
146 611
146 624
146 637
146 698
146 751
146 787
146 818
146 903
146 920
146 923
147 148
147 244
147 307
147 463
147 543
147 608
147 676
147 680
147 732
147 771
147 853
147 932
147 964
148 149
148 302
148 320
148 434
148 451
148 537
148 573
148 678
148 699
148 708
148 749
148 920
148 952
148 958
149 150
149 233
149 256
149 324
149 688
149 791
150 151
150 165
150 198
150 229
150 310
150 346
150 382
150 428
150 546
150 580
150 694
150 785
150 800
150 838
150 858
150 929
151 152
151 196
151 242
151 252
151 344
151 366
151 550
151 821
151 847
151 851
151 912
151 932
151 937
152 153
152 204
152 209
152 251
152 335
152 380
152 403
152 411
152 432
152 451
152 486
152 561
152 588
152 610
152 611
152 673
152 708
152 710
152 766
152 842
152 855
153 154
153 223
153 294
153 363
153 373
153 496
153 504
153 587
153 628
153 667
153 719
153 747
153 754
153 853
153 897
153 983
153 985
154 155
154 181
154 235
154 349
154 409
154 557
154 567
154 647
154 684
154 721
154 910
154 958
155 156
155 246
155 304
155 436
155 468
155 469
155 492
155 523
155 657
155 861
156 157
156 178
156 212
156 246
156 316
156 530
156 557
156 687
156 757
156 790
156 835
157 158
157 243
157 551
157 589
157 708
157 741
157 771
157 800
157 859
158 159
158 238
158 286
158 328
158 418
158 428
158 520
158 661
158 747
158 748
158 941
158 958
159 160
159 235
159 301
159 302
159 408
159 434
159 641
159 671
159 710
159 788
159 868
159 884
159 959
159 995
160 161
160 368
160 426
160 644
160 937
161 162
161 189
161 207
161 269
161 372
161 390
161 426
161 432
161 450
162 163
162 198
162 216
162 270
162 304
162 343
162 398
162 441
162 463
162 560
162 581
162 688
162 790
162 838
162 930
163 164
163 303
163 775
163 829
163 979
164 165
164 169
164 218
164 337
164 339
164 371
164 425
164 482
164 485
164 516
164 552
164 626
164 760
164 819
164 845
164 915
165 166
165 243
165 293
165 555
165 692
165 787
165 868
165 899
165 911
165 976
166 167
166 194
166 266
166 350
166 368
166 434
166 453
166 676
166 714
166 725
166 762
166 865
166 910
166 942
166 967
167 168
167 170
167 196
167 215
167 241
167 373
167 404
167 508
167 519
167 573
167 730
167 772
167 847
168 169
168 195
168 237
168 300
168 400
168 410
168 515
168 687
168 808
168 864
169 170
169 261
169 390
169 683
169 747
169 830
169 895
169 959
169 979
170 171
170 331
170 380
170 409
170 536
170 576
170 625
170 626
170 752
170 754
170 758
170 956
170 962
171 172
171 354
171 547
171 669
171 734
171 736
171 906
171 966
171 995
172 173
172 176
172 306
172 348
172 492
172 606
172 704
172 772
172 824
172 950
173 174
173 236
173 301
173 333
173 377
173 500
173 556
173 574
173 703
173 820
173 940
173 957
174 175
174 349
174 360
174 428
174 444
174 621
174 638
174 989
174 999
175 176
175 180
175 264
175 313
175 364
175 395
175 563
175 602
175 835
175 847
175 858
175 882
176 177
176 189
176 278
176 441
176 451
176 511
176 539
176 692
176 755
176 815
177 178
177 371
177 395
177 415
177 463
177 513
177 559
177 605
177 614
177 686
177 755
177 823
177 862
177 941
177 967
177 992
178 179
178 232
178 351
178 412
178 497
178 549
178 574
178 664
178 870
179 180
179 223
179 318
179 373
179 433
179 446
179 517
179 596
179 744
179 833
179 948
179 973
180 181
180 230
180 248
180 314
180 345
180 351
180 373
180 383
180 414
180 631
180 646
180 677
180 690
180 718
180 723
180 775
180 825
180 932
181 182
181 193
181 318
181 344
181 611
181 635
181 705
181 784
181 831
181 936
182 183
182 218
182 293
182 316
182 333
182 370
182 782
182 969
182 990
183 184
183 283
183 285
183 293
183 488
183 496
183 573
183 635
183 686
183 726
183 743
183 918
183 945
183 959
183 964
184 185
184 201
184 211
184 240
184 357
184 492
184 569
184 650
184 714
184 722
184 804
184 816
184 882
185 186
185 190
185 218
185 287
185 436
185 617
185 686
185 839
185 970
185 973
186 187
186 365
186 387
186 427
186 448
186 449
186 496
186 516
186 551
186 703
186 950
187 188
187 254
187 294
187 313
187 500
187 503
187 585
187 677
187 725
187 743
187 786
187 851
187 874
187 937
188 189
188 229
188 334
188 364
188 572
188 633
188 752
188 843
189 190
189 277
189 346
189 485
189 591
189 692
189 705
189 706
189 749
189 978
189 996
190 191
190 363
190 430
190 446
190 567
190 630
190 695
190 785
190 834
190 894
191 192
191 241
191 297
191 406
191 424
191 504
191 536
191 855
191 863
191 881
192 193
192 207
192 299
192 383
192 384
192 594
192 617
192 860
192 874
192 966
192 970
193 194
193 250
193 333
193 337
193 437
193 531
193 549
193 586
193 743
193 754
194 195
194 287
194 311
194 333
194 415
194 436
194 483
194 504
194 519
194 604
194 656
194 712
194 801
194 939
194 961
194 991
195 196
195 250
195 309
195 367
195 532
195 555
195 577
195 698
195 767
195 826
195 854
195 902
195 983
196 197
196 260
196 354
196 426
196 445
196 475
196 577
196 701
197 198
197 199
197 421
197 485
197 504
197 550
197 589
197 633
197 727
197 755
197 766
197 841
197 955
197 972
198 199
198 285
198 330
198 349
198 431
198 536
198 538
198 571
198 612
198 627
198 643
198 704
199 200
199 302
199 358
199 547
199 552
199 561
199 644
199 692
199 813
199 909
199 975
199 976
200 201
200 237
200 261
200 324
200 495
200 547
200 652
200 715
200 726
200 887
201 202
201 265
201 294
201 429
201 491
201 656
201 689
201 772
201 775
202 203
202 307
202 329
202 340
202 397
202 412
202 545
202 595
202 640
202 780
202 851
202 864
202 976
203 204
203 215
203 265
203 369
203 452
203 513
203 531
203 658
203 784
203 943
203 981
203 983
204 205
204 234
204 294
204 298
204 375
204 397
204 539
204 596
204 604
204 653
204 659
204 855
204 909
204 948
204 986
205 206
205 276
205 291
205 325
205 369
205 400
205 405
205 466
205 556
205 635
205 687
205 878
205 954
205 956
205 997
206 207
206 212
206 271
206 379
206 409
206 418
206 488
206 563
206 592
206 788
206 796
206 824
206 835
206 993
207 208
207 320
207 379
207 490
207 509
207 595
207 711
207 719
207 771
207 829
207 846
208 209
208 224
208 236
208 311
208 361
208 532
208 688
208 704
208 743
208 777
208 806
208 823
208 824
208 950
209 210
209 320
209 329
209 352
209 421
209 430
209 451
209 501
209 532
209 570
209 769
209 814
209 824
209 840
209 856
209 867
209 914
209 958
209 989
210 211
210 391
210 433
210 468
210 485
210 517
210 550
210 657
210 760
210 785
210 845
210 877
210 887
210 961
210 992
211 212
211 235
211 404
211 445
211 581
211 590
211 620
211 740
211 859
211 997
212 213
212 268
212 295
212 313
212 411
212 490
212 727
212 988
213 214
213 297
213 314
213 392
213 439
213 512
213 568
213 653
213 657
213 682
213 719
213 726
213 735
213 821
213 873
213 906
213 959
213 993
213 994
214 215
214 288
214 374
214 383
214 599
214 608
214 633
214 752
214 789
214 873
215 216
215 242
215 324
215 354
215 463
215 528
215 570
215 640
215 657
215 749
215 767
215 863
215 877
215 906
215 922
215 992
216 217
216 275
216 379
216 426
216 465
216 496
216 504
216 671
216 691
216 699
216 742
216 928
217 218
217 227
217 230
217 515
217 630
217 649
217 705
217 734
217 770
217 791
217 819
217 933
217 955
218 219
218 220
218 282
218 287
218 318
218 421
218 473
218 521
218 532
218 586
218 645
218 710
218 752
218 789
218 823
218 886
219 220
219 228
219 238
219 344
219 358
219 384
219 392
219 404
219 519
219 599
219 710
219 745
219 864
219 922
219 965
219 997
220 221
220 316
220 373
220 388
220 415
220 480
220 496
220 599
220 624
220 681
220 711
220 896
220 904
220 918
220 956
221 222
221 311
221 319
221 328
221 331
221 384
221 404
221 432
221 434
221 550
221 874
222 223
222 313
222 396
222 442
222 828
222 839
222 840
222 990
223 224
223 229
223 342
223 466
223 610
223 684
223 765
223 769
223 812
223 835
223 884
223 920
224 225
224 302
224 348
224 349
224 417
224 519
224 574
224 683
224 924
224 940
224 955
225 226
225 255
225 419
225 581
225 615
225 745
225 865
225 881
225 954
225 989
226 227
226 308
226 321
226 349
226 490
226 573
226 665
226 760
227 228
227 234
227 271
227 285
227 308
227 320
227 330
227 450
227 496
227 715
227 812
227 865
227 984
228 229
228 278
228 437
228 459
228 471
228 620
228 674
228 701
228 719
228 768
228 781
228 791
228 795
228 819
229 230
229 392
229 449
229 475
229 511
229 712
229 810
229 911
229 951
229 959
230 231
230 315
230 440
230 453
230 470
230 797
230 822
230 918
230 943
231 232
231 249
231 320
231 358
231 365
231 388
231 400
231 434
231 508
231 736
231 852
231 890
231 939
231 986
232 233
232 250
232 256
232 264
232 339
232 355
232 358
232 380
232 455
232 473
232 489
232 576
232 688
232 702
233 234
233 316
233 320
233 362
233 416
233 442
233 452
234 235
234 375
234 382
234 407
234 411
234 473
234 580
234 640
234 684
234 980
235 236
235 264
235 286
235 392
235 459
235 510
235 683
235 790
235 899
235 900
235 918
235 973
236 237
236 408
236 460
236 638
236 717
236 729
236 754
236 777
236 816
236 833
236 853
236 873
237 238
237 267
237 389
237 461
237 475
237 513
237 635
237 693
237 792
237 981
238 239
238 271
238 286
238 291
238 484
238 488
238 517
238 567
238 570
238 595
238 630
238 638
238 682
238 687
238 700
238 718
238 740
238 843
238 926
238 942
239 240
239 280
239 668
239 670
239 708
239 740
239 766
239 829
240 241
240 245
240 526
240 535
240 543
240 574
240 618
240 623
240 703
240 841
241 242
241 285
241 298
241 419
241 828
241 844
241 867
241 917
241 983
242 243
242 264
242 319
242 330
242 332
242 460
242 483
242 572
242 654
242 655
242 702
242 787
242 793
242 810
243 244
243 245
243 261
243 488
243 663
243 738
243 764
243 873
243 901
243 938
243 959
244 245
244 297
244 326
244 342
244 351
244 410
244 516
244 633
244 648
244 797
244 837
244 906
244 956
245 246
245 448
245 601
245 661
245 723
245 727
245 732
245 791
245 838
245 986
246 247
246 263
246 684
246 754
246 793
246 923
246 990
247 248
247 327
247 512
247 588
247 788
247 813
247 867
247 896
247 902
247 945
248 249
248 288
248 342
248 388
248 490
248 560
248 562
248 706
248 849
248 891
248 920
248 947
249 250
249 534
249 617
249 709
249 729
249 831
249 832
249 874
249 876
249 882
249 893
250 251
250 283
250 312
250 434
250 461
250 625
250 652
250 725
250 850
251 252
251 288
251 383
251 407
251 431
251 780
251 794
251 799
251 877
251 915
251 929
251 948
251 961
252 253
252 465
252 469
252 487
252 554
252 596
252 616
252 725
252 814
252 827
252 849
253 254
253 373
253 467
253 477
253 593
253 604
253 702
253 955
253 956
254 255
254 272
254 455
254 468
254 486
254 530
254 610
254 675
254 771
254 820
254 831
254 843
254 921
254 980
255 256
255 451
255 489
255 640
255 797
255 805
255 828
256 257
256 371
256 406
256 474
256 582
256 591
256 615
256 734
256 830
256 844
256 854
256 873
256 921
257 258
257 291
257 297
257 445
257 477
257 512
257 592
257 616
257 645
257 657
257 669
257 676
257 703
257 868
257 952
257 960
258 259
258 264
258 277
258 396
258 446
258 545
258 600
258 618
258 693
258 877
258 923
258 951
258 985
259 260
259 419
259 556
259 665
259 784
259 867
260 261
260 331
260 400
260 814
260 847
260 929
260 943
261 262
261 399
261 452
261 487
261 559
261 607
261 651
261 667
261 710
261 802
261 804
261 838
261 892
261 929
261 998
262 263
262 363
262 543
262 572
262 602
262 712
262 893
263 264
263 346
263 380
263 404
263 433
263 588
263 803
263 862
263 922
263 927
264 265
264 284
264 299
264 330
264 375
264 408
264 436
264 450
264 491
264 550
264 627
264 632
264 665
264 708
264 769
264 903
264 905
265 266
265 271
265 404
265 420
265 525
265 605
265 719
265 721
265 726
265 750
265 771
265 787
265 866
265 888
266 267
266 374
266 491
266 492
266 542
266 547
266 621
266 663
266 746
266 764
266 812
266 925
266 951
266 984
267 268
267 327
267 525
267 566
267 575
267 642
267 824
267 934
268 269
268 281
268 321
268 322
268 526
268 593
268 612
268 864
268 872
268 983
269 270
269 305
269 520
269 532
269 587
269 624
269 662
269 868
269 886
269 954
270 271
270 295
270 529
270 531
270 555
270 609
270 730
270 787
270 855
270 903
271 272
271 370
271 451
271 469
271 539
271 560
271 629
271 638
271 661
271 679
271 701
271 708
271 721
271 729
271 747
272 273
272 283
272 388
272 429
272 454
272 507
272 515
272 519
272 594
272 651
272 750
272 819
272 942
273 274
273 327
273 406
273 450
273 521
273 585
273 710
273 731
273 808
273 961
274 275
274 304
274 321
274 383
274 481
274 537
274 570
274 598
274 652
274 722
274 780
274 817
274 879
274 945
274 949
274 956
274 986
275 276
275 374
275 448
275 455
275 523
275 672
275 706
275 753
275 767
275 804
275 895
276 277
276 327
276 329
276 431
276 481
276 508
276 531
276 533
276 590
276 693
276 750
276 767
276 770
276 876
277 278
277 402
277 647
277 650
277 658
277 826
277 834
277 870
277 916
277 933
277 952
278 279
278 342
278 443
278 470
278 472
278 643
278 762
278 820
278 924
279 280
279 294
279 396
279 412
279 472
279 473
279 479
279 506
279 592
279 712
279 757
279 816
279 858
279 970
279 994
279 996
280 281
280 283
280 546
280 613
280 664
280 749
280 761
280 956
280 983
280 987
281 282
281 408
281 412
281 417
281 432
281 473
281 523
281 842
281 843
282 283
282 296
282 315
282 319
282 400
282 455
282 495
282 506
282 600
282 623
282 796
282 810
282 979
283 284
283 319
283 395
283 415
283 467
283 523
283 587
283 784
283 799
283 851
283 900
283 932
284 285
284 433
284 451
284 535
284 563
284 684
284 929
285 286
285 305
285 404
285 456
285 549
285 602
285 797
285 824
285 854
285 903
286 287
286 389
286 459
286 463
286 519
286 565
286 639
286 680
286 688
286 759
286 810
286 912
286 922
286 944
286 986
287 288
287 424
287 669
287 753
287 777
287 819
287 899
287 916
288 289
288 419
288 526
288 710
288 722
288 910
288 992
289 290
289 301
289 368
289 513
289 540
289 551
289 688
289 703
289 759
289 781
289 967
290 291
290 409
290 416
290 428
290 551
290 632
290 742
290 765
290 792
290 822
290 827
290 856
290 993
290 994
291 292
291 337
291 405
291 406
291 442
291 460
291 491
291 496
291 645
291 742
291 750
292 293
292 315
292 434
292 443
292 476
292 586
292 607
292 621
292 632
292 667
292 732
292 765
292 902
292 977
293 294
293 404
293 458
293 483
293 521
293 622
293 761
293 823
293 824
293 826
293 855
293 961
293 993
294 295
294 305
294 365
294 461
294 489
294 542
294 620
294 657
294 679
294 706
294 989
294 991
295 296
295 363
295 531
295 633
295 683
295 743
295 875
295 892
296 297
296 397
296 481
296 537
296 591
296 657
296 993
297 298
297 441
297 701
297 739
297 906
297 937
297 959
298 299
298 332
298 413
298 557
298 615
298 618
298 749
298 753
298 763
298 796
298 814
298 820
298 873
298 890
299 300
299 419
299 510
299 511
299 522
299 533
299 605
299 694
299 768
299 850
299 865
300 301
300 312
300 335
300 503
300 599
300 602
300 695
300 955
301 302
301 419
301 442
301 483
301 488
301 536
301 797
301 823
301 880
301 964
302 303
302 426
302 459
302 494
302 510
302 623
302 774
302 838
302 946
302 987
303 304
303 332
303 443
303 513
303 582
303 650
303 719
303 738
303 805
303 817
303 851
303 920
303 991
304 305
304 330
304 395
304 423
304 520
304 565
304 693
304 721
304 738
304 894
305 306
305 633
305 797
305 814
305 982
305 991
305 993
306 307
306 355
306 367
306 566
306 567
306 647
306 688
306 704
306 807
306 815
306 860
306 948
307 308
307 313
307 332
307 374
307 388
307 522
307 523
307 590
307 621
307 684
307 686
307 811
307 875
307 939
308 309
308 324
308 325
308 510
308 557
308 627
308 748
308 830
308 855
308 931
308 962
309 310
309 370
309 383
309 530
309 561
309 645
309 719
309 845
309 925
309 934
309 966
310 311
310 336
310 363
310 452
310 641
310 789
310 807
310 952
311 312
311 317
311 334
311 340
311 419
311 509
311 520
311 530
311 637
312 313
312 317
312 508
312 797
312 880
312 936
312 943
313 314
313 328
313 364
313 403
313 463
313 745
313 808
313 947
314 315
314 321
314 348
314 364
314 383
314 474
314 536
314 588
314 628
314 667
314 705
314 737
314 739
314 790
314 819
314 862
314 983
315 316
315 336
315 348
315 367
315 370
315 412
315 488
315 565
315 704
315 733
315 800
315 801
315 825
315 852
315 858
315 906
315 965
316 317
316 686
316 691
316 722
316 723
316 731
316 778
316 823
316 844
316 871
316 958
317 318
317 331
317 602
317 609
317 683
317 705
317 711
317 713
317 714
317 744
317 871
317 968
318 319
318 395
318 416
318 426
318 494
318 568
318 653
318 677
318 717
318 795
318 800
319 320
319 410
319 463
319 465
319 526
319 625
319 664
319 714
319 833
319 949
319 997
320 321
320 556
320 616
320 811
320 812
320 890
320 906
320 928
321 322
321 334
321 359
321 386
321 449
321 485
321 550
321 592
321 600
321 654
321 677
321 848
321 878
321 956
322 323
322 410
322 497
322 535
322 724
322 870
322 873
322 880
322 896
323 324
323 327
323 330
323 347
323 365
323 446
323 531
323 612
323 652
323 693
323 752
323 753
323 837
323 882
323 906
324 325
324 459
324 465
324 497
324 718
324 725
324 844
324 863
324 937
324 982
325 326
325 352
325 371
325 453
325 465
325 470
325 600
325 613
325 632
325 712
325 765
325 815
325 964
326 327
326 330
326 337
326 356
326 556
326 563
326 567
326 574
326 771
326 858
326 913
326 992
327 328
327 359
327 379
327 382
327 394
327 472
327 542
327 567
327 634
327 810
327 833
327 871
327 883
327 931
327 973
328 329
328 344
328 505
328 535
328 540
328 654
328 679
328 699
328 744
328 796
328 821
328 966
329 330
329 442
329 478
329 596
329 660
329 712
329 751
329 779
329 787
329 865
329 897
330 331
330 486
330 516
330 517
330 576
330 634
330 651
330 694
330 750
330 760
330 781
330 874
331 332
331 545
331 579
331 590
331 679
331 713
331 763
331 789
331 935
332 333
332 351
332 378
332 406
332 414
332 454
332 589
332 676
332 797
332 801
332 866
332 891
332 918
332 944
332 959
333 334
333 348
333 451
333 535
333 544
333 563
333 614
333 709
333 866
333 902
334 335
334 408
334 480
334 544
334 597
334 598
334 662
334 835
334 838
334 908
334 954
335 336
335 359
335 492
335 522
335 535
335 564
335 583
335 710
335 718
335 795
335 801
335 832
335 839
335 886
336 337
336 341
336 371
336 390
336 494
336 530
336 577
336 691
336 734
336 741
336 742
336 934
336 989
337 338
337 438
337 576
337 606
337 642
337 820
337 970
338 339
338 387
338 449
338 600
338 719
338 721
338 788
338 821
338 920
339 340
339 351
339 396
339 398
339 408
339 421
339 601
339 665
339 819
339 833
339 844
339 846
339 880
339 943
339 971
340 341
340 400
340 514
340 601
340 662
340 802
340 871
340 872
341 342
341 365
341 367
341 374
341 463
341 502
341 749
341 823
341 831
341 997
342 343
342 367
342 515
342 526
342 634
342 642
342 861
342 910
343 344
343 510
343 543
343 621
343 624
343 732
343 794
343 815
343 855
343 963
344 345
344 354
344 478
344 480
344 520
344 587
344 717
344 734
344 866
344 961
344 986
345 346
345 350
345 384
345 418
345 427
345 431
345 478
345 508
345 673
345 888
346 347
346 409
346 509
346 546
346 567
346 696
346 734
346 823
346 836
346 839
346 970
347 348
347 375
347 473
347 625
347 674
347 679
347 764
347 787
347 874
348 349
348 440
349 350
349 399
349 444
349 503
349 543
349 631
349 789
349 871
349 911
349 995
350 351
350 362
350 436
350 464
350 503
350 509
350 538
350 631
350 644
350 649
350 704
350 728
350 803
350 906
351 352
351 361
351 363
351 431
351 465
351 480
351 490
351 509
351 622
351 696
352 353
352 418
352 475
352 567
352 584
352 720
352 774
352 825
352 851
352 928
352 948
352 962
353 354
353 385
353 392
353 514
353 647
353 650
353 754
353 864
353 947
354 355
354 392
354 482
354 505
354 516
354 530
354 543
354 764
354 908
354 921
354 943
354 988
355 356
355 443
355 488
355 524
355 568
355 614
355 713
355 749
355 772
355 807
355 920
355 936
356 357
356 622
356 648
356 696
356 749
356 782
356 840
356 895
356 922
356 998
357 358
357 518
357 523
357 583
357 617
357 636
357 753
357 762
357 822
357 848
357 857
357 879
357 963
358 359
358 391
358 643
358 659
358 673
358 733
358 772
358 800
358 817
358 871
359 360
359 423
359 503
359 573
359 632
359 694
359 785
359 795
359 898
359 949
359 993
360 361
360 387
360 411
360 427
360 547
360 626
360 670
360 672
360 849
361 362
361 472
361 870
361 919
362 363
362 391
362 396
362 426
362 541
362 566
362 587
362 745
362 766
362 772
362 811
362 893
362 917
362 921
362 930
362 945
363 364
363 373
363 439
363 440
363 526
363 646
363 913
363 938
363 939
364 365
364 673
364 873
364 911
365 366
365 452
365 494
365 513
365 722
365 745
365 897
365 926
365 953
365 958
366 367
366 434
366 649
366 667
366 760
366 762
366 763
366 779
366 789
366 834
366 909
366 923
366 940
366 954
367 368
367 435
367 532
367 800
367 919
367 935
367 965
368 369
368 433
368 457
368 554
368 564
368 628
368 691
368 725
368 739
368 854
368 865
368 929
369 370
369 428
369 467
369 506
369 643
369 683
369 694
369 716
369 896
369 940
369 963
369 991
370 371
370 419
370 558
370 671
370 702
370 777
370 841
370 970
371 372
371 502
371 555
371 609
371 699
371 735
371 756
371 780
371 985
372 373
372 440
372 509
372 524
372 600
372 710
372 721
372 725
372 743
372 751
372 754
372 928
372 949
373 374
373 376
373 640
373 648
373 683
373 716
373 766
374 375
374 407
374 443
374 574
374 635
374 713
374 823
374 832
374 880
374 881
374 902
374 951
375 376
375 422
375 454
375 513
375 562
375 571
375 610
375 618
375 707
375 719
375 828
375 900
375 974
376 377
376 395
376 480
376 503
376 646
376 659
376 671
376 743
376 788
376 830
376 855
377 378
377 583
377 690
377 909
378 379
378 506
378 578
378 685
378 686
378 763
378 835
379 380
379 533
379 638
379 774
379 851
379 905
379 919
379 932
379 986
379 987
380 381
380 392
380 407
380 457
380 481
380 513
380 645
380 663
380 671
380 722
380 801
380 838
381 382
381 487
381 586
381 739
381 778
381 784
381 809
381 904
382 383
382 454
382 549
382 605
382 662
382 843
382 876
382 887
382 946
383 384
383 395
383 407
383 491
383 592
383 684
383 762
383 897
384 385
384 391
384 614
384 710
384 740
384 830
384 911
384 923
384 962
385 386
385 498
385 569
385 591
385 739
385 886
385 922
385 946
385 954
386 387
386 476
386 519
386 540
386 609
386 712
386 725
386 890
386 991
387 388
387 467
387 482
387 486
387 521
387 625
387 633
387 665
387 691
387 748
387 759
387 768
387 775
387 795
387 874
387 905
387 934
387 941
387 956
387 967
387 988
388 389
388 416
388 834
388 895
388 919
388 986
389 390
389 407
389 515
389 571
389 588
389 640
389 653
389 690
389 743
389 788
390 391
390 411
390 485
390 547
390 560
390 624
390 703
390 807
390 836
390 921
391 392
391 541
391 871
391 913
391 921
391 946
392 393
392 500
392 554
392 602
392 638
392 712
392 755
392 874
392 878
392 888
392 893
392 900
393 394
393 444
393 506
393 606
393 756
393 858
393 914
393 972
394 395
394 511
394 528
394 646
394 648
394 690
394 902
394 905
394 949
395 396
395 403
395 422
395 424
395 449
395 478
395 514
395 525
395 566
395 661
395 696
395 713
395 738
395 859
395 877
395 922
395 952
396 397
396 423
396 426
396 550
396 574
396 580
396 655
396 944
396 962
396 986
397 398
397 493
397 645
397 740
397 794
397 800
397 819
398 399
398 413
398 520
398 638
399 400
399 615
399 674
399 730
399 788
399 872
399 969
400 401
400 468
400 473
400 577
400 747
400 914
401 402
401 613
401 655
401 688
401 692
401 750
401 779
401 782
401 815
401 996
402 403
402 483
402 497
402 584
402 625
402 653
402 878
402 942
402 985
403 404
403 479
403 547
403 565
403 569
403 718
403 755
403 897
403 932
403 977
404 405
404 411
404 455
404 596
404 913
405 406
405 558
405 568
405 634
405 720
405 731
405 843
405 863
405 884
405 968
405 986
405 987
406 407
406 505
406 720
406 747
406 793
407 408
407 716
407 850
407 974
408 409
408 575
408 676
408 803
408 817
408 937
408 938
409 410
409 428
409 458
409 507
409 613
409 624
409 708
409 748
409 853
409 938
409 975
409 985
410 411
410 505
410 644
410 660
410 855
410 865
411 412
411 489
411 652
411 683
411 727
411 814
411 904
412 413
412 489
412 589
412 740
412 799
413 414
413 430
413 559
413 830
413 838
413 865
413 938
413 942
414 415
414 520
414 786
414 818
414 893
414 922
414 972
415 416
415 421
415 515
415 535
415 824
416 417
416 485
416 507
416 622
416 665
416 676
416 686
416 687
416 861
416 961
416 963
417 418
417 434
417 553
417 561
417 595
417 631
417 712
417 791
417 804
417 825
417 868
417 992
418 419
418 460
418 515
418 534
418 560
418 579
418 765
418 792
418 817
418 880
419 420
419 452
419 549
419 577
419 903
419 917
420 421
420 431
420 437
420 455
420 579
420 613
420 725
420 833
420 980
420 986
421 422
421 430
421 495
421 505
421 523
421 603
421 693
421 791
421 824
421 881
422 423
422 447
422 609
422 623
422 673
422 807
422 822
422 833
422 838
422 869
423 424
423 426
423 457
423 543
423 650
423 661
423 675
423 746
423 852
423 870
423 905
423 938
424 425
424 503
424 529
424 563
424 591
424 611
424 656
424 713
424 859
424 983
425 426
425 512
425 534
425 672
425 797
425 860
425 862
425 916
426 427
426 505
426 520
426 547
426 618
426 658
426 672
426 677
426 703
426 839
426 848
426 857
426 882
426 989
427 428
427 475
427 547
427 557
427 597
427 625
427 674
427 698
427 729
427 783
427 796
427 894
427 950
427 971
427 976
427 999
428 429
428 514
428 544
428 627
428 717
428 741
428 862
428 875
429 430
429 474
429 639
429 770
429 815
430 431
430 445
430 539
430 691
430 734
430 855
430 886
431 432
431 476
431 517
431 523
431 573
431 655
431 656
431 703
431 732
431 817
431 819
431 841
431 898
431 908
431 985
432 433
432 446
432 448
432 450
432 500
432 608
432 689
432 692
432 799
433 434
433 436
433 445
433 463
433 530
433 577
433 595
433 604
433 627
433 643
433 765
433 792
433 874
433 887
434 435
434 469
434 499
434 889
434 912
434 915
434 933
434 968
435 436
435 572
435 657
435 723
435 787
435 867
435 892
435 927
435 932
435 972
435 976
435 983
435 996
436 437
436 478
436 503
436 711
436 712
436 903
436 939
437 438
437 623
437 688
437 818
437 856
437 917
438 439
438 444
438 472
438 547
438 702
438 778
438 852
438 973
439 440
439 490
439 505
439 564
439 596
439 599
439 604
439 650
439 694
439 713
439 735
439 772
439 825
439 888
439 890
439 946
439 951
440 441
440 464
440 470
440 481
440 515
440 534
440 535
440 713
440 821
440 878
440 911
441 442
441 511
441 536
441 555
441 778
441 817
441 829
441 909
441 914
442 443
442 461
442 475
442 714
442 870
442 881
442 925
442 953
443 444
443 477
443 670
443 748
443 767
443 780
443 993
444 445
444 486
444 516
444 649
444 918
444 968
445 446
445 512
445 594
445 747
445 808
445 811
445 821
445 834
445 863
445 865
445 918
446 447
446 636
446 678
446 746
446 973
447 448
447 453
447 785
447 872
447 982
448 449
448 469
448 563
448 656
448 759
448 848
448 854
449 450
449 694
449 732
449 736
449 739
449 772
449 802
449 809
449 935
449 955
450 451
450 600
450 657
450 680
450 691
450 853
450 874
450 886
451 452
451 632
451 654
451 690
451 722
451 756
451 865
451 870
451 941
451 987
452 453
452 519
452 583
452 598
452 599
452 624
452 656
452 748
452 826
452 851
452 866
453 454
453 577
453 610
453 648
453 694
453 789
453 903
454 455
454 475
454 596
454 681
454 754
454 786
454 903
455 456
455 500
455 644
455 678
455 712
455 761
455 782
455 924
455 935
456 457
456 497
456 558
456 712
456 727
456 837
457 458
457 496
457 512
457 597
457 606
457 714
457 831
457 882
457 908
457 935
457 989
458 459
458 629
458 724
458 851
459 460
459 503
459 582
459 725
459 749
459 810
459 900
460 461
460 526
460 532
460 543
460 565
460 599
460 634
460 652
460 712
460 916
460 965
460 967
461 462
461 580
461 600
461 603
461 616
461 728
461 729
461 776
461 844
461 911
461 929
461 952
462 463
462 674
462 773
462 808
463 464
463 589
463 616
463 642
463 696
463 775
463 796
463 802
463 823
463 913
463 941
464 465
464 505
464 621
464 761
464 865
464 868
464 998
465 466
465 563
465 576
465 580
465 673
465 741
465 888
465 986
466 467
466 484
466 520
466 530
466 641
466 665
466 709
466 714
466 724
466 753
466 843
466 847
466 909
466 985
467 468
467 519
467 639
467 831
467 993
468 469
468 492
468 507
468 609
468 821
468 921
469 470
469 545
469 586
469 638
469 645
469 770
469 892
469 926
469 991
470 471
470 503
470 566
470 601
470 702
470 704
470 826
470 890
471 472
471 650
471 657
471 749
471 858
471 922
471 939
471 992
471 998
472 473
472 518
472 529
472 625
472 642
472 807
472 881
472 919
472 965
473 474
473 531
473 551
473 641
473 838
473 921
473 959
474 475
474 707
474 712
474 750
474 760
474 803
474 904
475 476
475 479
475 482
475 675
475 684
475 878
475 951
475 979
475 993
476 477
476 510
476 597
476 793
476 850
476 947
477 478
477 488
477 709
477 740
477 744
477 768
477 820
477 954
477 979
478 479
478 573
478 757
478 875
478 891
478 922
479 480
479 552
479 571
479 614
479 632
479 666
479 701
479 763
479 768
479 925
480 481
480 709
480 808
480 901
480 919
480 957
481 482
481 504
481 532
481 649
481 727
481 879
481 997
482 483
482 728
482 853
482 914
482 921
482 941
483 484
483 611
483 645
483 656
483 712
483 880
483 978
484 485
484 487
484 566
484 576
484 578
484 611
484 837
484 920
485 486
485 602
485 633
485 701
485 737
485 775
485 807
485 814
485 837
485 909
486 487
486 520
486 634
486 849
486 886
486 983
487 488
487 525
487 535
487 545
487 562
487 582
487 651
487 664
487 679
487 756
487 844
487 878
488 489
488 527
488 582
488 631
489 490
489 509
489 558
489 640
489 833
489 979
489 995
490 491
490 630
490 744
490 816
490 885
490 922
491 492
491 549
491 550
491 606
491 653
491 656
491 707
491 805
491 832
491 834
492 493
492 513
492 535
492 675
492 834
492 891
492 908
493 494
493 710
493 777
493 891
494 495
494 660
494 677
494 758
494 801
494 889
494 936
495 496
495 519
495 542
495 580
495 586
495 606
495 737
495 776
495 826
495 908
496 497
496 511
496 647
496 662
496 720
496 898
496 977
497 498
497 603
497 658
497 663
497 852
497 883
497 891
497 929
497 977
498 499
498 663
498 984
499 500
499 678
499 843
499 920
500 501
500 531
500 649
500 686
500 703
500 758
500 860
501 502
501 513
501 588
501 809
501 855
501 915
501 963
502 503
502 590
502 595
502 791
502 949
503 504
503 512
503 525
503 577
503 603
503 641
503 750
503 752
503 853
503 870
503 931
504 505
504 536
504 554
504 645
504 646
504 652
504 676
504 721
504 825
504 842
504 910
504 926
505 506
505 546
505 681
505 697
505 756
505 843
505 916
505 923
505 984
506 507
506 589
506 619
506 732
506 822
506 893
506 935
506 984
507 508
507 546
507 568
507 634
507 767
507 892
508 509
508 535
508 594
508 617
508 636
508 658
508 721
508 755
508 799
508 835
509 510
509 613
509 631
509 666
509 817
509 857
509 909
509 924
509 951
510 511
510 571
510 660
510 707
510 722
510 790
510 803
510 833
510 862
510 938
511 512
511 656
511 664
511 717
511 750
511 787
511 803
511 812
511 890
511 907
511 908
511 932
511 989
512 513
512 518
512 654
512 920
512 985
513 514
513 601
513 626
513 653
513 682
513 698
513 730
513 923
513 961
513 995
514 515
514 548
514 552
514 669
514 711
514 813
514 920
514 925
515 516
515 621
515 681
515 692
515 763
515 886
515 992
516 517
516 620
516 722
516 724
516 754
516 813
516 840
516 935
517 518
517 580
517 638
517 690
517 692
517 704
517 717
517 832
517 834
517 846
517 925
518 519
518 574
518 803
518 828
518 911
518 946
518 993
519 520
519 556
519 561
519 575
519 701
519 768
519 782
519 794
519 835
519 898
519 993
520 521
520 530
520 533
520 634
520 657
520 672
520 687
520 735
520 780
520 846
520 946
521 522
521 536
521 676
521 687
521 887
521 898
522 523
522 524
522 577
522 614
522 626
522 715
522 743
522 912
523 524
523 544
523 617
523 622
523 829
523 832
523 841
523 904
523 922
523 939
523 958
524 525
524 561
524 665
524 675
524 980
525 526
525 546
525 550
525 566
525 600
525 706
525 736
525 932
526 527
526 540
526 606
526 712
526 938
526 958
526 979
527 528
527 545
527 580
527 627
527 666
527 807
527 878
527 894
528 529
528 583
528 744
528 862
528 873
528 908
528 926
528 952
528 977
529 530
529 592
529 697
529 725
529 727
529 776
529 806
529 816
529 843
530 531
530 643
530 658
530 922
530 939
530 958
530 969
531 532
531 560
531 750
531 772
531 856
531 877
531 946
532 533
532 780
532 785
532 952
533 534
533 605
533 613
533 682
533 702
533 728
533 760
533 781
533 873
533 971
534 535
534 550
534 718
534 741
534 929
534 982
534 991
535 536
535 698
535 727
535 765
535 776
535 895
535 957
535 962
535 992
536 537
536 564
536 632
536 747
536 880
536 974
537 538
537 670
537 688
537 799
537 808
537 822
537 903
537 913
537 959
538 539
538 601
538 704
538 740
538 759
538 875
538 882
538 920
538 940
539 540
539 545
539 552
539 682
539 813
540 541
540 584
540 640
540 726
540 822
540 829
540 849
540 969
540 989
541 542
541 558
541 643
541 775
541 778
541 851
541 860
542 543
542 655
542 742
542 751
542 824
542 845
542 850
542 858
542 887
543 544
543 668
543 692
543 728
543 754
543 819
543 897
543 904
543 937
543 975
543 994
544 545
544 550
544 638
544 682
544 713
544 752
544 765
544 788
544 881
544 886
544 909
544 939
545 546
545 633
545 675
545 680
545 697
545 808
545 813
545 821
545 913
546 547
546 553
546 688
546 693
546 754
547 548
547 575
547 620
547 629
547 657
547 946
548 549
548 551
548 579
548 661
548 688
548 783
548 798
548 868
548 905
548 959
548 965
549 550
549 580
549 717
549 720
549 757
549 773
549 800
549 838
550 551
550 609
550 614
550 885
551 552
551 615
551 667
551 671
551 726
551 865
551 971
552 553
552 822
552 855
552 887
552 904
553 554
553 571
553 654
553 693
553 842
553 975
553 987
554 555
554 610
554 657
554 744
554 775
554 796
554 811
554 881
554 953
555 556
555 580
555 639
555 670
555 764
555 860
555 903
555 907
555 916
555 924
556 557
556 572
556 649
556 688
556 701
556 718
556 823
556 857
556 862
557 558
557 596
557 613
557 743
557 884
557 889
557 999
558 559
558 734
558 931
559 560
559 623
559 674
559 800
559 819
559 822
559 849
559 912
559 950
559 986
560 561
560 664
560 702
560 710
560 771
560 856
560 889
560 898
560 965
560 977
561 562
561 636
561 711
561 725
561 865
561 880
561 891
561 910
561 915
561 945
561 973
562 563
562 568
562 888
562 970
563 564
563 603
563 606
563 679
563 694
563 772
563 786
563 850
563 896
563 915
563 927
564 565
564 568
564 601
564 642
564 661
564 757
564 817
564 911
564 962
565 566
565 581
565 594
565 600
565 767
565 908
566 567
566 576
566 580
566 683
566 802
566 947
566 954
566 978
566 989
567 568
567 611
567 716
567 771
567 793
567 803
568 569
568 702
568 721
568 946
569 570
569 598
569 675
569 888
570 571
570 591
570 598
570 644
570 648
570 722
570 747
570 755
570 761
570 903
570 927
570 946
570 969
571 572
571 580
571 595
571 679
571 756
571 852
571 862
571 866
571 889
571 922
571 984
571 995
572 573
572 642
572 732
572 741
572 809
572 898
573 574
573 580
573 659
573 731
573 784
573 816
573 825
573 866
573 874
573 881
573 883
573 940
573 994
574 575
574 601
574 604
574 651
574 700
574 701
574 799
574 888
574 896
575 576
575 625
575 689
575 765
575 846
575 906
575 924
575 990
575 997
576 577
576 705
576 767
576 782
576 844
576 874
576 931
576 943
577 578
577 605
577 721
577 861
577 902
577 925
577 926
577 971
578 579
578 648
578 685
578 751
578 795
578 835
578 955
579 580
579 602
579 745
579 785
579 798
579 957
580 581
580 586
580 715
580 851
580 871
580 933
580 937
580 958
581 582
581 645
581 694
581 732
581 907
581 939
581 943
581 953
582 583
582 599
582 615
582 651
582 814
582 821
582 934
582 953
582 967
582 980
583 584
583 611
583 618
583 746
583 770
583 834
583 872
583 895
583 943
583 963
584 585
584 604
584 608
584 680
584 872
584 909
585 586
585 653
585 670
585 695
585 729
585 836
585 907
585 930
586 587
586 604
586 630
586 684
586 705
586 709
586 738
586 758
586 777
586 826
586 900
586 961
587 588
587 635
587 651
587 709
587 756
588 589
588 694
588 725
588 822
588 966
589 590
589 618
589 761
589 783
589 825
589 851
589 925
589 979
590 591
590 676
590 938
590 977
590 990
591 592
591 796
591 875
591 889
591 981
592 593
592 669
592 746
592 840
593 594
593 627
593 639
593 676
593 735
593 759
593 830
593 880
593 957
594 595
594 641
594 657
594 670
594 689
594 760
594 763
594 785
594 833
594 876
594 929
594 937
594 975
594 993
595 596
595 715
595 820
595 852
595 862
595 902
595 970
596 597
596 600
596 639
596 654
596 725
596 761
596 845
596 871
596 965
597 598
597 652
597 671
597 844
597 931
597 958
597 991
598 599
598 796
598 821
598 827
598 845
598 849
598 867
598 876
598 921
598 950
599 600
599 909
599 936
599 944
599 970
599 994
600 601
600 647
600 683
600 950
600 959
601 602
601 643
601 697
601 792
601 871
601 917
601 948
601 993
602 603
602 641
602 679
603 604
603 721
603 770
603 840
603 924
603 973
603 997
604 605
604 713
604 882
604 902
604 904
605 606
605 829
606 607
606 615
606 672
606 724
606 835
606 900
606 987
607 608
607 612
607 698
607 710
607 926
608 609
608 712
608 726
608 762
608 789
608 840
609 610
609 612
609 629
609 653
609 670
609 738
609 743
609 796
609 845
609 934
609 957
610 611
610 705
610 784
610 923
610 933
610 978
611 612
611 628
611 639
611 744
612 613
612 636
612 638
612 791
612 842
613 614
613 615
613 654
613 769
613 850
614 615
614 624
614 637
614 671
614 706
614 721
614 722
614 781
614 904
614 986
615 616
615 627
615 778
615 850
615 907
615 924
615 929
615 934
615 966
616 617
616 633
616 679
616 683
616 805
616 847
616 871
616 877
616 922
616 964
616 997
617 618
617 637
617 724
617 747
617 793
617 794
617 841
617 844
617 961
617 963
617 967
617 979
618 619
618 623
618 721
618 748
618 764
618 779
618 882
618 916
618 927
618 955
619 620
619 739
619 774
619 859
619 873
619 971
620 621
620 837
620 977
621 622
621 671
621 753
621 796
621 807
621 905
621 907
621 965
622 623
622 671
622 758
622 880
622 953
623 624
623 671
623 694
623 709
623 712
623 843
623 935
623 969
624 625
624 642
624 690
624 716
624 816
624 978
624 989
625 626
625 703
625 724
625 761
625 817
625 819
625 849
625 980
626 627
626 761
626 835
626 899
626 906
626 911
626 949
626 955
627 628
627 701
627 790
627 901
627 910
628 629
628 634
628 687
628 730
628 731
628 839
628 856
628 862
628 865
629 630
629 752
629 828
629 829
629 840
629 888
629 961
630 631
631 632
631 643
631 733
631 736
631 758
631 788
631 821
631 848
631 930
632 633
632 660
632 672
632 705
632 760
632 789
632 816
632 852
632 865
632 919
632 923
633 634
633 699
633 730
633 789
633 912
633 914
634 635
634 654
634 659
634 685
634 837
634 850
635 636
635 745
635 746
635 826
635 888
635 973
636 637
636 729
636 837
636 905
636 972
637 638
637 686
637 917
637 923
637 979
638 639
638 819
638 901
638 903
638 933
638 941
639 640
639 775
639 820
639 892
639 976
640 641
640 873
640 879
640 946
640 955
641 642
641 731
641 758
641 826
641 870
641 878
641 931
641 951
642 643
642 646
642 673
642 797
642 809
642 822
642 871
642 950
643 644
643 706
643 777
643 810
643 850
643 957
643 961
644 645
644 689
644 702
644 732
644 861
645 646
645 700
645 741
645 795
646 647
646 693
646 811
646 813
646 821
646 842
646 852
647 648
647 815
648 649
648 735
648 748
648 995
649 650
649 661
649 696
649 776
649 781
649 786
649 872
649 990
650 651
650 766
650 967
651 652
651 660
651 662
651 725
651 968
651 999
652 653
652 693
652 717
652 745
652 804
652 824
652 854
652 916
652 920
652 962
653 654
653 662
653 672
653 810
653 873
653 948
653 957
654 655
654 674
654 795
654 998
655 656
655 859
655 970
656 657
656 713
656 801
656 862
656 864
656 936
656 974
657 658
657 724
657 835
657 981
658 659
658 734
658 770
658 889
658 982
659 660
659 674
659 740
659 756
659 870
659 951
659 997
660 661
660 667
660 690
660 724
660 726
660 854
661 662
661 710
661 769
661 808
661 811
661 815
661 900
662 663
662 717
662 824
662 829
662 844
662 875
662 895
662 917
663 664
663 755
663 769
663 779
663 854
663 948
664 665
664 671
664 688
664 754
664 806
664 858
664 882
664 895
664 944
664 980
664 989
665 666
665 680
665 728
665 903
666 667
666 708
666 813
666 892
666 941
666 958
666 978
667 668
667 905
667 906
667 928
667 954
667 973
668 669
668 684
668 690
668 817
668 832
669 670
669 745
669 764
669 826
669 896
669 952
669 978
670 671
670 868
670 910
671 672
671 786
671 873
671 913
672 673
672 713
672 729
672 744
672 781
672 805
672 860
672 890
672 900
673 674
673 697
673 795
673 808
674 675
674 785
675 676
675 776
675 807
675 815
675 862
675 891
675 962
675 994
676 677
676 681
676 710
676 903
676 961
677 678
677 682
677 725
677 736
677 836
677 841
677 922
677 971
678 679
678 904
679 680
679 748
679 844
679 903
679 914
679 975
680 681
680 693
680 706
680 930
681 682
681 768
681 882
681 920
681 943
681 977
681 995
682 683
682 723
682 882
683 684
683 859
683 967
683 979
684 685
684 740
684 832
684 925
684 976
685 686
685 699
685 828
685 896
685 929
686 687
686 755
686 879
686 965
687 688
687 862
687 891
687 996
688 689
688 877
688 890
688 894
689 690
689 783
690 691
690 834
690 986
691 692
691 768
691 770
691 803
691 854
691 954
692 693
692 793
692 899
692 936
692 999
693 694
693 744
693 850
693 876
693 945
694 695
694 743
694 787
694 881
694 960
694 969
694 990
695 696
695 763
695 828
695 859
695 954
696 697
696 756
696 763
696 785
696 910
696 968
697 698
697 701
697 719
697 991
698 699
698 793
698 832
698 881
698 894
698 971
699 700
699 713
699 754
699 881
699 953
699 977
699 995
700 701
700 718
700 757
700 879
700 925
701 702
701 852
701 875
701 907
701 994
702 703
702 747
702 782
702 829
702 881
702 983
703 704
703 804
703 850
703 878
703 887
704 705
704 802
704 915
705 706
705 765
705 900
706 707
706 803
706 984
707 708
707 796
707 817
707 909
707 959
708 709
708 720
708 752
709 710
709 725
709 850
710 711
710 825
710 868
710 896
710 904
710 939
711 712
711 752
711 797
712 713
712 720
712 777
712 812
712 849
712 874
712 909
712 931
713 714
713 767
713 872
714 715
714 720
714 759
714 818
715 716
715 748
715 992
716 717
716 945
717 718
717 789
717 940
717 948
717 980
717 988
718 719
718 761
718 893
718 903
719 720
719 920
719 946
720 721
720 791
721 722
721 739
721 805
722 723
722 783
722 784
722 943
723 724
723 764
723 841
723 870
723 929
724 725
724 861
725 726
726 727
726 779
726 782
726 924
726 960
727 728
727 736
727 816
727 893
727 902
727 932
728 729
728 852
728 885
729 730
729 841
729 888
729 908
729 974
730 731
730 741
730 922
730 952
730 963
731 732
731 745
731 835
731 860
731 876
731 912
731 915
732 733
732 846
733 734
733 802
733 837
733 912
733 920
734 735
734 751
734 760
735 736
735 743
735 904
735 912
736 737
736 762
736 801
736 825
736 864
736 941
736 949
736 978
736 985
737 738
737 921
737 973
738 739
738 766
738 780
738 839
738 840
738 841
738 950
738 981
739 740
739 855
739 865
740 741
740 843
740 934
740 953
741 742
741 899
741 946
741 968
742 743
742 754
743 744
743 765
743 957
744 745
744 872
744 963
744 979
745 746
745 775
745 776
745 825
745 899
746 747
746 776
746 780
746 792
747 748
747 778
747 786
747 812
747 827
747 914
747 931
747 972
748 749
748 814
748 879
748 981
749 750
749 754
749 844
749 949
749 953
750 751
750 753
751 752
751 831
751 930
751 955
751 959
751 975
752 753
752 849
752 938
753 754
753 785
753 811
753 954
753 980
754 755
754 786
754 799
754 815
754 829
755 756
755 852
755 911
755 936
756 757
756 886
756 951
757 758
757 955
757 976
758 759
758 880
758 952
758 972
759 760
759 776
759 869
760 761
760 779
760 843
760 929
760 949
760 971
761 762
761 837
761 856
762 763
762 789
762 792
762 929
763 764
763 809
763 811
763 937
763 975
763 998
764 765
764 768
764 804
764 832
764 879
764 944
764 965
764 976
764 988
765 766
765 831
765 926
765 955
765 969
766 767
766 928
767 768
767 813
767 817
767 820
767 879
767 975
767 976
768 769
768 893
768 908
769 770
769 798
769 843
769 899
769 921
769 944
770 771
771 772
771 775
771 884
771 890
771 932
771 964
772 773
772 875
772 946
773 774
773 785
773 815
773 940
773 952
774 775
774 779
774 910
774 944
774 999
775 776
775 805
775 846
775 966
776 777
776 790
776 829
776 833
776 910
776 977
776 985
777 778
777 791
777 914
777 928
777 996
778 779
779 780
779 848
779 863
779 946
779 997
780 781
780 928
781 782
781 841
781 921
781 952
781 960
782 783
782 866
782 876
782 896
782 993
783 784
783 816
783 817
783 829
783 867
783 902
783 908
783 956
784 785
784 792
784 798
784 984
785 786
785 921
786 787
787 788
787 840
787 945
788 789
788 958
789 790
789 793
789 795
789 798
789 814
789 848
789 932
790 791
790 830
790 835
790 861
790 871
790 915
790 968
790 975
790 982
791 792
792 793
792 798
792 811
792 887
793 794
794 795
794 796
794 829
794 839
794 950
795 796
795 833
796 797
796 914
797 798
797 945
797 955
797 963
798 799
798 866
798 884
798 914
798 918
799 800
800 801
800 828
800 983
801 802
801 838
801 912
801 976
801 986
802 803
802 809
802 859
802 912
802 948
803 804
803 819
803 842
803 883
803 932
804 805
804 870
804 920
804 958
805 806
805 850
805 869
806 807
806 885
806 992
807 808
807 871
808 809
808 813
808 814
809 810
809 848
809 895
809 961
809 973
810 811
810 828
810 876
810 919
810 953
811 812
811 915
811 975
811 996
812 813
812 889
812 948
813 814
814 815
814 940
814 945
814 953
814 985
815 816
815 829
815 848
815 931
816 817
816 873
816 996
817 818
817 830
817 857
817 881
817 894
817 943
817 975
817 989
818 819
818 857
819 820
819 864
819 911
819 984
820 821
820 970
821 822
821 837
821 984
822 823
822 908
822 964
823 824
823 832
823 863
823 877
823 976
824 825
824 832
824 936
825 826
825 932
826 827
826 898
827 828
827 959
828 829
828 862
828 905
829 830
829 867
829 908
829 965
830 831
830 868
830 902
830 942
830 952
830 982
831 832
831 877
832 833
832 862
832 886
832 915
832 931
832 976
833 834
833 852
833 857
833 985
834 835
834 855
834 869
834 902
834 940
835 836
836 837
836 927
836 930
837 838
838 839
838 852
838 887
838 976
839 840
839 861
839 916
839 954
839 982
840 841
840 945
841 842
841 937
842 843
842 959
842 974
842 984
843 844
843 866
843 873
843 921
843 936
843 992
844 845
844 961
844 975
844 999
845 846
845 852
845 869
846 847
846 923
846 936
846 939
846 963
847 848
847 970
847 977
848 849
848 903
848 952
849 850
849 853
849 941
849 968
849 970
850 851
850 926
851 852
851 870
851 879
851 910
851 951
851 981
851 998
852 853
853 854
853 913
854 855
854 881
854 907
855 856
855 905
855 997
856 857
856 921
857 858
857 906
857 935
858 859
858 941
859 860
859 923
859 954
859 988
860 861
860 964
860 989
861 862
862 863
862 865
862 962
862 964
862 978
862 991
863 864
863 895
863 980
864 865
864 947
864 966
865 866
865 975
866 867
866 929
866 937
867 868
868 869
868 953
869 870
869 914
870 871
870 922
870 938
870 986
871 872
871 957
871 973
872 873
872 960
872 977
873 874
874 875
874 974
875 876
875 891
875 920
876 877
877 878
877 900
877 954
877 968
878 879
878 882
878 928
879 880
880 881
880 884
880 885
880 927
880 929
880 996
881 882
881 891
881 899
881 902
881 976
882 883
882 901
883 884
883 966
884 885
885 886
885 930
886 887
887 888
888 889
888 963
889 890
889 894
889 928
889 931
889 954
890 891
890 957
890 963
890 983
891 892
891 903
891 909
891 935
891 943
892 893
892 959
893 894
893 905
893 989
894 895
895 896
896 897
896 913
896 966
897 898
898 899
898 903
898 992
899 900
900 901
901 902
901 950
901 986
902 903
902 915
903 904
903 916
903 938
903 996
904 905
904 945
905 906
905 927
905 976
906 907
906 972
906 982
906 988
907 908
907 932
908 909
908 995
909 910
909 931
909 981
910 911
910 965
910 981
911 912
911 920
912 913
912 946
912 982
913 914
913 920
914 915
914 981
915 916
915 947
916 917
916 929
916 947
917 918
917 942
918 919
919 920
919 957
920 921
921 922
922 923
922 924
922 971
922 977
922 989
923 924
923 941
923 950
923 983
924 925
925 926
926 927
926 977
927 928
927 968
927 983
928 929
928 945
929 930
930 931
930 990
931 932
931 982
932 933
932 945
933 934
934 935
934 938
935 936
936 937
936 946
937 938
938 939
939 940
940 941
941 942
941 969
942 943
942 982
943 944
943 999
944 945
944 948
944 968
945 946
946 947
947 948
948 949
948 967
949 950
949 963
949 988
949 992
949 998
950 951
950 983
951 952
952 953
953 954
954 955
955 956
955 971
955 985
956 957
956 978
957 958
958 959
958 965
958 971
959 960
960 961
961 962
962 963
962 964
963 964
963 972
964 965
965 966
966 967
966 975
967 968
967 971
968 969
969 970
969 972
970 971
971 972
972 973
973 974
974 975
975 976
976 977
977 978
978 979
979 980
980 981
981 982
982 983
982 996
983 984
984 985
985 986
985 995
986 987
987 988
988 989
989 990
990 991
991 992
992 993
993 994
994 995
995 996
996 997
997 998
998 999
