0 74.14219589443303
1 83.29500798829466
2 36.489950979631644
3 45.663704286521465
4 32.8317212755351
5 41.58356532552294
6 101.88455290701793
7 57.518108293520434
8 44.425693265416704
9 96.0061656722551
10 86.06876657837562
11 24.723050256226347
12 36.80012753021518
13 50.85757926829709
14 51.62116786410692
15 52.167292261131685
16 23.003730468381892
17 49.37970024116862
18 94.85060229554355
19 98.98333783482823
20 99.67121860770831
21 113.96536068500336
22 107.70707159254741
23 39.83130378459033
24 87.30681415327608
25 70.47859947177224
26 110.05558766766485
27 43.44288050568399
28 68.66663143717251
29 106.01084537484024
30 88.66854141496552
31 56.074881996951255
32 111.25366875768859
33 86.83389808383859
34 60.63989440157209
35 69.02587389901095
36 117.84942926451788
37 93.87694153341616
38 38.39701973366826
39 43.99818567433138
40 35.04121561063745
41 116.74629835195701
42 111.08382881814126
43 67.84158196043322
44 63.864405042298216
45 84.12298331042055
46 72.81134234068819
47 109.0937646291521
48 58.96409422313775
49 98.31457434454066
50 22.119609131138166
51 52.736738429135954
52 73.09072378158432
53 84.80427000841078
54 28.967491039275
55 96.71705573776167
56 102.27935628945824
57 63.831434318957776
58 115.66448984317792
59 104.03178870129773
60 113.72256959371943
61 100.35437085328412
62 26.38147567563442
63 117.56102364896594
64 93.13193945364434
65 91.18740292539049
66 66.22480203601751
67 61.331588586303056
68 31.293365174722233
69 103.67079219303115
70 75.3309629731731
71 71.52557553322097
72 80.55656403120202
73 88.92343127593175
74 66.03659493398854
75 23.301203657856867
76 51.1592480866892
77 54.54463415621775
78 91.90130867705645
79 45.372394505931815
80 84.57167687685521
81 96.5727689643753
82 36.208451243080475
83 43.29741006128353
84 36.45737680436827
85 58.57487162475268
86 104.54159177488663
87 84.5557666953727
88 25.381043119962303
89 106.93280087780347
90 81.13214897849416
91 33.74653377360971
92 55.054729274571955
93 85.7078828270978
94 61.89627824404321
95 64.62009203721439
96 97.6986494465818
97 41.907420883388255
98 108.42674004800193
99 117.15925525474591
0 1
0 29
0 34
0 36
0 40
0 45
0 49
0 50
0 51
0 61
0 65
0 73
0 74
0 76
0 98
1 2
1 5
1 8
1 10
1 18
1 20
1 36
1 38
1 52
1 54
1 60
1 69
1 72
1 84
1 88
2 3
2 11
2 15
2 22
2 28
2 30
2 31
2 33
2 45
2 51
2 58
2 62
2 97
3 4
3 12
3 21
3 37
3 41
3 52
3 55
3 58
3 70
3 74
3 77
3 82
3 85
3 93
3 98
4 5
4 17
4 18
4 30
4 35
4 37
4 45
4 49
4 54
4 56
4 58
4 60
4 61
4 69
5 6
5 20
5 21
5 23
5 33
5 38
5 57
5 58
5 60
5 69
5 73
5 74
5 78
5 81
5 83
5 97
6 7
6 14
6 20
6 22
6 28
6 29
6 37
6 49
6 59
6 63
6 67
6 72
6 88
6 95
6 99
7 8
7 19
7 25
7 29
7 39
7 45
7 47
7 70
7 76
7 80
7 89
8 9
8 11
8 17
8 26
8 44
8 57
8 61
8 84
8 85
8 86
8 98
9 10
9 19
9 23
9 24
9 28
9 34
9 47
9 62
9 80
9 82
9 84
10 11
10 12
10 14
10 15
10 21
10 37
10 45
10 53
10 61
10 63
10 68
10 79
10 81
10 85
10 87
10 95
11 12
11 19
11 30
11 42
11 61
11 70
11 71
11 80
11 82
11 87
11 88
12 13
12 26
12 38
12 43
12 56
12 58
12 61
12 62
12 83
12 86
12 90
12 98
13 14
13 16
13 17
13 41
13 46
13 47
13 49
13 54
13 59
13 63
13 73
13 82
13 85
13 87
13 88
13 91
13 96
14 15
14 43
14 46
14 51
14 52
14 64
14 82
14 86
14 90
14 91
14 96
15 16
15 22
15 23
15 26
15 28
15 33
15 40
15 50
15 52
15 60
15 64
15 75
15 79
15 83
15 90
16 17
16 21
16 27
16 28
16 32
16 41
16 50
16 51
16 56
16 63
16 69
16 75
16 83
16 93
16 98
16 99
17 18
17 22
17 32
17 34
17 36
17 57
17 71
17 78
17 79
17 82
17 87
18 19
18 22
18 24
18 33
18 48
18 56
18 68
18 69
18 73
18 84
18 93
18 95
18 97
18 99
19 20
19 27
19 41
19 58
19 59
19 60
19 62
19 72
19 77
19 82
19 96
19 97
20 21
20 28
20 31
20 32
20 35
20 39
20 64
20 66
20 85
20 87
20 89
21 22
21 30
21 40
21 41
21 42
21 44
21 48
21 55
21 56
21 59
21 61
21 64
21 72
21 79
21 85
21 93
21 99
22 23
22 24
22 25
22 29
22 33
22 34
22 35
22 41
22 45
22 58
22 75
22 84
22 87
23 24
23 29
23 31
23 39
23 43
23 54
23 55
23 57
23 62
23 93
24 25
24 31
24 45
24 61
24 62
24 69
24 75
24 79
24 85
24 95
25 26
25 29
25 30
25 48
25 50
25 52
25 53
25 72
25 83
25 87
25 93
25 97
26 27
26 55
26 57
26 62
26 72
26 78
26 79
26 89
26 91
27 28
27 30
27 32
27 38
27 44
27 51
27 69
27 91
27 94
27 97
28 29
28 36
28 47
28 48
28 51
28 57
28 61
28 62
28 69
28 72
28 76
28 86
28 92
28 99
29 30
29 34
29 38
29 41
29 48
29 63
29 64
29 65
29 75
29 79
29 94
30 31
30 34
30 35
30 43
30 58
30 61
30 65
30 68
30 79
30 86
30 91
31 32
31 34
31 49
31 65
31 66
31 67
31 75
31 79
31 83
31 91
31 96
31 97
32 33
32 35
32 38
32 40
32 42
32 45
32 46
32 48
32 50
32 69
32 70
32 88
32 90
32 95
33 34
33 35
33 46
33 47
33 63
33 69
33 91
33 92
33 99
34 35
34 36
34 46
34 51
34 56
34 65
34 75
34 77
34 81
34 86
34 93
34 95
34 99
35 36
35 41
35 44
35 47
35 53
35 70
35 89
35 91
35 93
35 96
35 97
35 99
36 37
36 38
36 39
36 41
36 49
36 64
36 69
36 81
36 87
36 91
37 38
37 42
37 47
37 50
37 69
37 71
37 81
37 96
38 39
38 41
38 49
38 50
38 54
38 59
38 61
38 66
38 73
38 75
38 93
38 94
39 40
39 44
39 46
39 49
39 51
39 84
39 89
39 93
39 97
40 41
40 44
40 45
40 58
40 59
40 60
40 62
40 73
40 75
40 81
40 83
40 93
41 42
41 55
41 63
41 78
42 43
42 48
42 54
42 65
42 66
42 75
42 76
42 79
42 84
43 44
43 52
43 53
43 54
43 59
43 64
43 75
43 81
43 85
43 87
44 45
44 64
44 67
44 68
44 77
44 82
44 87
44 89
44 97
45 46
45 51
45 70
45 72
45 73
45 83
45 87
45 93
46 47
46 51
46 58
46 69
46 73
46 75
46 78
46 83
46 84
46 86
46 93
46 96
46 99
47 48
47 75
47 78
47 90
47 98
48 49
48 52
48 53
48 67
48 76
48 81
48 88
48 93
49 50
49 52
49 55
49 57
49 69
49 71
49 91
49 96
49 97
50 51
50 54
50 61
50 64
50 67
50 68
50 78
50 80
50 83
50 87
50 91
50 92
50 95
50 98
51 52
51 55
51 57
51 69
51 71
51 72
51 76
51 82
51 85
51 87
51 99
52 53
52 71
52 79
52 98
53 54
53 56
53 59
53 63
53 67
53 76
53 81
53 83
53 85
53 86
53 88
53 93
53 97
54 55
54 68
54 89
54 94
55 56
55 57
55 59
55 60
55 61
55 74
55 75
55 80
55 90
56 57
56 61
56 64
56 65
56 69
56 71
56 92
56 97
57 58
57 93
57 98
58 59
58 61
58 71
58 75
58 76
58 80
58 85
58 88
58 95
59 60
59 72
59 87
59 88
59 90
59 91
59 96
59 99
60 61
60 63
60 69
60 74
60 83
60 89
61 62
61 78
61 81
61 89
61 92
62 63
63 64
63 72
63 86
63 87
63 92
63 97
64 65
64 89
64 93
65 66
65 72
65 86
65 94
65 97
65 98
65 99
66 67
66 69
66 80
66 85
66 86
66 89
66 91
67 68
67 70
67 83
67 84
67 85
67 87
67 90
67 94
67 99
68 69
68 82
68 84
68 86
68 92
68 93
68 94
69 70
69 74
69 75
69 78
69 87
69 91
70 71
70 77
70 78
70 96
70 99
71 72
71 96
71 99
72 73
72 80
73 74
73 76
73 91
74 75
74 81
74 92
75 76
75 86
75 99
76 77
76 86
77 78
77 79
77 84
77 85
77 93
77 98
78 79
78 82
78 89
78 97
78 99
79 80
80 81
80 82
81 82
81 86
81 88
81 95
82 83
82 95
83 84
83 96
84 85
84 87
84 98
85 86
85 87
85 91
85 95
85 99
86 87
86 92
86 93
86 97
87 88
87 93
87 95
88 89
88 93
89 90
89 92
89 94
90 91
91 92
91 93
92 93
92 96
92 97
93 94
94 95
95 96
96 97
97 98
98 99
