0 27.066399324981294
1 47.21825405284196
2 22.273351690459833
3 80.00885225326996
4 57.07225268000772
5 48.93815237832136
6 91.83718972407974
7 59.553763154784555
8 119.39542671622145
9 98.30340984111457
10 111.19779702388405
11 108.49130614076542
12 83.84011137851303
13 61.04077072674515
14 58.56667755219048
15 31.93614436845549
16 105.50969378633417
17 60.201725046214705
18 53.469028524859354
19 80.32283299485871
20 72.3006229116975
21 116.06560060283657
22 117.30641749039026
23 117.71170148855074
24 58.81422022305395
25 89.858268013085
26 102.37507806517634
27 24.270694890614358
28 59.22366772166982
29 43.008148045235764
30 27.941474246618792
31 106.42256530734632
32 48.29353431380272
33 22.97781918011384
34 40.19949723672055
35 51.525706075666264
36 24.534442225133116
37 39.15079940320885
38 69.28129099613977
39 30.460800454062284
40 22.385509778814832
41 97.81951164509259
42 90.96634420957199
43 21.124400784162827
44 41.352465968720445
45 24.011901396904538
46 113.33117870099701
47 98.5844346906462
48 29.189446316179207
49 109.71048647630903
50 99.304579441787
51 113.53156826924575
52 73.49762135520606
53 92.95913139394355
54 104.94100709823186
55 59.664193342466056
56 101.52399513917689
57 90.41914993961878
58 60.197455595624525
59 112.77384327340312
60 61.47886689531219
61 77.12780709926578
62 44.096703014457134
63 109.55157735062684
64 60.350557980911354
65 31.528684259857513
66 109.3825410316881
67 22.514940690786418
68 62.981245940850734
69 41.284750955018
70 93.1202141909739
71 78.95890592376182
72 115.07780331491918
73 95.95143112493211
74 109.16801364475216
75 66.46314888008388
76 38.86679981642334
77 76.27833684072316
78 56.04353310115563
79 65.2419361989813
80 64.26289175891338
81 86.72475112218005
82 89.43083833571178
83 48.50174116255568
84 100.70503189233484
85 67.71534405626882
86 102.42241882771877
87 95.97570994709399
88 25.22507899726332
89 67.22902525399215
90 28.562431355811526
91 72.93290282748805
92 60.84853375111776
93 47.50523947243322
94 32.85544500921627
95 37.21422706579666
96 46.08727850360826
97 51.96838756618597
98 84.12749857834078
99 50.22582051368434
0 1
0 15
0 47
0 66
0 89
1 2
1 3
2 3
2 16
2 20
2 39
3 4
3 8
3 61
3 72
3 78
4 5
4 13
4 47
4 66
4 73
5 6
5 58
5 67
5 98
6 7
6 40
6 81
7 8
7 47
8 9
8 17
8 23
9 10
9 54
9 86
10 11
10 98
11 12
11 24
11 63
11 74
11 97
12 13
12 85
12 98
13 14
14 15
14 24
14 42
14 48
15 16
16 17
16 49
17 18
17 85
18 19
18 76
19 20
20 21
20 54
21 22
22 23
22 89
23 24
23 34
23 41
23 53
23 96
23 97
24 25
24 29
24 46
24 61
25 26
25 68
26 27
26 44
26 52
27 28
28 29
28 33
28 72
29 30
30 31
31 32
31 38
31 58
31 76
31 85
32 33
32 79
33 34
33 35
34 35
34 48
34 59
35 36
35 56
35 83
36 37
36 46
36 67
36 95
37 38
38 39
39 40
39 77
39 93
40 41
40 94
41 42
41 98
42 43
42 70
43 44
43 57
44 45
45 46
46 47
46 79
47 48
47 69
47 88
48 49
49 50
49 57
50 51
51 52
51 99
52 53
52 85
53 54
53 66
54 55
55 56
56 57
56 97
57 58
57 94
58 59
59 60
59 63
59 73
60 61
61 62
61 66
62 63
63 64
64 65
64 83
65 66
65 91
65 92
65 93
66 67
66 96
67 68
68 69
68 80
69 70
70 71
70 84
71 72
72 73
72 79
72 97
73 74
73 77
74 75
75 76
76 77
77 78
78 79
78 94
79 80
80 81
81 82
81 92
82 83
83 84
84 85
84 95
85 86
86 87
87 88
88 89
89 90
89 91
89 93
90 91
90 95
91 92
92 93
93 94
94 95
95 96
96 97
97 98
98 99
