0 97.40869229371623
1 75.67869339183466
2 91.1013867103649
3 55.75722847091032
4 72.14402307839602
5 44.86787786645781
6 51.91803827804266
7 64.55681412735258
8 46.11255923961987
9 68.54859538532247
10 98.98980021571236
11 85.62221300150392
12 84.5916041077825
13 69.9843588245266
14 22.371865445434608
15 106.03874551286908
16 42.73195361186475
17 63.996047742514456
18 77.14558828832168
19 95.72895044164709
20 85.8961633585545
21 27.217521962570025
22 33.38596912905978
23 39.48040520524711
24 62.54819592045609
25 117.73869150656374
26 43.69662564332053
27 86.46555599913832
28 93.34493689021099
29 72.75238406653274
30 90.83981822325916
31 52.94995843841346
32 107.36526301317565
33 27.762719879084692
34 96.83656579714955
35 42.889268539257856
36 51.82247438978845
37 68.97918118480368
38 71.88468485843596
39 83.24418918188103
40 25.141089019545202
41 51.71188864048246
42 56.54017126516794
43 106.09649227802593
44 34.9391181619535
45 91.90007408979714
46 63.829995424296825
47 48.028191296106556
48 62.242136676981566
49 65.34708486591492
50 59.31210130699475
51 78.72976866256643
52 21.16558615686152
53 29.80172559745604
54 26.57095589289809
55 115.43231968882257
56 39.336907561011195
57 118.71707556666372
58 53.23476809258617
59 27.51237429476155
60 48.48929272618486
61 42.334388697053924
62 38.323043874310756
63 86.49705206625212
64 66.94396027616168
65 71.68106570980012
66 65.58088445550774
67 70.70110850657781
68 76.10801285803737
69 74.13808670167221
70 109.42902577535638
71 90.85637052239218
72 41.65014014712651
73 115.42369097121275
74 40.25634167355024
75 63.34791801447474
76 106.67653326695363
77 42.15655640922576
78 74.00410117998226
79 21.050300894287737
80 89.01455593920808
81 111.6030456176187
82 67.33903373762539
83 118.26099900225672
84 47.6218923643592
85 40.77955858121314
86 94.18480376446345
87 55.857213911075824
88 44.173995971764626
89 105.77242824209557
90 51.97924792263907
91 25.555978611238043
92 115.04287707260647
93 33.95417532005845
94 36.74729588372923
95 48.036544691172764
96 86.16538844406497
97 96.71636626067864
98 94.92725674772916
99 58.68780352109408
0 1
0 7
0 14
0 55
0 62
0 91
1 2
1 36
2 3
2 15
2 36
2 39
2 88
3 4
4 5
4 26
4 99
5 6
6 7
6 29
6 90
7 8
7 81
8 9
9 10
9 14
9 63
10 11
10 16
10 17
10 68
10 96
11 12
11 21
11 47
11 98
12 13
12 48
12 54
13 14
13 40
13 99
14 15
14 33
14 44
14 56
14 64
15 16
16 17
17 18
17 32
17 99
18 19
18 51
19 20
19 26
20 21
20 23
21 22
21 34
21 46
21 54
21 62
22 23
22 69
23 24
23 53
24 25
24 83
24 99
25 26
26 27
26 72
27 28
27 31
27 32
28 29
28 64
28 79
28 98
29 30
29 46
29 95
30 31
30 38
30 46
31 32
31 51
31 81
31 85
31 92
32 33
32 43
33 34
33 66
33 71
33 72
33 76
34 35
35 36
36 37
36 59
37 38
37 49
38 39
39 40
39 67
40 41
40 73
41 42
42 43
42 66
42 68
42 72
43 44
43 74
43 77
44 45
44 58
44 80
44 83
45 46
45 72
45 93
46 47
47 48
47 93
48 49
49 50
50 51
50 77
51 52
52 53
53 54
53 86
54 55
54 70
55 56
55 81
56 57
56 91
56 95
57 58
57 65
57 67
57 74
58 59
58 97
59 60
60 61
61 62
61 65
61 71
62 63
63 64
63 87
64 65
65 66
66 67
67 68
67 85
68 69
68 70
69 70
69 72
69 88
69 90
70 71
71 72
72 73
72 74
73 74
74 75
75 76
76 77
77 78
77 98
78 79
79 80
79 92
80 81
81 82
82 83
83 84
84 85
84 95
85 86
86 87
87 88
88 89
89 90
90 91
91 92
92 93
93 94
94 95
95 96
96 97
97 98
98 99
