0 39.29935745893512
1 102.64623891439874
2 73.58634695581662
3 35.734155074027555
4 74.6251595605478
5 64.78554266522916
6 85.12741908129891
7 55.42173663148785
8 21.332163729149883
9 84.02166759777836
10 82.46852881314908
11 109.49091757491445
12 54.95979467890603
13 40.09273504133759
14 41.060465564295995
15 73.77477713188918
16 88.06630006411368
17 74.7062419372877
18 102.50774693696455
19 90.00923461638936
20 116.42812487971902
21 81.68006738817769
22 119.11897194364649
23 61.26662567839625
24 68.2591374652772
25 44.87640461019272
26 66.56640001001712
27 58.47715569004852
28 102.6684987915692
29 97.22266248175586
30 53.344324537942825
31 95.7561752619871
32 75.5487778569483
33 81.2423203166498
34 54.25098081382236
35 28.44651044375219
36 41.1834293779584
37 101.77261780779648
38 21.778889601677047
39 77.10162388258045
40 86.08553475019843
41 74.92485952082691
42 84.08363919770682
43 83.07666900565192
44 97.92725088086
45 93.84704264736584
46 21.11135269924908
47 56.96098610751455
48 56.89216247878798
49 51.47737066818686
50 21.500172752763284
51 89.77696265256957
52 99.38032963309189
53 83.23120423243375
54 62.03126598153928
55 58.68658170316399
56 44.71847859398856
57 118.44282888796384
58 118.69005895081247
59 73.88841513723968
60 94.37549809956884
61 58.38736595126151
62 113.80846574018429
63 81.45417940761955
64 110.15598414457376
65 30.837044929825627
66 27.29415480192953
67 58.04542791087582
68 52.94228204224141
69 106.35997993218974
70 51.612951461650475
71 107.76734911513033
72 116.77812866403052
73 99.94848136555935
74 49.975678535694314
75 98.8579853640115
76 24.43460283476714
77 23.067831141818743
78 85.09089248153464
79 58.47770724575513
80 60.071840237482306
81 95.84538737192177
82 21.880117986175712
83 77.5550702607336
84 102.2075300371276
85 76.87377371947025
86 71.71233781496652
87 64.46165103923187
88 85.92592351195006
89 118.98079689031744
90 37.9996705000536
91 26.229874115711088
92 67.10874315943695
93 113.3226842510719
94 43.4062945184852
95 49.09419278576445
96 83.44198253028756
97 41.28608434311007
98 67.45786277317922
99 96.32744426036278
0 1
1 2
1 83
2 3
2 83
3 4
3 51
3 87
4 5
4 35
4 55
4 57
4 63
5 6
5 49
5 99
6 7
6 30
6 51
6 60
6 77
6 92
7 8
8 9
8 14
9 10
9 95
10 11
10 33
10 93
10 98
11 12
12 13
12 32
12 48
12 69
13 14
13 88
13 97
14 15
14 50
14 69
15 16
15 26
15 64
16 17
16 61
17 18
17 28
18 19
18 48
18 79
19 20
20 21
21 22
21 83
22 23
22 41
22 60
22 79
23 24
23 83
24 25
24 82
24 85
25 26
25 78
26 27
26 63
26 73
27 28
27 75
28 29
28 85
28 97
29 30
30 31
30 61
30 95
31 32
31 43
31 65
32 33
32 54
33 34
33 98
34 35
34 54
34 59
34 84
35 36
35 76
35 96
36 37
36 98
37 38
37 57
38 39
38 90
39 40
39 84
40 41
40 73
40 83
40 86
40 89
41 42
41 79
42 43
42 62
43 44
43 92
43 98
44 45
45 46
45 94
46 47
46 90
46 97
47 48
48 49
48 61
49 50
49 81
50 51
50 86
51 52
52 53
52 78
53 54
53 59
54 55
54 61
54 92
55 56
56 57
57 58
57 81
57 87
58 59
59 60
60 61
60 79
60 82
61 62
61 84
61 88
62 63
62 68
62 70
63 64
63 68
64 65
65 66
65 74
65 89
66 67
66 98
67 68
68 69
68 81
68 83
69 70
70 71
70 83
71 72
72 73
73 74
73 76
74 75
75 76
76 77
77 78
78 79
78 84
78 94
79 80
80 81
81 82
82 83
83 84
84 85
84 93
85 86
86 87
86 90
87 88
88 89
89 90
89 92
90 91
91 92
92 93
93 94
93 96
94 95
95 96
96 97
97 98
98 99
