0 103.96914990094633
1 79.05292593352328
2 28.313720214087795
3 84.09298006901707
4 20.94592985032822
5 22.048798203599777
6 102.21406351505027
7 21.548225352932132
8 110.03137935270932
9 74.99916880536895
10 31.902401188728994
11 29.93352604459492
12 63.63611466933866
13 110.20966751557931
14 25.482935539591228
15 31.037390924022148
16 49.52610619223208
17 116.34834013706467
18 102.15233555060313
19 61.785687724881946
20 116.16915562712632
21 115.53309827917545
22 49.0374217351812
23 115.41133224854309
24 28.71956566375105
25 31.269957064527485
26 95.3425055657554
27 112.88302083392676
28 45.33649815596898
29 45.57518517613504
30 61.59754414322625
31 117.97495954659261
32 96.75404122797555
33 21.993365622660026
34 21.58339195293874
35 36.80094435266359
36 63.368788139309245
37 112.72736682840461
38 22.420586494578146
39 23.202578598103035
40 53.58330328444241
41 112.72502134302218
42 44.343302216315564
43 45.07279983547317
44 74.74153523727921
45 71.3213029648382
46 45.84021639737591
47 53.51227958268147
48 53.71491555781204
49 22.91365008526947
50 32.129206380043065
51 36.657725506709255
52 108.04547916155497
53 52.15198538426601
54 105.34296683626738
55 33.08743824295762
56 90.52506453832541
57 66.25395198972481
58 103.33775982248052
59 25.900954100980837
60 30.187273497832663
61 107.30968096850445
62 110.69770098765967
63 37.885970558989406
64 70.91151111475868
65 100.81944624586971
66 30.29211430413236
67 100.62716613524977
68 65.18613035895189
69 103.21133666385417
70 36.653666846783295
71 75.97794822113539
72 115.05031308457225
73 80.7150919969733
74 93.48013355713091
75 67.00753663379764
76 64.83201588004167
77 24.722073741930778
78 106.72279621859931
79 67.35222279446698
80 41.02192587522946
81 84.6403106427936
82 102.00966742949475
83 62.841068996161574
84 103.47106442563134
85 78.25740200343314
86 60.56184488257926
87 117.33264425544543
88 119.0723145151628
89 21.753039645163078
90 21.296482325515026
91 45.89088755670447
92 94.18379630469471
93 106.75675068831364
94 58.47002028774875
95 102.74454787096889
96 105.27469834446552
97 40.225418511476676
98 74.00047138812519
99 88.91605644888766
0 1
0 3
0 12
0 20
0 23
0 24
0 31
0 41
0 42
0 46
0 48
0 51
0 60
0 74
0 78
0 95
1 2
1 6
1 8
1 11
1 16
1 23
1 26
1 29
1 36
1 47
1 58
1 69
1 77
1 85
2 3
2 17
2 19
2 21
2 26
2 35
2 40
2 54
2 67
2 68
2 98
3 4
3 6
3 12
3 28
3 33
3 61
3 70
3 71
3 72
3 75
3 88
4 5
4 14
4 16
4 26
4 28
4 37
4 63
4 68
4 79
4 84
4 88
4 92
4 96
5 6
5 8
5 18
5 23
5 32
5 39
5 54
5 63
5 71
5 76
5 95
5 99
6 7
6 31
6 33
6 59
6 72
6 73
6 88
7 8
7 15
7 31
7 45
7 50
7 77
7 86
8 9
8 10
8 18
8 19
8 23
8 27
8 49
8 57
8 69
8 76
8 81
8 90
8 91
8 93
8 94
8 97
8 99
9 10
9 13
9 15
9 19
9 25
9 56
9 65
9 66
9 80
9 88
9 92
9 93
9 95
9 97
10 11
10 30
10 34
10 39
10 45
10 46
10 53
10 57
10 62
10 64
10 67
10 79
10 81
11 12
11 25
11 30
11 66
11 70
11 73
11 99
12 13
12 22
12 29
12 33
12 42
12 49
12 52
12 55
12 85
12 92
12 95
13 14
13 20
13 24
13 31
13 56
14 15
14 28
14 35
14 62
14 64
15 16
15 23
15 25
15 30
15 37
15 44
15 56
15 58
15 66
15 97
15 98
16 17
16 39
16 55
16 61
16 71
16 89
16 93
16 95
17 18
17 31
17 37
17 38
17 55
17 70
17 88
18 19
18 28
18 40
18 48
18 65
18 84
18 89
18 90
19 20
19 25
19 29
19 45
19 52
19 65
19 77
19 80
19 85
19 87
19 89
20 21
20 34
20 46
20 47
20 53
20 54
20 62
20 67
21 22
21 24
21 31
21 32
21 39
21 50
21 52
21 58
21 59
21 61
21 66
21 67
21 70
21 76
21 96
21 99
22 23
22 40
22 46
22 50
22 52
22 60
22 61
22 64
22 80
22 81
22 88
23 24
23 31
23 41
23 44
23 54
23 56
23 68
23 69
23 76
23 77
24 25
24 35
24 46
24 48
24 51
24 81
24 92
24 96
24 99
25 26
25 29
25 34
25 41
25 45
25 49
25 52
25 56
25 61
25 63
25 81
25 85
25 87
26 27
26 89
26 97
26 99
27 28
27 36
27 54
27 73
27 96
28 29
28 45
28 51
28 65
28 72
28 97
29 30
29 55
29 62
29 79
29 92
30 31
30 36
30 43
30 53
30 66
30 84
30 88
30 92
31 32
31 33
31 43
31 45
31 72
31 88
32 33
32 47
32 67
32 83
32 90
32 96
32 97
33 34
33 37
33 46
33 51
33 60
33 64
33 69
33 76
33 77
33 80
33 83
34 35
34 47
34 69
34 77
34 82
34 85
34 86
34 96
35 36
35 44
35 45
35 88
35 98
36 37
36 43
36 74
36 77
36 81
36 87
36 92
36 95
36 96
37 38
37 47
37 67
37 73
38 39
38 49
38 58
38 59
38 72
38 76
39 40
39 46
39 58
39 81
39 96
40 41
40 47
40 48
40 64
40 66
40 74
41 42
41 55
41 63
41 65
41 67
41 68
41 76
41 93
42 43
42 48
42 49
42 51
42 54
42 57
42 71
42 82
42 83
42 85
42 89
43 44
43 50
43 52
43 59
43 68
43 72
43 76
43 93
44 45
44 49
44 55
44 59
44 70
44 80
44 86
44 99
45 46
45 53
45 54
45 71
45 72
45 95
46 47
46 56
46 58
46 63
46 67
46 68
46 75
47 48
47 68
47 69
47 70
47 77
47 88
48 49
48 72
48 81
48 96
49 50
49 51
49 60
49 66
49 67
49 83
50 51
50 54
50 60
50 69
50 74
50 75
50 83
51 52
51 55
51 69
51 71
51 76
51 77
51 80
52 53
52 59
52 63
52 66
52 72
52 97
53 54
53 64
53 70
53 87
53 94
54 55
54 69
54 94
55 56
55 65
55 70
55 71
55 87
55 92
55 95
55 97
56 57
56 58
56 63
56 69
56 73
56 76
56 84
56 87
56 92
56 95
57 58
57 63
57 78
57 93
57 98
58 59
58 61
58 81
58 89
58 99
59 60
59 85
59 90
59 92
60 61
60 75
60 83
60 85
61 62
61 83
62 63
62 69
62 85
62 99
63 64
63 66
63 67
63 86
63 88
63 97
64 65
64 69
64 97
65 66
65 68
66 67
66 68
66 69
66 70
66 75
66 79
66 90
66 92
67 68
67 78
67 81
67 84
67 85
67 90
68 69
68 87
68 88
68 90
69 70
69 77
69 92
69 97
70 71
70 83
70 85
70 86
70 93
70 94
70 96
70 98
71 72
71 80
71 88
72 73
73 74
73 75
73 76
73 96
73 97
73 98
74 75
75 76
76 77
77 78
77 84
78 79
78 82
79 80
79 83
79 84
79 99
80 81
80 83
80 96
80 99
81 82
82 83
83 84
83 85
83 97
84 85
84 88
84 96
85 86
85 91
86 87
87 88
87 95
88 89
88 94
89 90
89 91
89 99
90 91
91 92
92 93
92 96
93 94
93 99
94 95
94 98
95 96
96 97
97 98
98 99
