0 79.169989046383
1 93.154290865729
2 73.18797240141902
3 112.60487180475432
4 29.541981603193516
5 82.39369096927632
6 105.20704746405855
7 79.40573248776107
8 114.66994329385547
9 82.3691671163662
10 47.939693069492236
11 39.18218425865365
12 76.80620206627506
13 74.89498444507836
14 41.510909841145875
15 107.06775192080957
16 78.74980240634852
17 71.25785812076657
18 78.50422737910458
19 82.00048374646943
20 115.12383492785186
21 35.027358041028265
22 112.46616422597874
23 79.8727660181265
24 75.38929903918643
25 82.76024957459225
26 53.72005082342952
27 46.12689007091058
28 29.76555678425743
29 30.765872818573285
30 117.8487228319212
31 30.856039008905025
32 92.13758307343598
33 111.66607963976409
34 76.678204589894
35 29.099326967273594
36 25.065349225839952
37 93.1746584466926
38 24.192231354061228
39 111.77336939696835
40 91.17088542326441
41 93.33758122006854
42 110.53004351961488
43 98.56180442647369
44 22.463652163321907
45 101.41679239892986
46 116.06760044913597
47 53.08808134448643
48 74.57507186503916
49 81.6667261061761
50 34.55498083441705
51 112.8257422532811
52 56.408195476066794
53 58.44406636305293
54 109.38038882620077
55 101.45432461302194
56 77.36864383759308
57 55.407716647970275
58 20.25389135464615
59 109.74792361385184
60 34.128105606018
61 89.00735648802026
62 48.95160374503094
63 72.5873502333553
64 66.78186423501359
65 97.02534714275677
66 62.2337429163189
67 114.3157422049776
68 50.29693475755211
69 116.62814757245624
70 37.647598340598215
71 82.41137431377211
72 51.30759717887581
73 113.19986197080073
74 23.649139317508208
75 40.33033850466709
76 72.60022795346369
77 101.17186448937954
78 69.32464423659694
79 44.37565170972181
80 28.039512224129787
81 91.12893043158715
82 80.96635418826045
83 86.57826712979906
84 39.22326592156899
85 43.663652593528866
86 62.853852160839644
87 45.829381650284674
88 21.813262102129777
89 109.76736605731072
90 77.81551452702622
91 52.88230491656299
92 34.27458788627452
93 89.98719409586216
94 119.4920123199747
95 41.34609461150466
96 94.66626135821569
97 50.14521557239637
98 22.69653490458569
99 26.42205590553071
0 1
0 2
0 14
0 36
0 46
0 50
0 57
0 66
0 78
0 79
0 80
0 84
0 86
0 90
1 2
1 11
1 14
1 18
1 41
1 56
1 67
1 72
1 81
2 3
2 5
2 7
2 25
2 29
2 50
2 52
2 53
2 55
2 73
2 86
2 88
2 89
2 93
2 96
2 99
3 4
3 5
3 13
3 15
3 20
3 23
3 26
3 52
3 59
3 72
3 79
3 90
3 91
3 92
3 99
4 5
4 8
4 16
4 23
4 51
4 57
4 86
4 89
4 93
4 97
5 6
5 22
5 24
5 54
5 73
5 78
5 80
5 90
5 99
6 7
6 18
6 27
6 29
6 35
6 36
6 75
6 81
6 82
6 84
6 88
7 8
7 32
7 33
7 38
7 53
7 55
7 56
7 63
7 73
7 78
7 99
8 9
8 26
8 28
8 43
8 62
8 65
8 68
8 72
8 85
8 94
9 10
9 15
9 24
9 32
9 46
9 58
9 78
9 80
9 81
9 90
9 94
9 96
10 11
10 15
10 21
10 22
10 30
10 42
10 46
10 48
10 56
10 75
10 78
10 84
11 12
11 13
11 31
11 57
11 61
11 62
11 89
11 94
12 13
12 18
12 20
12 43
12 54
13 14
13 26
13 29
13 39
13 41
13 45
13 83
13 98
13 99
14 15
14 28
14 31
14 38
14 50
14 59
14 60
14 83
15 16
15 22
15 28
15 37
15 41
15 47
15 50
15 63
15 85
15 86
15 92
16 17
16 29
16 38
16 41
16 52
16 63
16 70
16 75
16 80
16 93
16 96
17 18
17 27
17 32
17 38
17 39
17 47
17 56
17 60
17 63
17 72
17 77
18 19
18 22
18 23
18 28
18 52
18 95
19 20
19 33
19 38
19 39
19 41
19 42
19 47
19 56
19 61
19 64
19 70
19 72
19 79
20 21
20 36
20 38
20 45
20 63
20 65
20 68
20 80
20 82
20 84
20 86
20 88
20 89
21 22
21 23
21 28
21 31
21 34
21 41
21 47
21 49
21 58
21 70
21 77
21 99
22 23
22 39
22 55
22 96
23 24
23 26
23 27
23 29
23 42
23 44
23 87
23 88
23 95
24 25
24 28
24 30
24 34
24 62
24 83
24 87
25 26
25 28
25 42
25 48
25 69
25 77
25 78
25 79
25 84
25 94
26 27
26 39
26 49
26 51
26 58
26 67
26 74
27 28
27 29
27 40
27 45
27 51
27 58
27 76
27 79
27 90
27 95
28 29
28 35
28 37
28 55
28 63
28 67
28 68
28 81
28 95
29 30
29 41
29 65
29 77
29 85
29 87
29 94
30 31
30 44
30 46
30 48
30 50
30 51
30 59
30 76
30 86
30 96
31 32
31 33
31 45
31 48
31 50
31 53
31 57
31 59
31 62
31 70
31 73
31 81
32 33
32 34
32 70
32 85
32 96
32 97
33 34
33 39
33 46
33 48
33 51
33 64
33 72
33 80
33 84
33 92
34 35
34 36
34 37
34 39
34 53
34 57
34 59
34 69
34 75
35 36
35 50
35 64
35 86
36 37
36 40
36 46
36 60
36 68
36 74
36 75
36 79
36 80
36 91
37 38
37 57
37 61
37 63
37 72
37 86
37 99
38 39
38 43
38 46
38 51
38 61
38 68
38 72
38 75
38 93
39 40
39 53
39 58
39 77
39 84
39 94
40 41
40 44
40 60
40 65
40 73
40 76
40 85
41 42
41 55
41 63
41 64
41 68
41 76
41 87
42 43
42 55
42 64
42 74
42 98
43 44
43 48
43 54
43 55
43 61
43 66
43 86
43 87
44 45
44 55
44 60
44 61
44 63
44 79
44 91
44 93
44 94
45 46
45 51
45 60
45 64
45 66
45 85
45 91
45 99
46 47
46 52
46 78
46 81
47 48
47 55
47 57
47 67
47 70
47 72
47 77
47 89
47 98
48 49
48 51
48 80
48 94
49 50
49 56
49 75
49 82
49 85
49 87
49 88
50 51
50 53
50 72
50 73
50 81
50 82
50 87
50 97
51 52
51 80
51 84
52 53
52 57
52 70
53 54
53 58
53 61
53 72
53 80
53 85
53 88
53 90
54 55
54 57
54 58
54 63
54 84
54 95
54 96
54 97
55 56
55 57
55 60
55 62
55 64
55 66
55 78
55 99
56 57
56 74
56 77
56 81
56 83
56 88
56 93
56 97
56 98
57 58
57 81
58 59
58 73
58 79
58 87
58 97
59 60
59 77
59 79
59 80
60 61
60 81
60 84
61 62
61 90
61 94
62 63
62 64
62 94
63 64
63 65
63 89
63 97
64 65
64 66
64 67
64 69
64 73
64 87
65 66
65 75
65 86
66 67
66 90
67 68
67 70
67 72
67 73
67 85
67 98
68 69
68 70
68 77
69 70
69 73
69 94
70 71
70 84
71 72
71 91
71 99
72 73
72 83
72 92
73 74
74 75
74 99
75 76
75 79
76 77
76 79
76 86
76 93
76 97
77 78
77 94
78 79
78 85
78 86
79 80
79 96
80 81
80 83
80 92
81 82
81 93
82 83
82 94
83 84
84 85
84 91
85 86
85 90
85 96
86 87
86 88
86 92
87 88
87 94
88 89
88 91
89 90
90 91
90 95
91 92
92 93
93 94
94 95
95 96
96 97
97 98
98 99
