0 63.11389785071673
1 29.738284631307348
2 108.73628264077298
3 48.624195020951014
4 83.95692966304217
5 93.06055920612819
6 35.349803055481416
7 64.18149221138509
8 105.8461941674754
9 49.550876421924784
10 56.07172355866861
11 83.77893776868851
12 40.911937890728694
13 102.64916750289964
14 75.54912290523815
15 97.42811977820551
16 23.186996113345508
17 76.7786003151505
18 30.265553512997553
19 49.28501634208964
20 27.38814112341588
21 38.406704340012666
22 35.22198591501963
23 111.14265808188566
24 45.63974689877653
25 33.32289833681459
26 47.25299040537236
27 88.80430941485031
28 90.72187127430449
29 111.57095661624406
30 28.84350835253922
31 62.51205226400809
32 57.0226242594442
33 34.22898022481455
34 35.47170429849015
35 24.42214090910423
36 111.09724741598104
37 82.10823786745802
38 116.78860110846321
39 91.05985046286592
40 102.58402724480932
41 115.44622530156704
42 117.35529335221648
43 36.75296065964231
44 83.19986529212449
45 65.7981408468963
46 86.19373527945834
47 115.23443868668791
48 96.6358712177888
49 76.58493593089156
50 56.06724230735703
51 110.92127241917791
52 55.396128742466004
53 47.13494077012466
54 33.19198847111128
55 88.81782271349284
56 51.97034626949453
57 76.56004714589949
58 45.99097001290175
59 92.55844629438923
60 61.20382255186684
61 48.436265173343266
62 37.537012030382144
63 73.79560546943999
64 78.3257454516922
65 45.012425719196884
66 50.49161458830643
67 22.95599943081869
68 102.81959515225014
69 30.549677998738193
70 45.63153594792481
71 111.32875059554223
72 22.166975562625918
73 97.3983759279618
74 115.46517836281552
75 47.51601109362478
76 71.46892908156852
77 25.547779699479115
78 102.97604642452944
79 97.46779928106044
80 45.04640680775112
81 66.63800242153948
82 112.19062828426904
83 116.63928650964667
84 114.34425496255572
85 26.802456821936488
86 102.05325060684605
87 95.25012734815523
88 62.810668855615056
89 89.21300944615545
90 88.00062832863554
91 23.1918737779583
92 82.89683235398608
93 86.82892234580096
94 36.663946350308834
95 39.820889549547005
96 92.91899969153728
97 108.6046114213057
98 28.28648395649494
99 45.6905921727977
0 1
0 3
0 4
0 6
0 8
0 16
0 17
0 29
0 39
0 41
0 45
0 51
0 53
0 61
0 65
0 83
0 84
0 86
0 88
0 99
1 2
1 3
1 6
1 7
1 19
1 24
1 27
1 28
1 59
1 68
1 69
1 70
1 71
2 3
2 4
2 15
2 16
2 17
2 18
2 22
2 28
2 31
2 34
2 39
2 43
2 47
2 52
2 63
2 66
2 70
2 74
2 77
2 89
3 4
3 9
3 15
3 16
3 17
3 18
3 29
3 44
3 46
3 48
3 49
3 51
3 59
3 61
3 77
3 80
3 83
3 84
3 85
4 5
4 19
4 20
4 21
4 30
4 32
4 33
4 42
4 52
4 55
4 58
4 68
4 97
5 6
5 9
5 12
5 14
5 27
5 35
5 37
5 45
5 46
5 55
5 56
5 74
5 81
5 86
5 87
5 90
5 91
5 95
6 7
6 10
6 13
6 15
6 28
6 34
6 37
6 38
6 48
6 53
6 57
6 67
6 71
6 72
6 92
6 93
7 8
7 21
7 27
7 35
7 53
7 55
7 60
7 67
7 73
7 74
7 82
7 94
8 9
8 17
8 30
8 31
8 42
8 65
8 71
8 75
8 83
8 91
9 10
9 11
9 17
9 19
9 25
9 32
9 35
9 42
9 48
9 52
9 62
9 64
9 67
9 70
9 76
9 78
9 81
9 82
10 11
10 22
10 33
10 36
10 40
10 46
10 47
10 48
10 53
10 55
10 57
10 58
10 67
10 72
10 77
10 94
10 96
11 12
11 15
11 18
11 25
11 32
11 36
11 44
11 49
11 50
11 52
11 55
11 56
11 57
11 62
11 63
11 68
11 88
11 90
11 94
11 99
12 13
12 15
12 36
12 60
12 65
12 66
12 67
12 70
12 79
12 82
12 89
12 92
12 93
13 14
13 16
13 27
13 28
13 31
13 42
13 44
13 57
13 59
13 65
13 69
13 70
13 71
13 85
13 86
13 96
14 15
14 18
14 23
14 30
14 32
14 33
14 38
14 45
14 52
14 54
14 63
14 64
14 65
14 66
14 70
14 76
14 82
14 90
14 92
14 94
15 16
15 27
15 44
15 46
15 54
15 60
15 64
15 68
15 75
15 79
15 80
15 88
15 98
16 17
16 20
16 23
16 28
16 30
16 39
16 46
16 70
16 73
16 82
16 85
16 88
16 95
16 97
17 18
17 21
17 22
17 34
17 41
17 45
17 50
17 52
17 64
17 81
18 19
18 46
18 47
18 56
18 61
18 65
18 67
18 69
18 77
18 80
18 81
18 83
18 84
18 85
19 20
19 24
19 30
19 33
19 38
19 45
19 46
19 47
19 48
19 50
19 53
19 55
19 65
19 67
19 77
19 94
19 95
19 96
19 98
20 21
20 23
20 30
20 37
20 38
20 42
20 44
20 46
20 59
20 60
20 65
20 72
20 85
20 87
20 92
20 93
21 22
21 42
21 49
21 52
21 56
21 57
21 59
21 60
21 67
21 68
21 74
21 76
21 82
21 83
21 85
21 92
21 95
22 23
22 28
22 29
22 43
22 44
22 51
22 52
22 54
22 65
22 73
22 74
22 78
22 83
22 84
22 86
22 92
22 95
22 96
23 24
23 27
23 35
23 36
23 37
23 40
23 54
23 57
23 61
23 64
23 66
23 70
23 73
23 87
23 89
23 90
23 97
23 98
24 25
24 32
24 36
24 37
24 39
24 45
24 46
24 55
24 57
24 64
24 65
24 88
24 94
24 96
25 26
25 31
25 34
25 39
25 43
25 45
25 49
25 54
25 55
25 58
25 60
25 63
25 64
25 67
25 86
25 87
25 92
25 95
25 99
26 27
26 33
26 40
26 48
26 52
26 55
26 56
26 63
26 64
26 69
26 73
26 75
26 88
26 92
26 97
27 28
27 32
27 36
27 37
27 42
27 64
27 68
27 75
27 80
27 86
27 88
27 94
27 96
27 98
28 29
28 36
28 38
28 45
28 50
28 51
28 52
28 55
28 63
28 66
28 68
28 69
28 70
28 74
28 85
28 87
28 89
28 91
28 93
28 94
29 30
29 32
29 33
29 41
29 52
29 68
29 77
29 80
29 88
29 89
29 91
29 93
29 94
29 96
30 31
30 34
30 44
30 55
30 56
30 61
30 65
30 75
30 84
30 92
30 93
31 32
31 48
31 50
31 51
31 55
31 57
31 63
31 67
31 73
31 76
31 87
31 95
32 33
32 40
32 42
32 46
32 51
32 52
32 54
32 70
32 71
32 82
32 83
32 93
32 97
33 34
33 37
33 44
33 46
33 49
33 52
33 56
33 57
33 58
33 60
33 62
33 64
33 65
33 71
33 73
33 74
33 84
33 85
33 90
34 35
34 36
34 44
34 45
34 60
34 64
34 67
34 69
34 74
34 81
34 87
34 91
34 97
34 99
35 36
35 42
35 48
35 53
35 54
35 55
35 61
35 64
35 65
35 73
35 74
35 76
35 77
35 80
35 83
35 94
36 37
36 40
36 43
36 44
36 48
36 50
36 58
36 60
36 66
36 80
36 89
36 90
36 99
37 38
37 39
37 40
37 58
37 62
37 65
37 66
37 77
37 89
37 96
37 98
37 99
38 39
38 44
38 48
38 54
38 56
38 65
38 70
38 83
38 86
38 98
39 40
39 41
39 43
39 44
39 46
39 53
39 56
39 63
39 66
39 68
39 69
39 76
39 79
39 85
39 91
39 94
39 96
40 41
40 43
40 45
40 48
40 66
40 69
40 70
40 74
40 77
40 83
40 84
40 90
40 91
40 97
41 42
41 45
41 47
41 51
41 60
41 61
41 65
41 66
41 71
41 75
41 81
41 87
41 91
41 98
42 43
42 45
42 65
42 71
42 80
42 86
42 90
42 91
42 95
43 44
43 47
43 49
43 50
43 64
43 69
43 70
43 84
43 89
44 45
44 46
44 50
44 59
44 64
44 76
44 92
45 46
45 51
45 52
45 60
45 63
45 66
45 70
45 73
45 74
45 79
45 85
45 89
45 90
45 96
46 47
46 48
46 49
46 51
46 67
46 69
46 71
46 77
46 85
47 48
47 51
47 53
47 54
47 58
47 59
47 61
47 67
47 68
47 69
47 70
47 72
47 74
47 78
47 87
47 91
47 95
48 49
48 62
48 64
48 80
48 81
48 85
48 96
49 50
49 51
49 54
49 57
49 59
49 66
49 71
49 73
49 76
49 79
49 80
49 82
49 87
49 89
49 90
49 92
49 93
49 95
50 51
50 56
50 66
50 71
50 77
50 90
50 92
50 98
51 52
51 54
51 62
51 66
51 67
51 70
51 73
51 84
51 87
51 97
51 98
52 53
52 58
52 74
52 85
52 88
52 89
52 96
52 97
53 54
53 59
53 68
53 73
53 82
53 92
53 93
54 55
54 57
54 60
54 61
54 66
54 68
54 69
54 84
54 87
54 88
54 93
54 96
55 56
55 59
55 63
55 64
55 66
55 72
55 80
55 82
55 89
55 96
55 98
56 57
56 62
56 63
56 67
56 86
56 98
57 58
57 69
57 75
57 78
57 84
58 59
58 64
58 76
58 81
58 89
58 90
58 91
59 60
59 67
59 69
59 71
59 72
59 73
59 74
59 77
59 78
59 80
59 92
59 95
59 97
59 98
59 99
60 61
60 70
60 74
60 75
60 83
60 87
60 99
61 62
61 65
61 70
61 71
61 77
61 90
61 92
61 93
61 94
61 97
62 63
62 72
62 74
62 87
62 91
63 64
63 73
63 82
63 92
64 65
64 69
64 73
64 76
64 83
64 86
64 91
64 95
65 66
65 70
65 75
65 77
65 80
66 67
66 69
66 71
66 84
66 94
67 68
67 73
67 75
67 78
67 81
67 87
67 98
68 69
68 80
68 94
68 95
68 96
69 70
69 72
69 74
69 80
69 84
69 86
69 99
70 71
70 78
70 80
70 81
70 82
70 84
70 91
70 92
70 96
71 72
71 73
71 78
71 79
71 85
71 87
71 88
71 90
71 91
72 73
72 94
72 96
73 74
73 75
73 76
73 79
73 85
73 87
73 93
74 75
74 81
74 82
74 83
74 88
74 94
74 95
75 76
75 80
75 87
75 88
75 94
75 95
76 77
76 79
76 80
76 85
76 88
76 89
76 98
77 78
77 79
77 85
77 86
77 87
77 92
77 93
77 95
77 97
78 79
78 85
78 98
79 80
79 83
79 93
79 98
80 81
80 85
80 92
80 93
81 82
81 83
81 86
81 97
81 99
82 83
82 88
83 84
83 85
83 89
83 97
84 85
84 92
84 97
85 86
85 90
85 92
85 93
86 87
86 89
86 93
86 98
87 88
87 98
88 89
88 91
88 93
89 90
89 96
90 91
90 97
91 92
92 93
92 95
92 96
92 98
93 94
94 95
94 96
94 97
95 96
96 97
97 98
98 99
