0 64.79947309916648
1 36.93181345420476
2 105.77182258191849
3 36.32478509071251
4 92.52614103274414
5 92.62152275777252
6 106.76500793590752
7 95.64802876486519
8 62.29634813472663
9 59.90486097455788
10 34.272191618799155
11 108.9102685347054
12 57.65417785219813
13 108.25269678449843
14 70.55742168471151
15 108.79775600834697
16 103.58240990534844
17 107.45150556884494
18 91.12302036405012
19 83.5811687181833
20 94.0972848710511
21 36.452463594069535
22 66.30916425898684
23 108.73850868061575
24 85.9994095894372
25 98.23032482731246
26 78.92901084858394
27 113.33684242616404
28 24.970309400468466
29 35.86995068494325
30 113.63092030019185
31 99.09586743219705
32 68.73939512169426
33 41.289808528335264
34 23.77694371969436
35 40.31020310943468
36 98.70623101918206
37 97.328149429828
38 109.84943094659579
39 106.18614828218499
40 66.18814063474422
41 96.35897477137772
42 49.74522019050529
43 63.652652428996745
44 102.37335084253436
45 34.171301628341105
46 105.78961980976561
47 38.33504824645645
48 32.09502558488067
49 86.53668035444865
50 95.89994258455046
51 34.134089205481125
52 70.70172706457699
53 37.7062717009727
54 57.05107597463356
55 37.73167601924614
56 50.584934108663525
57 45.02022951696182
58 48.043220716935565
59 63.348620476673446
60 119.33447146464655
61 91.87854831960937
62 35.544555373830114
63 25.20862314486872
64 75.0278289761329
65 102.5139123635331
66 82.47928145747119
67 60.416641462071425
68 55.81949363016439
69 66.32349580054239
70 111.05412500659234
71 63.33866592379363
72 80.78160868533374
73 46.95811061723916
74 44.06404264019548
75 34.07383686698317
76 46.8573873082953
77 31.933446156092195
78 37.59055696369366
79 88.23877062619366
80 22.823899828742306
81 112.2195759408368
82 105.80373686031426
83 23.037817263745513
84 45.32101360071498
85 68.08133036186975
86 104.30160492434386
87 85.47197065048962
88 114.28835974867535
89 77.3835162392934
90 82.26825749884831
91 42.54291988577175
92 105.5624567876703
93 55.64138087622003
94 35.704812554814794
95 110.43778745495393
96 66.9211736497702
97 83.288113808579
98 94.08480581049245
99 59.93388533683367
0 1
0 32
0 51
0 91
1 2
1 41
1 44
1 71
2 3
2 16
2 75
3 4
3 16
3 80
3 85
3 95
4 5
4 12
4 40
4 75
5 6
5 96
6 7
6 61
6 85
7 8
8 9
8 24
8 72
8 77
8 92
9 10
9 93
10 11
10 55
10 57
10 99
11 12
11 21
11 68
12 13
12 18
12 49
13 14
13 64
13 81
14 15
15 16
16 17
16 88
17 18
17 52
18 19
18 45
18 47
18 93
19 20
19 59
19 95
20 21
20 55
21 22
21 25
22 23
22 85
23 24
24 25
24 34
24 55
25 26
25 30
25 45
25 62
25 77
26 27
26 52
26 87
27 28
27 33
27 74
27 77
27 80
28 29
29 30
29 41
29 73
29 97
30 31
30 64
31 32
32 33
32 55
33 34
33 42
33 84
34 35
34 43
35 36
36 37
37 38
37 80
38 39
38 85
39 40
39 58
39 83
40 41
40 89
41 42
41 58
41 59
42 43
43 44
43 57
44 45
44 57
44 71
44 91
45 46
45 73
46 47
46 60
47 48
48 49
48 59
49 50
49 72
50 51
51 52
51 69
52 53
52 58
53 54
53 65
53 69
53 72
53 83
53 88
54 55
55 56
55 88
56 57
57 58
57 86
58 59
59 60
59 86
60 61
60 69
60 85
61 62
61 99
62 63
62 75
63 64
64 65
65 66
65 77
66 67
67 68
67 86
68 69
69 70
69 77
70 71
70 76
71 72
72 73
72 93
73 74
73 98
74 75
75 76
76 77
77 78
77 90
78 79
78 92
78 99
79 80
80 81
81 82
82 83
82 96
83 84
84 85
85 86
86 87
87 88
88 89
89 90
90 91
91 92
92 93
93 94
94 95
95 96
96 97
97 98
98 99
