0 108.98588374362313
1 30.08835794655912
2 20.882785094150318
3 101.46006392307635
4 113.40468462952329
5 38.689648242824845
6 64.1231743361558
7 90.33641200133303
8 59.830006135269755
9 72.00735677180637
10 74.84206859771538
11 65.38163220947857
12 73.30942438419379
13 94.6858934430275
14 102.57007510362644
15 102.1070709260428
16 89.06577137265012
17 57.768207826474914
18 29.235657348769532
19 45.00513392859892
20 91.48656227865851
21 74.27058433819546
22 94.7104603590905
23 54.62451224103067
24 88.3536983801989
25 110.07351633778325
26 39.774189286012415
27 77.6900814492683
28 99.14948519065544
29 88.22746539160399
30 99.68075722503706
31 69.66509376309102
32 101.99770657756972
33 55.651118305250506
34 73.79266692182807
35 39.09458409730644
36 27.64610463516089
37 115.20375519882539
38 117.1606470643928
39 76.13545917079318
40 110.86930776469973
41 83.24215690959332
42 48.46084439061262
43 73.87001798646787
44 109.76890210015041
45 93.02647443678664
46 45.3618861279898
47 50.316147346951205
48 81.6699421785845
49 27.718305325477772
50 103.17941274912161
51 31.488770280184077
52 60.660957192220124
53 33.218217527392774
54 65.58575140410467
55 61.43360536039871
56 116.29706568320881
57 30.718760827531646
58 97.1775969164086
59 63.845640770859056
60 85.5835173110044
61 21.603029599231043
62 56.864711087802306
63 91.70116059294254
64 61.07963565974373
65 53.197638431783915
66 48.32780185531351
67 66.27356897262342
68 86.81077821244935
69 92.89297768770989
70 69.20393436150711
71 24.969642000348806
72 60.648591382584804
73 40.272406098272114
74 54.19291169731776
75 68.61428526052383
76 66.91749303946422
77 92.14608744290231
78 108.93830025423793
79 23.128223149569997
80 66.20798017363177
81 63.76394428844274
82 61.32188611824723
83 107.98451774420766
84 50.725008399494214
85 60.98620820841585
86 114.72049121366544
87 34.39615094403466
88 32.972334806139784
89 92.81890096034985
90 73.80928076343963
91 39.878383956460425
92 73.17139945677587
93 111.47549934724222
94 27.65582594302146
95 102.6459513056602
96 66.53594674501977
97 68.00494789207673
98 117.13430101212897
99 69.24658786878457
100 105.37127803190205
101 75.53010142296685
102 84.09944768439956
103 71.8987764704681
104 102.93963547951145
105 79.26954012598623
106 98.29500619390865
107 108.19304460885505
108 116.13093450058699
109 42.76966797595645
110 84.63148301239924
111 105.13247399059117
112 32.200662260397145
113 73.15285371462421
114 28.253345817657532
115 91.92957499872388
116 91.18443442291606
117 24.691341619471935
118 117.72580594610464
119 61.543036884145685
120 100.0714011636667
121 39.6454819541982
122 97.70656520457857
123 109.62926174122826
124 57.416264384803476
125 108.05883305898959
126 41.628036599452926
127 101.40004855337111
128 47.792395676234264
129 54.08152877861037
130 22.200689652882136
131 31.81912949004298
132 84.33619641171666
133 85.39720389601347
134 52.9583845910677
135 112.63674093431646
136 74.6054234113718
137 74.45774879036661
138 97.60164166209913
139 40.952747336353006
140 60.071975122144934
141 75.48398574262953
142 95.55498356994774
143 78.31530110515988
144 32.79219491428603
145 119.56931374175446
146 31.939684698336904
147 96.80339136067208
148 64.14543216082012
149 71.72727450604555
150 88.07331441209924
151 29.108047051614957
152 90.00431140067779
153 78.35287058883046
154 44.64275026363704
155 93.31838887958273
156 84.29769242886996
157 81.32140033187085
158 73.85736120932815
159 49.9350921702908
160 118.6501185645816
161 25.827482107480684
162 49.174327594645035
163 88.5752663897037
164 49.62906398492436
165 43.070809830205796
166 21.598134113125216
167 34.89913634479476
168 97.1040477707113
169 46.02412338973389
170 60.09150628136358
171 114.48033401453205
172 77.31926644860084
173 36.77279907125592
174 30.295147275506167
175 109.65800094027082
176 32.504118275455
177 87.29429317209429
178 90.53882505416732
179 97.85032175094277
180 55.19358903533135
181 22.049694486463537
182 117.0365284180489
183 65.37551798401427
184 39.90317614552561
185 100.38842299982818
186 31.193516284792867
187 49.51769957593517
188 107.40063379901447
189 69.52113431797497
190 91.11332070384199
191 73.39144079674554
192 37.539533832655394
193 34.694687137396976
194 26.67780764512047
195 103.10030490604777
196 115.46724489721026
197 72.20705147772637
198 42.983679520618296
199 74.75094983433921
200 42.99261215037329
201 93.0288209781069
202 90.45388015521594
203 110.07589829415986
204 91.9962742399552
205 50.05200524356
206 101.60251814426573
207 63.734406848487495
208 79.98921359352407
209 70.3656097227545
210 24.217134378694585
211 22.80228799243688
212 29.27277763139198
213 85.4614633987119
214 38.63225795233102
215 109.52799445602966
216 30.62607121487795
217 26.902637944002855
218 32.80333940995951
219 22.123607758292934
220 70.04430145104652
221 52.740688947605385
222 23.050333269198102
223 85.17582791525925
224 92.77426251141236
225 70.84694616004869
226 50.6253618599179
227 71.20344292136579
228 72.74085025865622
229 29.326820348304167
230 54.6690163605321
231 97.95419929574041
232 27.431140730253137
233 51.315214091579136
234 20.655033838508345
235 102.22534214972003
236 68.40018717374372
237 101.70480759019854
238 30.08324171593453
239 40.30856244662881
240 105.78541104481793
241 86.73809213866255
242 91.9658146723334
243 67.60143153995759
244 31.564070079827026
245 103.89779380233615
246 119.56202866501364
247 105.49388840264812
248 90.76094962191078
249 79.15930000651437
250 26.851888057174982
251 112.32966623427677
252 112.41108668033074
253 51.42260397591271
254 58.39913303704131
255 37.05901080858866
256 112.80501910734262
257 89.8201490345108
258 33.53927562293907
259 49.14042799352057
260 102.39164451743217
261 58.600929741276445
262 81.23854404573622
263 106.31559770700116
264 24.686488236581432
265 76.42005276815311
266 65.5046331977232
267 43.073025535939365
268 30.630821449215905
269 52.11686358732266
270 52.89048467649256
271 36.93235958419811
272 45.06969196167178
273 117.44373224724549
274 53.41732639477222
275 37.122768072747085
276 113.36464834259026
277 118.71138412961945
278 74.15347289800735
279 20.7951277840608
280 25.629540545985023
281 73.9456619235375
282 60.72043467268097
283 75.59920982838996
284 103.67545869682344
285 49.904445070082545
286 66.15815934509652
287 94.27343777168113
288 101.47352817414318
289 64.18242617324918
290 78.86628421789919
291 106.83621287980662
292 113.79194326531965
293 71.63526125890218
294 61.74848463854923
295 69.03421335837496
296 109.6362398429234
297 51.48361352905872
298 103.22215805483937
299 71.89443131800519
300 107.21953023439066
301 71.71144375648154
302 57.41582356003703
303 36.543210957011766
304 85.41199739473066
305 70.75184185599002
306 55.66178447770098
307 110.89685140024923
308 82.96669549902992
309 62.95759295230878
310 104.30174641972027
311 90.39482519460444
312 71.29126059578132
313 43.9825706530448
314 44.85825742471823
315 43.63802869413898
316 99.13287351333472
317 44.95397556149068
318 41.78498511335587
319 35.61089334441962
320 98.26642784587548
321 60.19431084135178
322 80.29398020318995
323 106.1076129234546
324 108.12353227739015
325 52.25593106371423
326 102.1682766748583
327 79.0491095903076
328 24.272620384404025
329 20.159866613993998
330 81.00329140140505
331 49.568811202802415
332 100.75810007459611
333 101.98458944693907
334 39.98066809582767
335 20.061691800918418
336 39.52913406754557
337 71.32920853241579
338 45.06336663099662
339 33.832419859007715
340 81.53631869712169
341 78.67957785808355
342 64.4109291409646
343 85.54492002214192
344 73.54712097461557
345 83.33464746229915
346 70.84905270066378
347 71.36700921612848
348 22.32868171620366
349 119.3043032384135
350 78.38770386954349
351 78.52016328840625
352 63.56916927230334
353 39.46888841724379
354 46.06722860985221
355 103.88595338185223
356 66.75656159223841
357 86.29443713689092
358 52.82199618285794
359 34.38701619634671
360 69.20640096422994
361 44.52661974703713
362 45.586338787462005
363 118.05185737465332
364 82.52766853516411
365 41.540263539939076
366 89.52765214530625
367 103.98920878013733
368 43.03868517404697
369 74.40025324669352
370 104.07671904120556
371 31.93905500302226
372 83.99244267490853
373 59.19347195245576
374 51.335438124321236
375 107.63384631194583
376 91.94362607758664
377 117.82043113497193
378 54.477334565651994
379 108.89480210677551
380 72.18703362827033
381 40.18903645196393
382 62.916345459315586
383 29.204683544997568
384 88.91993579826973
385 85.63194900616392
386 48.30456016033594
387 80.43974245926799
388 64.62846231648645
389 116.37282330043391
390 110.82974678187927
391 44.509984807302686
392 20.170801462392035
393 87.99568164659686
394 98.81862722137322
395 84.84834023091601
396 112.12762731549229
397 57.125514936544356
398 96.31205034361932
399 103.00564540626786
400 77.21290366715391
401 104.90718242632802
402 113.06336393267124
403 53.04984960733055
404 24.88572600621122
405 116.37352050006446
406 119.32142457475621
407 107.03418014148532
408 28.776691832762754
409 100.42254241241625
410 103.7948465146539
411 98.49047001392705
412 55.13978335426051
413 82.8774510253694
414 97.35427722782843
415 57.720205957146185
416 32.2635386737445
417 55.98215830756335
418 97.31458870164704
419 92.59730894931724
420 108.6228444303073
421 21.688833181062353
422 47.54908293630304
423 61.663035707242074
424 69.52540235759385
425 23.22301845731152
426 78.22291785322454
427 32.48477927266617
428 82.10452275540337
429 119.6656270267278
430 85.59318021250866
431 117.5670286914538
432 116.7326342321184
433 21.67015081418277
434 37.10810899130677
435 32.54404326156458
436 49.27746132759065
437 72.93724774082122
438 119.94818461381105
439 26.950303759019437
440 83.09554206315514
441 31.69782943595945
442 112.18696316627234
443 96.55615189228381
444 42.25539915916413
445 79.20963369392084
446 44.90961749476422
447 98.07244350214575
448 78.2053265474464
449 58.151197562595044
450 40.91241410986202
451 51.969477502860165
452 100.94840688640642
453 22.801063056519958
454 61.01639781921465
455 37.22182141328729
456 92.76004798101215
457 65.01890906436083
458 62.56380263947827
459 52.982094996398516
460 87.58096565472975
461 65.29928143215332
462 76.32580911607914
463 46.503178292682904
464 102.44121179054102
465 106.54741426822085
466 37.83544374985176
467 84.0696970790551
468 88.6184789180714
469 79.73061364777209
470 67.06957042632229
471 72.26605519355805
472 29.706615652033392
473 105.18753740358255
474 76.43910126976317
475 20.599708375843754
476 51.36786527844586
477 91.13164230872805
478 101.20663748095703
479 73.31473228818224
480 23.265093842877775
481 51.76393516657067
482 88.73602407705566
483 28.17220552540973
484 27.517843611184063
485 111.41411954475932
486 53.38834731137522
487 103.04028317736466
488 39.99875461293506
489 28.258097800074538
490 102.41412224178106
491 107.32825817802501
492 20.884544445659742
493 81.41370573020896
494 64.85156009897963
495 24.615361989080448
496 39.09836335714752
497 78.59548591400713
498 110.2259557171674
499 115.26633748602659
500 61.628062572323195
501 58.013165097023936
502 26.75538985874098
503 103.39239015828106
504 23.17748004123458
505 77.82745475727103
506 39.80312214388871
507 21.207392854848443
508 54.2055930414816
509 109.2306664130041
510 90.47716360754791
511 45.64569392341441
512 86.13098503654011
513 75.09856885162415
514 61.56270372133815
515 77.04925769997162
516 71.32674987842658
517 105.16378362611988
518 33.38324308028305
519 77.7983019000173
520 52.503612991464514
521 110.78995646376686
522 75.72136045644348
523 109.95096188114378
524 91.17671638587079
525 117.67983645172983
526 33.59031809711273
527 85.27395898231201
528 118.13412517025608
529 33.22928968950722
530 44.43273346901572
531 68.48762124494702
532 100.17284647486204
533 66.74319486078049
534 32.23281086032968
535 55.11503091544135
536 26.840728710723845
537 65.35807017370706
538 60.063740448764484
539 79.01649163281994
540 108.52032193671106
541 76.27017776006593
542 86.7519905984817
543 91.50687292560906
544 42.913399308678564
545 96.74679059364604
546 65.62544556942144
547 93.89484213939414
548 50.83252756541048
549 27.40215119617707
550 43.72246391315769
551 98.3493583574433
552 104.17869864432865
553 101.34863479317082
554 68.3740628583059
555 38.19025658493424
556 69.08173190674646
557 22.087472020437353
558 84.73164099122201
559 48.01611015847041
560 65.40273933314751
561 106.38232320311214
562 112.59777011136788
563 86.52398594924526
564 100.14572585782527
565 94.86290097290738
566 23.827776727701206
567 80.4421319050742
568 66.79789393184532
569 62.7347373780719
570 102.60492736977083
571 26.687994258449276
572 115.21602849989989
573 35.72509312479294
574 60.052283034604
575 101.68042069790509
576 87.39889854678768
577 92.27393848070182
578 91.92934948090159
579 91.67629012461458
580 83.33329227165189
581 111.98280230332642
582 113.5718674224529
583 76.06819380106337
584 68.07397663275847
585 112.46322173921476
586 79.7682319752761
587 66.77122591771635
588 56.31552208121952
589 101.98043053525613
590 98.92615315161483
591 31.143373192839967
592 113.93656572912592
593 63.66680755314708
594 80.66837605693809
595 103.3253113213706
596 97.34476356092733
597 78.58353454609727
598 113.9064038404931
599 119.45192935495834
600 110.92334797217316
601 89.53781946875117
602 58.476320134457815
603 95.8792359178075
604 100.4778355749311
605 105.31692109633723
606 47.580989201216184
607 106.38672176257809
608 116.30411721176239
609 45.87915938479212
610 40.56803188576704
611 104.25669300206712
612 73.3467793200687
613 33.045955857736004
614 35.983185732621386
615 78.19845453833997
616 107.88920219754532
617 38.36790115286311
618 53.373739226672726
619 27.276632960716523
620 80.31462371704686
621 110.09170792515945
622 118.97696617750432
623 89.31938547777041
624 101.69998685852771
625 114.53384795072176
626 45.213574292853146
627 59.72356747233603
628 68.35209696394469
629 43.6705658429574
630 76.81639169049991
631 93.14040020380268
632 72.8682136135883
633 60.382855966311155
634 87.45962743163086
635 89.21657000140829
636 22.90091300642854
637 75.54892861487251
638 49.91423295641744
639 25.382074011514003
640 39.529662145765144
641 77.0555541247485
642 70.04003092408749
643 114.61756776582611
644 25.989251620788085
645 59.80361726224684
646 70.3354349504537
647 34.20035774775117
648 94.47783965902077
649 37.91210188402176
650 32.30072829340134
651 92.61957437494331
652 113.86506756971063
653 55.57862753584744
654 58.53107914725484
655 76.1675140120347
656 94.34331006802749
657 51.43358875464565
658 95.24052135282521
659 44.1554784349518
660 56.41283784114901
661 72.72883283823288
662 63.82843328333473
663 22.26891543649793
664 41.064267592303494
665 80.33071086349473
666 86.13503371284935
667 77.26800975136089
668 105.61938466537401
669 33.24128850936247
670 52.192732794066245
671 43.056330586192885
672 115.41402020320263
673 92.25034535340005
674 71.56521642858004
675 108.08150811111709
676 85.35440343713447
677 36.32474876754443
678 69.77632649806216
679 67.0983457453646
680 47.35095933782383
681 42.47066464424998
682 39.8660292914723
683 86.51614682152083
684 119.73129971040294
685 40.05800200988295
686 35.77078222138836
687 31.86851609352877
688 32.956679093169534
689 113.97536738875594
690 99.01090183976316
691 58.38517861900748
692 22.313985999314504
693 97.4877005843716
694 43.07760803122612
695 71.21189826224511
696 32.727850371882184
697 65.29773147855879
698 80.94760535657025
699 20.515889652561963
700 93.43523882748563
701 110.06624379913546
702 70.31320637810953
703 108.53056299182735
704 110.98746923446375
705 61.52503091610782
706 68.40118835877568
707 50.53484927140207
708 97.89226452414668
709 86.32040890742071
710 33.663672857929384
711 49.82873913382434
712 101.1811437888938
713 88.8539839100271
714 85.15955096630577
715 117.95809289292575
716 20.285077934565713
717 118.64129255912445
718 32.105065088468706
719 95.75819144380358
720 106.82398299319613
721 78.08787310212284
722 115.8573337517261
723 108.22686367851844
724 20.2633343475577
725 116.08621796938618
726 64.50480482066655
727 116.80448415532965
728 72.86376287774095
729 87.46591066137329
730 46.27370316528537
731 116.32952719641608
732 34.94723147354449
733 56.083255976710866
734 22.119770979092472
735 60.75471713344933
736 87.225979011374
737 20.215530131247753
738 40.15969199899186
739 91.65031385648405
740 100.78811358032077
741 42.92892657923574
742 85.00678325967316
743 86.58739628433126
744 97.30639589810825
745 77.21818298110298
746 93.61070157177213
747 40.685462317914386
748 92.13438046388816
749 85.96975072829437
750 75.86102727363061
751 43.92504066559063
752 51.17674906712777
753 70.17930312155187
754 32.99978908156692
755 119.26744622184992
756 98.76836986935771
757 35.358276337360934
758 49.798115650267505
759 42.19017083761133
760 98.26918893615536
761 45.693032980771804
762 47.4873803340264
763 70.93787160604052
764 89.67979592271516
765 38.274168564315815
766 23.59535471401037
767 78.60526525417768
768 109.30511997575913
769 95.59235428508042
770 72.12302011778914
771 93.10967296430199
772 35.341378660836845
773 103.5010397341216
774 72.90788507131401
775 119.17737021092029
776 100.23404884156635
777 53.97525364859058
778 62.55478180955513
779 37.6592675785144
780 85.75231651094988
781 87.24959629386339
782 50.97527540859281
783 51.807925562972606
784 69.94806743481072
785 106.29751917661488
786 27.36198200655026
787 77.58922530541487
788 26.515189868266802
789 38.117756560558895
790 107.33424603242088
791 55.668474594008146
792 86.5375853032399
793 60.922834695476304
794 109.02679271232795
795 96.40216038457936
796 60.211939427349776
797 64.0783546516535
798 110.05309921799257
799 55.98286420647917
800 81.85396789018978
801 58.52075365729202
802 29.56041549995683
803 81.82640915537078
804 85.34454392377936
805 109.38506722226998
806 100.00351874098212
807 58.356561346918
808 39.144665986588116
809 119.70321560709719
810 41.799403473018074
811 30.534139899545558
812 70.10602678557979
813 54.287155302328536
814 30.68534024570981
815 81.79371493292201
816 83.5264772474745
817 56.290199926862144
818 52.38778725282202
819 95.49252202723055
820 43.24739474429214
821 75.44369734568362
822 72.11992576748942
823 34.542597391321536
824 110.06259739843127
825 96.59516409755082
826 107.46060496837119
827 32.58858070639528
828 49.30615951183091
829 29.927885667826153
830 82.32776864898008
831 101.91001707619074
832 109.2090163118356
833 100.12087833010939
834 57.044485771956744
835 28.168355957892476
836 40.46205972911865
837 50.71205269854247
838 74.90594950243016
839 40.18537516427816
840 74.39594861582353
841 62.056282199849036
842 39.19088909208951
843 114.13098412055328
844 102.28559331444094
845 66.5240238129943
846 36.22107318292686
847 95.81495159099434
848 101.50989648418597
849 32.96500270225977
850 49.85764542136272
851 102.21835274590664
852 35.645004984664354
853 83.96544156092821
854 70.73330816959725
855 93.96706307715253
856 115.04196497968768
857 104.05613477780372
858 89.55439712565668
859 94.14092522032564
860 42.037350253130604
861 94.78267370369714
862 77.96715608469987
863 65.62871580756135
864 80.66807006733882
865 33.427930429247446
866 102.76760071850225
867 49.180370527950984
868 84.60924416952494
869 96.1809282721194
870 89.64456902226259
871 107.37438016544576
872 89.02664700412276
873 113.67500716483555
874 51.18067642102628
875 115.90964139085197
876 22.13294069244777
877 37.07222456270232
878 20.49605657230918
879 92.94750188815684
880 20.459502947000445
881 106.24971816557586
882 86.70495974577312
883 59.671080320420984
884 38.2033651160902
885 28.147800816946717
886 111.26537860564612
887 80.7953956745981
888 25.481422230752763
889 92.96828224395115
890 115.3370684919738
891 42.45324077488725
892 112.92169999320168
893 78.6656365585236
894 67.42348880205212
895 86.69811549326121
896 80.7441659223071
897 20.052325678082067
898 67.85830487282792
899 36.806982840378055
900 109.33119093417562
901 47.843671078097266
902 22.10731083073896
903 115.63196028728588
904 105.26046143712267
905 35.096446654643614
906 118.39172776905394
907 80.44153137547157
908 71.87075409798929
909 23.749358042625406
910 76.79901291098398
911 72.00821603095929
912 46.653660332125405
913 42.35242534729558
914 116.83251408421474
915 103.14106423230801
916 59.11204802953407
917 67.57620104884515
918 98.26136340686072
919 92.42775930645747
920 72.19861163199351
921 26.72071793107721
922 26.167246431247662
923 82.64248943693886
924 58.04560879540773
925 86.19785570853765
926 75.24483243891046
927 70.09217625436557
928 24.419466801245207
929 21.839843403423515
930 80.69772004867505
931 111.11505270272883
932 52.18167754509176
933 20.890452771034433
934 63.482046753596734
935 65.01197959847043
936 26.009954033175113
937 22.66430672765996
938 106.18493672330418
939 78.882329106304
940 40.731367878359485
941 65.11377033886805
942 72.48520695403093
943 119.15258132365312
944 43.84181338117479
945 67.92164258271688
946 67.92887489260187
947 107.02732449142134
948 31.133759677528765
949 49.24185231255936
950 72.6621302121663
951 20.65862531405758
952 46.82698628283846
953 42.83928656485554
954 37.79969252768292
955 85.52121435322124
956 52.1945794513918
957 55.13371974689543
958 26.266502979031767
959 86.29732784460917
960 117.39917575152526
961 77.5317918149797
962 96.23595569538706
963 98.51642118132193
964 60.10206949565512
965 48.434801311954885
966 70.6979941472159
967 56.26142799788458
968 101.38044156629479
969 41.43910760307959
970 110.22553226404852
971 43.44459750229494
972 34.585687290270876
973 41.49969601362195
974 107.66785267025018
975 20.47237876307169
976 105.99839979622955
977 59.20649819308486
978 53.28479059009055
979 75.56019399329651
980 87.48325159459564
981 24.826893621787853
982 76.7456050753726
983 20.52441590674971
984 80.81971259674472
985 98.39672389729985
986 58.45170763232025
987 34.5701761821038
988 30.982140152912798
989 29.89610097870976
990 116.80246420833359
991 96.41011823589254
992 41.365444319421556
993 104.42514832537462
994 20.30850770460482
995 34.99057730096981
996 77.80022625177048
997 111.29876014764878
998 43.86712946677716
999 72.16808069660695
0 1
0 191
0 245
0 346
0 439
0 565
0 642
0 685
0 740
0 757
0 828
0 955
0 999
1 2
1 183
1 349
1 405
1 453
1 551
1 722
1 904
1 981
2 3
2 40
2 311
2 633
2 998
3 4
3 153
3 241
3 249
3 394
3 400
3 426
3 471
3 521
3 846
4 5
4 67
4 79
4 109
4 138
4 208
4 396
4 556
4 638
4 677
4 918
5 6
5 123
5 136
5 219
5 248
5 340
5 497
5 701
5 872
5 961
6 7
6 102
6 110
6 130
6 146
6 163
6 263
6 344
6 357
6 619
6 628
6 720
6 735
6 799
6 894
7 8
7 82
7 199
7 206
7 415
7 579
7 590
7 623
7 653
7 673
7 700
7 824
7 944
7 946
7 993
8 9
8 12
8 147
8 244
8 657
8 694
8 750
8 800
8 930
9 10
9 92
9 131
9 448
9 457
9 549
9 966
9 976
10 11
10 150
10 263
10 274
10 276
10 497
10 523
10 672
10 676
10 786
10 873
11 12
11 127
11 239
11 252
11 695
12 13
12 16
12 81
12 203
12 272
12 319
12 408
12 580
12 622
12 684
12 719
12 744
12 749
12 767
12 930
12 954
13 14
13 20
13 164
13 178
13 228
13 298
13 326
13 332
13 400
13 461
13 564
13 600
13 656
13 667
13 698
13 746
13 758
13 784
13 850
13 855
13 879
13 938
14 15
14 27
14 174
14 214
14 248
14 291
14 347
14 381
14 626
14 694
15 16
15 148
15 194
15 218
15 247
15 371
15 443
15 502
15 539
15 645
15 651
15 754
15 808
15 820
15 920
16 17
16 101
16 311
16 347
16 408
16 655
16 945
16 974
17 18
17 113
17 223
17 345
17 346
17 364
17 415
17 608
17 748
17 812
17 817
17 943
18 19
18 152
18 267
18 302
18 326
18 431
18 615
18 998
19 20
19 130
19 383
19 439
19 497
19 573
19 601
19 651
19 657
19 729
19 875
19 929
20 21
20 290
20 392
20 411
20 429
20 473
20 516
20 560
20 886
20 904
21 22
21 71
21 72
21 235
21 239
21 262
21 279
21 327
21 476
21 503
21 511
21 726
21 749
21 804
21 947
22 23
22 146
22 274
22 452
22 654
22 681
22 807
22 836
22 927
22 972
23 24
23 59
23 68
23 234
23 472
23 485
23 569
23 619
23 688
23 692
23 779
23 931
23 950
24 25
24 52
24 110
24 187
24 228
24 229
24 308
24 400
24 430
24 633
24 704
24 808
25 26
25 215
25 259
25 279
25 620
25 722
25 792
25 875
25 876
25 890
25 961
25 987
26 27
26 76
26 225
26 323
26 420
26 446
26 563
26 626
26 852
26 890
26 903
27 28
27 34
27 64
27 137
27 188
27 358
27 398
27 487
27 692
27 698
27 866
27 910
27 925
28 29
28 80
28 120
28 278
28 418
28 447
28 482
28 603
28 635
28 641
28 645
29 30
29 160
29 394
29 435
29 472
29 480
29 509
29 556
29 858
29 928
29 983
29 993
30 31
30 151
30 268
30 306
30 416
30 570
30 870
30 923
30 990
31 32
31 290
31 330
31 459
31 478
31 513
31 798
31 937
32 33
32 71
32 161
32 193
32 201
32 370
32 551
32 657
32 742
32 910
33 34
33 235
33 379
33 418
33 572
33 660
33 714
33 827
33 840
33 936
34 35
34 126
34 162
34 299
34 568
34 598
34 634
34 706
34 994
35 36
35 98
35 122
35 326
35 422
35 459
35 507
35 757
35 765
35 766
36 37
36 168
36 201
36 319
36 342
36 356
36 454
36 489
36 603
36 681
36 718
36 757
36 759
36 974
37 38
37 90
37 380
37 390
37 408
37 424
37 462
37 488
37 492
37 507
37 657
37 749
37 834
37 869
37 953
38 39
38 270
38 307
38 321
38 425
38 643
38 765
38 844
38 871
38 908
38 967
39 40
39 305
39 731
39 834
39 878
39 964
39 988
40 41
40 105
40 139
40 184
40 195
40 246
40 329
40 420
40 512
40 710
40 770
40 829
40 877
40 898
41 42
41 51
41 413
41 518
41 524
41 573
41 584
42 43
42 120
42 211
42 376
42 596
42 608
42 629
42 715
42 742
42 767
42 834
42 942
43 44
43 177
43 257
43 421
43 468
43 703
43 757
43 793
43 823
43 827
43 865
43 866
43 871
43 907
44 45
44 356
44 400
44 476
44 538
45 46
45 70
45 327
45 331
45 333
45 442
45 558
45 632
45 928
46 47
46 70
46 83
46 454
46 481
46 830
47 48
47 84
47 264
47 268
47 553
47 805
47 879
48 49
48 520
48 659
48 792
49 50
49 125
49 158
49 247
49 351
49 499
49 627
49 639
49 762
49 905
50 51
50 55
50 85
50 211
50 281
50 306
50 507
50 518
50 686
50 802
51 52
51 188
51 233
51 521
51 611
51 656
51 777
51 782
51 878
51 994
52 53
52 205
52 446
52 484
52 690
52 738
52 928
53 54
53 56
53 60
53 148
53 326
53 421
53 660
53 700
53 712
53 964
54 55
54 176
54 234
54 386
54 397
54 420
54 422
54 845
55 56
55 203
55 609
55 662
55 724
55 806
55 985
56 57
56 136
56 172
56 233
56 237
56 246
56 262
56 308
56 569
56 571
56 583
56 745
56 770
56 872
56 905
56 936
57 58
57 167
57 303
57 431
57 580
57 647
57 769
57 786
57 797
57 884
57 927
57 984
58 59
58 148
58 157
58 235
58 446
58 508
58 619
58 696
58 791
58 986
59 60
59 218
59 337
59 467
59 492
59 548
59 560
59 673
59 787
59 828
59 940
60 61
60 213
60 254
60 278
60 380
60 467
60 474
60 491
60 578
60 584
60 802
61 62
61 131
61 364
61 716
61 752
61 758
61 761
61 853
62 63
62 100
62 227
62 293
62 542
62 641
62 854
62 990
63 64
63 99
63 114
63 279
63 307
63 648
63 858
63 967
64 65
64 89
64 391
64 869
64 908
65 66
65 464
65 518
65 538
65 629
65 720
65 724
65 787
65 864
66 67
66 114
66 221
66 226
66 237
66 358
66 470
66 474
66 520
66 691
66 898
66 944
67 68
67 86
67 478
67 730
67 733
67 858
67 883
68 69
68 300
68 558
68 664
68 739
68 812
69 70
69 303
69 492
69 547
69 818
69 854
70 71
70 85
70 301
70 331
70 355
70 381
70 382
70 421
70 519
70 551
70 632
70 644
70 732
70 895
70 928
71 72
71 315
71 329
71 469
71 583
71 602
71 833
71 844
71 868
71 944
71 955
72 73
72 91
72 290
72 371
72 468
72 479
72 566
72 593
72 611
72 887
73 74
73 79
73 212
73 407
73 447
73 538
73 591
73 690
73 701
73 768
74 75
74 120
74 129
74 171
74 249
74 389
74 546
74 621
74 926
74 965
75 76
75 172
75 479
75 603
75 696
75 740
75 767
75 798
75 805
75 874
75 890
76 77
76 100
76 289
76 321
76 456
76 522
76 786
76 883
77 78
77 292
77 377
77 382
77 394
77 510
77 610
77 739
77 867
77 888
77 914
77 974
78 79
78 103
78 120
78 131
78 147
78 158
78 228
78 602
78 765
78 902
78 984
79 80
79 287
79 326
79 355
79 487
79 641
79 941
80 81
80 201
80 396
80 430
80 475
80 590
80 613
80 725
80 788
81 82
81 323
81 393
81 561
81 723
81 872
82 83
82 271
82 272
82 363
82 367
82 422
82 439
82 670
82 795
83 84
83 114
83 130
83 166
83 198
83 325
83 423
83 497
83 530
83 699
83 744
83 764
83 832
83 901
84 85
84 299
84 560
84 615
84 740
84 777
84 795
84 955
85 86
85 332
85 357
85 443
85 586
85 657
85 679
85 796
85 825
86 87
86 94
86 119
86 159
86 239
86 439
86 495
86 655
86 821
86 944
87 88
87 121
87 222
87 241
87 249
87 498
87 512
87 530
87 531
87 597
87 755
87 923
87 997
88 89
88 284
88 316
88 465
88 608
88 699
88 737
88 784
88 937
88 966
89 90
89 132
89 290
89 308
89 356
89 358
89 441
89 594
89 724
89 751
89 953
89 964
90 91
90 96
90 121
90 187
90 261
90 466
90 537
90 542
90 760
90 799
90 825
90 860
90 976
91 92
91 205
91 238
91 363
91 365
91 380
91 428
91 533
91 535
91 586
91 597
91 606
91 727
91 970
92 93
92 184
92 218
92 389
92 452
92 481
92 861
92 936
92 965
93 94
93 426
93 430
93 517
93 585
93 972
94 95
94 289
94 475
94 662
94 712
95 96
95 117
95 137
95 194
95 298
95 366
95 382
95 458
95 613
95 791
95 827
95 903
95 939
96 97
96 162
96 294
96 375
96 392
96 436
96 446
96 464
96 544
96 729
96 989
96 998
97 98
97 114
97 248
97 317
97 810
97 914
97 931
97 959
98 99
98 109
98 444
98 460
98 474
98 581
98 600
98 631
98 767
98 973
99 100
99 318
99 405
99 446
99 570
99 572
99 641
99 717
99 759
99 776
100 101
100 193
100 204
100 299
100 301
100 336
100 416
100 558
100 622
100 629
100 705
100 848
100 872
100 884
100 946
100 969
101 102
101 196
101 419
101 663
101 939
102 103
102 161
102 173
102 177
102 316
102 339
102 423
102 442
102 481
102 500
102 537
102 570
102 701
102 847
102 868
102 973
102 977
102 985
103 104
103 304
103 335
103 526
103 786
103 792
103 940
104 105
104 246
104 410
104 560
104 572
104 613
104 616
104 618
104 679
104 803
104 899
104 906
104 950
104 957
105 106
105 187
105 252
105 290
105 294
105 317
105 357
105 383
105 485
105 486
105 801
105 826
105 938
105 970
106 107
106 722
106 789
106 829
106 860
107 108
107 338
107 359
107 381
107 492
107 569
107 732
107 761
107 836
107 863
107 935
107 968
108 109
108 154
108 159
108 538
108 669
108 685
108 721
108 814
108 904
108 934
108 983
109 110
109 249
109 396
109 641
109 642
110 111
110 127
110 236
110 316
110 337
110 463
110 488
110 536
110 673
110 738
110 747
110 763
110 807
111 112
111 154
111 507
111 518
111 531
111 683
111 767
111 949
112 113
112 226
112 315
112 397
112 540
112 633
112 779
112 906
112 919
112 933
113 114
113 133
113 152
113 413
113 455
113 467
113 496
113 671
113 753
113 921
113 956
114 115
114 200
114 377
114 384
114 417
114 426
114 644
114 783
114 920
115 116
115 263
115 326
115 363
115 366
115 396
115 450
115 666
115 717
115 725
115 744
115 970
115 992
116 117
116 124
116 184
116 302
116 601
116 608
116 621
116 622
116 875
116 883
117 118
117 196
117 317
117 532
117 761
117 769
117 778
117 943
118 119
118 144
118 290
118 435
118 495
118 532
118 768
118 788
118 916
119 120
119 199
119 205
119 557
119 582
119 632
119 637
119 773
119 787
119 792
119 840
120 121
120 171
120 214
120 384
120 438
120 609
120 775
120 781
120 845
120 846
120 856
121 122
121 149
121 167
121 418
121 508
121 523
121 679
121 819
121 891
121 894
121 967
122 123
122 191
122 192
122 307
122 432
122 589
122 605
122 760
122 767
122 827
122 848
123 124
123 170
123 240
123 269
123 335
123 469
123 526
123 544
123 896
123 907
123 921
124 125
124 129
124 153
124 163
124 285
124 498
124 732
124 767
124 831
124 837
125 126
125 154
125 295
125 572
125 604
125 620
125 755
125 783
125 901
126 127
126 183
126 197
126 258
126 467
126 735
126 852
126 890
126 907
127 128
127 205
127 284
127 458
127 510
127 511
127 554
127 629
127 673
127 762
127 837
127 921
128 129
128 223
128 408
128 633
128 919
129 130
129 351
129 522
129 885
129 947
130 131
130 389
130 400
130 529
130 648
131 132
131 342
131 481
131 621
131 851
131 864
131 965
132 133
132 180
132 214
132 265
132 462
132 664
132 710
132 800
132 865
132 937
133 134
133 152
133 240
133 245
133 311
133 466
133 479
133 774
133 799
134 135
134 221
134 242
134 274
134 763
134 781
134 855
134 874
134 892
135 136
135 144
135 232
135 293
135 310
135 476
135 483
135 506
135 578
135 600
135 627
135 667
135 734
135 920
135 973
136 137
136 243
136 316
136 487
136 538
136 649
136 693
136 758
137 138
137 224
137 254
137 306
137 375
137 390
137 467
137 759
137 814
137 898
137 935
138 139
138 148
138 272
138 367
138 458
138 465
138 625
138 738
138 829
138 916
138 925
138 949
139 140
139 290
139 495
139 568
139 807
139 953
140 141
140 154
140 281
140 392
140 661
140 728
140 749
141 142
141 254
141 359
141 390
141 420
141 613
141 738
141 921
141 941
141 946
142 143
142 212
142 220
142 392
142 445
142 498
142 563
142 623
142 842
142 998
143 144
143 207
143 543
143 558
143 594
143 734
143 774
143 846
144 145
144 198
144 222
144 285
144 299
144 372
144 378
144 411
144 534
144 612
144 710
144 715
144 785
145 146
145 193
145 284
145 352
145 395
145 417
145 484
145 755
145 841
146 147
146 233
146 258
146 300
146 360
146 392
146 422
146 802
147 148
147 224
147 344
147 393
147 399
147 553
147 564
147 629
147 731
147 756
147 853
147 903
148 149
148 212
148 404
148 607
148 685
148 731
148 822
149 150
149 423
149 544
149 676
149 716
149 772
150 151
150 189
150 266
150 417
150 419
150 554
150 718
150 843
150 859
150 909
150 924
150 962
151 152
151 352
151 402
151 408
151 593
151 598
151 828
151 895
152 153
152 475
152 588
152 668
152 750
152 782
152 893
153 154
153 197
153 533
153 767
153 829
153 838
154 155
154 243
154 261
154 318
154 336
154 581
154 763
154 968
155 156
155 403
155 585
155 634
155 903
155 921
156 157
156 318
156 334
156 735
156 782
156 873
156 923
157 158
157 210
157 354
157 425
157 430
157 524
157 708
157 839
157 885
157 954
158 159
158 215
158 304
158 367
158 434
158 642
159 160
159 289
159 380
159 487
159 707
159 755
159 788
159 869
159 980
160 161
160 281
160 318
160 387
160 442
160 541
160 600
160 829
160 838
161 162
161 410
161 471
161 511
161 711
161 853
162 163
162 206
162 211
162 303
162 360
162 367
162 542
162 625
162 652
162 736
163 164
163 289
163 330
163 406
163 421
163 492
163 511
163 565
163 752
163 852
163 879
163 961
164 165
164 169
164 265
164 412
164 424
164 475
164 564
164 719
164 843
164 901
164 988
165 166
165 347
165 363
165 434
165 651
165 658
165 694
165 750
166 167
166 178
166 444
166 574
166 579
166 635
166 754
166 781
167 168
167 188
167 373
167 556
167 573
167 673
167 766
167 866
168 169
168 250
168 267
168 435
168 583
168 699
168 771
168 820
169 170
169 233
169 408
169 544
169 604
169 638
169 656
169 718
169 722
169 763
169 867
169 910
169 925
169 964
170 171
170 232
170 239
170 464
170 633
170 656
170 781
170 869
170 933
171 172
171 210
171 329
171 472
171 496
171 589
171 647
171 706
171 750
171 846
171 990
172 173
172 231
172 430
172 668
172 877
173 174
173 203
173 225
173 305
173 385
173 453
173 503
173 520
173 564
173 593
173 597
173 640
173 643
173 704
173 763
173 873
173 932
174 175
174 178
174 234
174 384
174 451
174 540
174 625
174 628
174 629
174 746
174 808
175 176
175 196
175 406
175 544
175 639
175 641
175 792
175 899
176 177
176 194
176 256
176 473
176 478
176 575
176 598
176 631
176 649
176 700
176 730
176 731
176 733
176 735
176 761
176 818
176 853
176 921
176 935
177 178
177 250
177 387
177 414
177 475
177 515
177 611
177 769
177 817
177 902
177 956
177 981
178 179
178 209
178 277
178 353
178 443
178 600
178 744
178 752
178 949
178 960
179 180
179 227
179 235
179 327
179 611
179 685
179 770
180 181
180 189
180 211
180 277
180 362
180 438
180 495
180 537
180 585
180 605
180 717
180 769
180 809
180 848
180 853
180 859
180 978
181 182
181 228
181 369
181 436
181 585
181 597
181 622
181 674
181 778
181 816
181 906
182 183
182 188
182 197
182 439
182 469
182 666
182 733
182 864
182 865
182 906
182 980
182 981
182 986
183 184
183 237
183 275
183 546
183 547
183 562
183 794
183 864
184 185
184 255
184 361
184 410
184 560
184 648
184 721
184 751
184 848
184 858
185 186
185 427
185 818
185 838
186 187
186 234
186 388
186 614
186 754
186 854
186 907
187 188
187 203
187 390
187 514
187 704
187 785
187 799
188 189
188 219
188 239
188 424
188 588
188 626
188 656
188 689
188 873
189 190
189 261
189 299
189 301
189 368
189 446
189 537
189 548
189 564
189 583
189 819
189 828
189 859
189 871
189 877
190 191
190 271
190 304
190 385
190 404
190 413
190 432
190 582
190 636
190 724
190 758
190 869
191 192
191 244
191 278
191 525
191 579
191 810
191 947
191 987
192 193
192 202
192 283
192 400
192 429
192 434
192 518
192 585
192 748
192 760
192 818
193 194
193 278
193 383
193 442
193 447
193 545
193 590
193 628
193 638
193 639
193 657
193 684
193 765
193 976
194 195
194 215
194 499
194 521
194 786
194 819
194 924
194 934
194 947
195 196
195 239
195 270
195 466
195 510
195 527
195 626
195 685
195 694
195 826
196 197
196 263
196 464
196 542
196 592
196 694
196 742
196 803
197 198
197 220
197 257
197 264
197 323
197 330
197 437
197 439
197 453
197 468
197 510
197 638
197 675
197 682
197 722
197 950
198 199
198 234
198 256
198 489
198 537
198 724
198 808
198 832
198 875
198 909
199 200
199 222
199 375
199 401
199 435
199 474
199 554
199 557
199 645
199 672
199 675
199 788
199 851
200 201
200 323
200 362
200 629
200 843
200 968
201 202
201 259
201 325
201 357
201 380
201 392
201 529
201 610
201 743
201 761
201 798
201 838
201 889
201 958
202 203
202 231
202 473
202 624
202 721
202 790
202 816
202 909
202 971
203 204
203 251
203 287
203 325
203 397
203 415
203 535
203 606
203 783
203 816
203 817
203 826
203 949
203 962
203 975
203 998
204 205
204 272
204 312
204 328
204 391
204 433
204 617
204 677
204 809
204 852
204 876
205 206
205 295
205 322
205 374
205 382
205 590
205 963
206 207
206 337
206 355
206 369
206 536
206 671
206 706
206 764
206 766
206 880
206 933
206 955
207 208
207 336
207 338
207 376
207 530
207 623
207 625
207 633
207 757
207 814
207 984
207 991
208 209
208 214
208 288
208 316
208 433
208 525
208 618
208 666
208 710
208 853
208 931
209 210
209 217
209 388
209 546
209 735
209 867
209 971
210 211
210 226
210 511
210 536
210 591
210 737
210 844
210 897
210 919
211 212
211 476
211 536
211 593
211 778
212 213
212 327
212 559
212 570
212 608
212 769
212 796
212 801
212 932
213 214
213 319
213 411
213 486
213 502
213 657
213 983
214 215
214 314
214 536
214 547
214 865
214 900
215 216
215 325
215 438
215 570
215 577
215 948
215 950
215 989
216 217
216 362
216 423
216 479
216 565
216 578
216 665
216 802
216 976
217 218
217 404
217 406
217 614
217 660
217 702
217 728
217 743
217 787
217 813
217 915
218 219
218 338
218 586
218 626
218 864
219 220
219 447
219 467
219 471
219 495
219 698
219 728
220 221
220 392
220 673
220 853
220 899
220 903
220 928
221 222
221 288
221 378
221 534
221 618
221 685
221 982
222 223
222 333
222 427
222 473
222 527
222 530
222 643
222 727
222 821
222 937
223 224
223 338
223 553
223 677
223 688
223 735
223 797
224 225
224 298
224 646
224 892
224 913
224 963
224 980
225 226
225 370
225 373
225 572
225 640
225 675
225 799
225 914
225 922
226 227
226 231
226 286
226 329
226 440
226 955
227 228
227 277
227 288
227 292
227 424
227 517
227 533
227 662
227 734
227 933
227 935
227 987
228 229
228 278
228 464
228 559
228 570
228 587
228 608
228 862
228 864
228 991
229 230
229 239
229 262
229 401
229 472
229 493
229 498
229 513
229 519
229 696
229 897
229 931
230 231
230 278
230 289
230 653
230 663
230 968
230 990
230 998
231 232
231 256
231 369
231 475
231 494
231 506
231 551
231 609
231 901
231 918
231 929
232 233
232 234
232 266
232 271
232 351
232 701
232 756
232 758
232 891
232 953
233 234
233 252
233 322
233 362
233 635
233 657
233 917
234 235
234 360
234 417
234 632
234 757
234 804
234 863
234 980
235 236
235 378
235 405
235 432
235 601
235 692
235 751
235 979
236 237
236 248
236 316
236 606
236 874
236 971
237 238
237 332
237 380
237 439
237 626
237 671
237 722
237 737
237 747
237 844
237 850
237 906
237 986
238 239
238 302
238 445
238 571
238 724
239 240
239 274
239 310
239 663
239 823
239 879
240 241
240 388
240 481
240 657
240 710
240 714
240 746
240 830
240 900
241 242
241 769
241 964
242 243
242 413
242 417
242 474
242 519
242 566
242 859
242 969
243 244
243 259
243 320
243 375
243 380
243 403
243 455
243 463
243 475
243 635
243 643
243 768
243 804
243 839
243 892
243 952
244 245
244 263
244 302
244 347
244 607
244 825
244 918
245 246
245 634
245 738
246 247
246 263
246 264
246 339
246 453
246 544
246 564
246 759
247 248
247 268
247 294
247 310
247 511
247 558
248 249
248 369
248 472
248 547
248 724
248 725
248 939
249 250
249 253
249 458
249 588
249 615
249 706
249 829
249 862
249 889
249 938
249 976
250 251
250 447
250 469
250 559
250 593
250 601
250 667
250 802
250 901
250 937
251 252
251 296
251 390
251 446
251 691
251 818
251 888
252 253
252 562
252 565
252 666
252 689
252 704
252 760
252 773
252 789
252 831
252 837
253 254
253 270
253 305
253 343
253 373
253 520
253 649
253 685
253 703
253 808
253 814
253 912
253 949
254 255
254 283
254 334
254 385
254 451
254 548
254 632
254 684
254 709
254 749
254 803
254 913
255 256
255 346
255 383
255 477
255 566
255 578
255 670
255 675
255 756
255 870
255 980
255 983
256 257
256 308
256 398
256 475
256 774
256 901
256 917
256 989
257 258
257 338
257 368
257 390
257 450
257 575
257 580
257 712
257 847
257 949
258 259
258 330
258 732
258 748
258 834
258 851
258 915
259 260
259 348
259 504
259 585
259 593
259 605
259 698
259 901
260 261
260 373
260 439
260 452
260 661
260 680
260 945
261 262
261 461
261 536
261 701
261 812
261 852
261 855
262 263
262 420
262 464
262 473
262 485
262 493
262 597
262 667
262 910
263 264
263 377
263 633
263 675
263 730
263 969
264 265
264 293
264 494
264 864
264 870
265 266
265 350
265 368
265 386
265 387
265 486
265 524
265 738
265 972
266 267
266 343
266 391
266 528
266 737
266 751
266 823
266 941
267 268
267 390
267 730
267 776
267 869
267 903
268 269
268 328
268 332
268 439
268 579
268 691
268 712
268 803
268 909
268 978
269 270
269 580
269 604
269 607
269 671
269 674
269 834
269 852
270 271
270 309
270 401
270 614
270 841
270 903
271 272
271 293
271 694
271 741
271 742
271 792
272 273
272 446
272 524
272 779
272 813
273 274
273 302
273 313
273 352
273 485
273 589
273 702
273 716
273 750
273 799
273 952
274 275
274 287
274 365
274 466
274 469
274 494
274 648
274 683
274 729
274 736
274 762
274 886
274 918
274 956
274 972
275 276
275 346
275 363
275 430
275 461
275 670
275 749
275 818
275 842
275 913
276 277
276 343
276 737
276 792
276 832
277 278
277 475
278 279
278 294
278 370
278 543
278 557
278 632
278 718
278 836
278 933
278 942
278 958
278 974
278 990
279 280
279 301
279 407
279 412
279 416
279 516
279 599
279 649
279 667
279 669
279 915
279 936
280 281
280 296
280 304
280 347
280 443
280 580
280 692
281 282
281 422
281 532
281 607
281 687
282 283
282 549
282 606
282 641
282 683
282 785
282 826
282 828
282 865
282 948
282 998
283 284
283 308
283 394
283 409
283 454
283 540
283 612
283 629
283 630
283 644
283 727
283 834
283 923
283 957
283 961
284 285
284 312
284 424
284 580
284 891
285 286
285 320
285 338
285 455
285 500
285 700
285 739
285 783
285 827
286 287
286 525
286 539
286 554
286 590
286 698
286 722
286 763
286 865
286 925
286 950
287 288
287 335
287 360
287 408
287 541
287 627
287 757
287 961
288 289
288 463
288 557
288 638
288 675
288 715
288 861
288 888
288 951
289 290
289 388
289 439
289 619
289 659
289 953
289 954
290 291
290 367
290 803
291 292
291 399
291 439
291 575
291 604
291 654
291 694
291 708
291 820
291 920
292 293
292 355
292 698
292 795
292 921
293 294
293 296
293 305
293 307
293 372
293 508
293 885
293 944
293 974
294 295
294 319
294 348
294 420
294 440
294 518
294 663
294 706
294 791
294 852
294 981
294 982
295 296
295 346
295 538
295 671
295 771
295 776
295 850
295 864
295 902
295 977
296 297
296 306
296 313
296 430
296 444
296 514
296 534
296 568
296 895
297 298
297 441
297 478
297 590
297 696
297 704
297 902
297 960
298 299
298 436
298 460
298 553
298 644
298 691
298 707
298 713
298 847
298 893
298 911
299 300
299 486
299 515
299 694
299 699
299 871
299 935
300 301
300 365
300 528
300 675
300 834
300 960
301 302
301 493
301 528
301 598
302 303
302 484
302 535
302 538
302 590
302 598
302 758
302 802
303 304
303 339
303 437
303 438
303 623
303 715
303 895
303 986
304 305
304 316
304 373
304 388
304 460
304 465
304 542
304 641
304 664
304 858
305 306
305 444
305 455
305 483
305 517
305 598
305 682
305 830
306 307
306 411
306 414
306 415
306 466
307 308
307 353
307 516
307 566
307 597
307 625
307 792
307 794
307 810
307 830
307 979
308 309
308 322
308 537
308 673
308 728
308 992
309 310
309 316
309 377
309 492
309 572
309 659
310 311
310 486
310 524
310 597
310 722
310 741
311 312
311 377
311 424
311 562
311 721
311 816
311 862
311 905
311 920
312 313
312 372
312 597
312 793
313 314
313 316
313 455
313 472
313 507
313 607
313 613
313 655
313 756
313 765
313 809
313 819
313 988
314 315
314 326
314 372
314 709
315 316
315 502
315 602
315 617
315 906
316 317
316 586
316 767
316 784
316 795
316 841
316 978
317 318
317 355
317 384
317 496
317 585
317 668
317 677
317 732
317 780
318 319
318 416
318 582
318 835
318 998
319 320
319 359
319 543
319 568
319 798
320 321
320 360
320 517
320 675
320 757
320 848
320 925
321 322
321 334
321 753
321 775
321 855
321 992
322 323
322 353
322 432
322 765
322 821
322 855
323 324
323 367
323 385
323 590
323 695
323 715
323 838
323 978
323 979
323 995
324 325
324 439
324 469
324 538
324 705
324 775
324 883
325 326
325 458
325 503
325 542
325 589
325 678
325 917
326 327
326 556
326 743
326 758
326 775
326 931
326 965
326 976
327 328
327 385
327 481
327 799
327 822
328 329
328 441
328 459
328 504
328 579
328 657
328 661
328 830
328 936
328 951
328 963
328 968
329 330
329 346
329 368
329 400
329 537
329 791
329 865
329 889
330 331
330 333
330 337
330 432
330 466
330 583
330 602
330 894
330 967
330 988
331 332
331 355
331 461
331 479
331 509
331 526
331 538
331 553
331 772
331 779
331 943
332 333
332 533
332 666
332 769
332 803
332 875
333 334
333 336
333 436
333 587
333 631
334 335
334 356
334 362
334 410
334 447
334 780
334 852
334 888
334 934
335 336
335 484
335 493
335 502
335 584
335 620
335 694
335 699
336 337
336 346
336 461
336 642
336 656
337 338
337 442
337 531
337 547
337 653
337 667
337 810
337 864
337 867
337 922
337 971
338 339
338 464
338 514
338 612
338 706
338 822
338 917
339 340
339 459
339 822
339 830
339 861
339 949
340 341
340 392
340 564
340 954
340 988
341 342
341 387
341 476
341 552
341 581
341 625
341 726
341 858
341 921
341 939
341 990
342 343
342 351
342 436
342 480
342 522
342 538
342 656
342 760
342 789
342 933
343 344
343 396
343 618
343 729
343 824
343 858
344 345
344 493
344 667
344 685
344 794
345 346
345 430
345 499
345 536
345 604
345 623
345 739
345 862
345 995
346 347
346 363
346 371
346 393
346 500
346 544
346 626
346 633
347 348
347 594
347 606
347 615
347 771
347 927
347 934
347 988
348 349
348 441
348 500
348 570
348 750
348 831
348 877
348 898
349 350
349 385
349 663
349 704
349 720
349 959
350 351
350 413
350 612
350 638
350 829
350 863
351 352
351 425
351 511
351 522
351 737
351 752
351 853
351 894
351 922
351 938
351 975
352 353
352 409
352 424
352 657
352 838
352 841
352 918
353 354
353 487
353 514
353 581
353 625
353 637
353 695
353 737
353 770
353 824
353 844
353 932
354 355
354 687
354 858
355 356
355 405
355 485
355 523
355 560
355 596
355 600
355 657
355 927
356 357
356 453
356 530
356 667
356 763
356 965
356 979
357 358
357 482
357 619
357 644
358 359
358 498
358 499
358 596
358 682
358 760
358 895
358 966
359 360
359 431
359 471
359 661
359 865
359 989
360 361
360 393
360 491
360 602
360 704
360 913
360 950
360 981
360 984
361 362
361 612
361 969
362 363
362 390
362 649
362 655
362 856
362 857
362 992
363 364
363 492
363 561
363 630
364 365
364 385
364 401
364 431
364 463
364 501
364 641
364 664
364 697
364 720
364 841
365 366
365 392
365 412
365 661
365 667
365 726
365 741
365 789
365 856
365 971
366 367
367 368
367 608
367 891
367 894
367 960
368 369
368 476
368 591
368 619
368 634
368 703
368 902
368 911
368 927
369 370
369 438
369 524
369 639
369 670
369 726
369 768
369 779
369 881
369 913
369 935
370 371
370 571
370 664
370 811
370 914
370 965
371 372
371 388
371 511
371 581
371 607
371 778
371 804
371 842
371 867
371 933
372 373
372 427
372 524
372 924
372 960
373 374
373 437
373 505
373 509
373 512
373 607
373 731
373 736
373 747
373 917
374 375
374 448
374 472
374 570
374 626
374 698
374 783
374 852
374 994
375 376
375 528
375 593
375 932
375 980
376 377
376 521
376 543
376 826
376 915
376 995
377 378
377 404
377 492
377 609
377 727
377 948
377 958
377 977
378 379
378 484
378 497
378 521
378 556
378 993
379 380
379 498
379 519
379 597
379 603
379 616
379 740
379 790
379 855
379 901
380 381
380 699
380 843
380 943
381 382
381 449
381 500
381 569
381 707
381 730
381 740
382 383
382 462
382 541
382 593
382 602
382 624
382 719
382 737
382 777
382 990
382 998
383 384
383 505
383 585
383 734
383 752
383 873
384 385
384 421
384 453
384 579
384 731
384 839
384 875
384 954
384 955
385 386
385 425
385 676
386 387
386 419
386 437
386 499
386 516
386 524
386 677
386 726
386 736
386 870
386 979
387 388
387 410
387 414
387 447
387 534
387 560
387 594
387 651
387 673
387 831
387 858
387 875
387 919
387 925
387 959
387 994
388 389
388 453
388 522
388 620
388 685
388 730
388 732
388 904
388 929
388 941
388 971
389 390
389 458
389 638
389 698
389 952
390 391
390 503
390 508
390 642
390 681
390 727
390 839
390 869
391 392
391 669
391 740
391 877
391 946
391 997
392 393
392 775
392 810
392 847
392 907
392 963
392 978
393 394
393 914
393 955
394 395
394 423
394 505
394 661
394 701
394 734
394 775
394 804
395 396
395 606
395 759
395 776
395 779
395 858
395 874
395 978
396 397
396 499
396 551
396 629
396 657
396 681
396 709
396 792
396 899
396 907
396 926
397 398
397 532
397 548
397 621
397 754
398 399
398 464
398 520
398 991
399 400
399 498
399 648
399 679
399 762
399 928
399 954
399 989
400 401
400 575
400 682
400 685
400 859
400 890
400 946
400 992
401 402
401 498
401 618
401 920
402 403
402 445
402 643
402 912
403 404
403 581
403 638
403 708
403 724
403 731
403 732
403 780
403 796
403 859
403 898
404 405
404 430
404 497
404 855
404 858
405 406
405 461
405 507
405 591
405 616
406 407
406 426
406 478
406 624
406 636
406 646
406 649
406 715
407 408
407 553
407 579
407 586
407 697
407 742
407 858
408 409
408 412
408 890
408 951
409 410
409 607
409 640
409 727
409 836
409 959
410 411
410 437
410 687
410 741
410 747
410 766
410 832
410 866
411 412
411 528
411 534
411 590
411 771
411 811
411 825
411 867
411 978
412 413
412 438
412 532
412 599
412 622
412 654
412 723
412 814
412 839
412 899
412 981
413 414
413 530
413 547
413 549
413 581
413 595
413 775
413 829
413 908
413 960
414 415
414 434
414 438
414 652
414 739
414 760
414 800
414 820
414 925
414 957
415 416
415 522
415 536
415 628
415 666
415 700
415 787
415 810
415 890
416 417
416 550
416 561
416 577
416 637
416 640
416 671
416 698
416 864
417 418
417 466
417 693
417 815
417 825
418 419
418 592
418 709
418 767
418 980
419 420
419 580
419 638
419 838
419 866
419 913
419 953
420 421
420 432
420 463
420 490
420 512
420 519
420 530
420 532
420 730
420 834
420 886
421 422
421 497
421 562
421 719
421 780
421 946
421 952
422 423
422 460
422 469
422 523
422 558
422 581
422 727
422 860
423 424
423 432
423 455
423 526
423 538
423 571
423 645
423 713
424 425
424 619
424 745
424 920
424 979
425 426
425 431
425 464
425 540
425 552
425 559
425 567
425 570
425 624
425 855
425 870
425 977
425 990
426 427
426 501
426 528
426 581
426 606
426 735
426 821
426 883
426 889
426 973
427 428
427 447
427 595
427 607
427 759
427 948
427 950
428 429
428 539
428 769
428 875
428 876
429 430
429 433
429 460
429 596
429 851
429 891
430 431
430 443
430 504
430 507
430 563
430 829
430 861
431 432
431 595
431 676
431 873
432 433
432 738
432 808
432 963
433 434
433 492
433 535
433 584
433 597
433 800
433 842
433 846
433 874
433 933
433 978
434 435
434 450
434 526
434 559
434 753
435 436
435 609
435 693
435 700
435 793
435 885
435 890
436 437
436 497
436 578
436 741
436 861
436 904
437 438
437 491
437 623
437 732
437 985
438 439
438 461
438 496
438 701
438 817
438 825
438 940
439 440
439 546
439 610
439 679
439 725
439 748
439 838
440 441
440 449
440 457
440 459
440 550
440 964
441 442
441 455
441 552
441 882
442 443
442 488
442 659
442 687
442 801
442 843
442 857
442 961
443 444
443 461
443 508
443 534
443 566
443 645
443 678
443 892
443 993
444 445
444 761
444 782
444 918
445 446
445 545
445 746
445 885
445 936
446 447
446 548
446 665
446 720
446 721
446 900
447 448
447 499
447 538
447 544
447 564
447 595
447 875
447 913
447 954
447 963
448 449
448 540
448 956
448 971
449 450
449 484
449 544
449 750
449 803
449 936
450 451
450 582
450 741
450 864
451 452
451 595
451 629
451 687
451 732
451 735
451 736
451 772
451 846
451 874
452 453
452 699
452 781
452 785
452 848
452 880
452 929
453 454
453 541
453 622
453 623
453 767
453 999
454 455
454 510
454 607
454 963
455 456
455 704
455 815
456 457
456 600
456 697
456 705
456 963
457 458
457 489
457 558
457 799
457 820
457 840
458 459
458 489
458 618
458 644
458 667
458 927
459 460
459 641
460 461
460 595
460 694
460 846
461 462
461 512
461 525
461 649
462 463
462 612
462 732
462 818
462 931
462 955
462 967
462 979
462 992
463 464
463 536
463 712
463 723
463 997
464 465
464 471
464 628
464 666
464 668
464 734
464 794
465 466
465 481
465 521
465 572
465 849
465 864
466 467
466 590
466 677
466 706
466 792
466 978
467 468
467 594
467 625
467 927
468 469
468 857
469 470
469 512
469 514
469 558
469 605
469 676
469 872
469 966
470 471
470 531
470 590
470 730
470 922
470 928
470 951
470 980
471 472
471 491
471 570
471 587
471 753
471 809
471 934
471 956
472 473
472 725
472 752
472 759
472 864
472 943
472 978
473 474
473 499
473 606
473 805
473 865
473 976
474 475
474 483
474 484
474 634
474 704
474 942
475 476
475 523
475 553
475 572
475 881
475 936
475 990
476 477
476 572
476 805
476 815
476 823
477 478
477 488
477 579
477 975
478 479
478 615
478 682
478 692
478 727
478 767
478 850
478 902
478 935
478 978
479 480
479 548
479 574
479 708
479 909
479 947
480 481
480 767
480 909
481 482
481 520
481 565
481 715
481 802
481 934
482 483
482 674
482 860
482 878
482 937
482 991
482 993
483 484
483 654
483 682
483 845
483 935
484 485
484 495
484 788
484 902
484 953
485 486
485 564
485 595
485 695
485 767
485 828
485 879
485 992
486 487
486 489
486 507
486 556
486 694
486 746
486 773
486 993
487 488
487 575
487 733
487 870
488 489
488 569
488 618
488 825
488 895
488 912
489 490
489 686
489 728
489 763
490 491
490 726
490 927
490 977
491 492
491 513
491 745
491 827
491 865
492 493
492 561
492 637
492 828
492 917
492 967
493 494
493 621
493 727
493 917
494 495
494 565
494 574
494 578
494 599
494 636
494 792
494 962
495 496
495 609
495 786
495 868
495 879
496 497
496 504
496 513
496 713
497 498
497 520
497 536
497 575
497 617
497 663
497 904
497 919
498 499
498 520
498 574
498 661
498 790
498 884
498 938
499 500
499 634
499 899
499 973
500 501
500 516
500 518
500 556
500 608
500 635
500 648
500 709
500 999
501 502
501 506
501 540
501 727
501 776
501 821
501 857
502 503
502 525
502 530
502 534
502 544
502 647
502 661
502 765
502 886
503 504
503 563
503 714
503 737
503 791
504 505
504 529
504 720
504 772
505 506
505 603
505 780
505 871
506 507
506 576
506 621
506 825
507 508
507 596
507 673
507 699
507 723
507 780
507 946
507 963
508 509
508 537
508 754
508 793
508 841
508 909
508 924
509 510
509 512
509 642
509 687
509 775
509 780
509 813
509 885
509 929
510 511
510 604
510 668
510 817
510 836
510 986
511 512
511 528
511 558
511 699
511 969
511 981
511 991
511 995
512 513
512 672
512 805
512 861
513 514
513 558
513 674
513 712
513 720
513 735
513 777
513 902
513 974
514 515
514 529
514 626
514 792
515 516
515 540
515 813
515 840
515 847
515 863
515 874
515 924
516 517
517 518
517 606
517 797
517 807
517 864
517 890
517 902
518 519
518 541
518 554
518 717
518 727
518 752
518 826
518 845
518 878
518 969
519 520
519 572
519 625
519 661
519 739
519 770
519 873
520 521
520 665
520 977
521 522
521 673
521 722
521 879
521 951
522 523
522 524
522 579
522 618
522 653
522 661
522 775
523 524
523 625
523 628
523 636
523 693
523 746
523 827
523 912
524 525
524 563
524 636
524 692
524 839
524 868
524 924
524 942
524 976
525 526
525 724
525 738
525 838
525 863
526 527
526 592
526 619
526 707
527 528
527 572
527 730
527 765
527 888
527 958
527 961
528 529
528 556
528 583
528 616
528 628
528 705
528 748
528 826
528 865
529 530
529 531
529 724
529 904
529 909
529 978
530 531
530 576
530 643
530 736
530 889
530 959
531 532
531 567
531 722
531 728
531 753
531 845
531 879
532 533
532 572
532 707
532 711
532 742
532 815
532 866
533 534
533 702
533 842
533 917
534 535
534 555
534 778
535 536
535 748
536 537
536 569
536 760
536 950
537 538
537 574
537 647
537 748
537 908
538 539
538 764
538 832
539 540
539 622
539 911
539 983
540 541
540 662
540 700
540 869
541 542
541 983
542 543
542 573
542 702
542 876
543 544
543 652
543 791
543 820
544 545
544 788
544 831
544 836
544 855
544 880
545 546
545 836
545 978
545 979
545 994
546 547
546 672
546 697
546 748
546 809
546 841
546 968
546 983
547 548
547 571
547 744
547 799
547 927
547 957
547 993
548 549
548 586
548 733
548 748
548 880
548 897
549 550
549 615
549 692
549 734
549 824
550 551
550 714
550 729
550 917
550 991
551 552
551 562
551 702
552 553
552 569
552 585
552 645
552 737
552 810
552 977
553 554
553 623
553 697
553 894
553 954
554 555
554 589
554 639
554 931
554 961
555 556
555 781
555 874
555 895
555 986
556 557
556 746
556 789
556 816
557 558
557 589
557 830
557 860
557 892
557 960
558 559
558 598
558 611
559 560
559 816
559 922
560 561
560 619
560 697
560 828
561 562
561 563
561 664
561 768
561 948
561 953
561 957
562 563
562 801
562 999
563 564
563 578
563 629
563 808
564 565
564 679
564 699
564 896
564 951
565 566
565 576
565 731
565 756
565 869
565 983
566 567
566 723
566 796
566 836
566 978
567 568
567 816
567 909
568 569
568 765
568 935
569 570
569 756
569 855
569 887
569 956
570 571
570 614
570 677
570 709
570 817
570 889
570 936
571 572
571 604
571 638
571 644
571 776
571 802
571 838
571 890
571 946
571 954
571 992
572 573
572 745
572 903
573 574
573 704
573 734
573 761
573 844
573 987
574 575
574 660
574 662
574 760
574 788
574 833
574 891
575 576
575 642
575 719
575 738
575 890
575 900
575 953
575 967
576 577
576 842
576 849
576 864
576 942
577 578
577 620
577 894
577 902
577 928
578 579
578 631
578 688
578 736
578 763
578 967
578 982
579 580
579 586
579 901
580 581
580 805
580 860
580 907
580 917
581 582
581 684
581 749
581 852
581 886
581 903
581 948
582 583
582 670
582 841
582 902
582 905
582 954
583 584
583 700
583 732
583 761
583 793
583 875
584 585
584 612
584 647
584 720
585 586
585 603
585 839
585 894
586 587
586 772
586 998
587 588
587 641
587 763
587 912
587 932
588 589
588 703
588 747
588 868
589 590
589 698
589 702
589 704
589 809
589 826
590 591
590 601
590 712
590 837
590 873
590 931
590 963
591 592
591 617
591 655
591 669
591 794
592 593
592 595
592 799
592 884
592 940
593 594
593 677
593 681
593 817
593 825
593 834
594 595
594 679
594 766
594 798
594 893
594 917
595 596
595 605
595 634
595 684
595 747
595 957
596 597
596 738
596 748
596 768
596 802
596 831
597 598
597 602
597 655
597 786
597 802
597 884
597 941
598 599
598 604
598 644
598 810
598 821
598 873
598 978
598 979
599 600
599 704
599 776
599 804
599 901
599 926
600 601
600 809
600 870
600 934
600 969
601 602
601 618
601 637
601 897
602 603
602 653
602 717
602 771
602 790
602 825
602 885
602 931
602 933
602 953
603 604
603 690
603 730
604 605
604 694
604 744
604 753
604 820
604 856
604 966
605 606
605 660
605 685
605 716
605 834
605 954
606 607
606 643
606 659
606 666
606 675
606 764
606 803
606 828
607 608
607 636
607 777
607 825
607 912
607 919
607 977
607 996
608 609
608 660
608 830
608 833
608 863
609 610
609 739
609 754
609 830
609 884
609 898
609 966
610 611
610 625
610 707
610 722
610 873
610 978
610 988
611 612
611 870
612 613
612 867
612 903
613 614
613 899
614 615
614 631
614 656
614 778
614 781
614 799
614 928
615 616
615 720
615 791
615 828
615 880
615 922
615 976
616 617
616 724
616 761
616 912
617 618
617 834
617 847
617 852
618 619
618 710
619 620
619 728
619 730
619 796
619 965
620 621
620 698
621 622
621 653
621 655
621 668
621 709
621 735
621 917
621 950
622 623
622 640
622 647
622 731
622 746
622 753
622 785
622 958
623 624
623 650
623 682
623 899
623 912
624 625
624 659
624 663
624 803
625 626
625 650
625 677
625 818
625 898
626 627
626 800
626 810
626 889
626 953
627 628
627 644
627 787
627 825
627 954
627 981
628 629
628 667
628 679
628 837
628 928
628 979
629 630
629 862
629 919
629 934
629 951
629 969
630 631
630 693
630 926
631 632
631 907
632 633
632 639
632 810
632 936
632 953
632 966
633 634
633 676
633 725
633 788
633 857
633 859
633 860
633 952
634 635
634 922
634 928
634 933
634 936
635 636
635 719
636 637
636 659
636 663
636 678
636 764
637 638
637 906
637 968
638 639
638 651
638 742
638 870
639 640
639 766
639 775
640 641
640 665
640 982
640 999
641 642
641 705
641 859
642 643
642 654
642 778
642 859
643 644
643 788
643 889
644 645
644 693
644 721
644 732
644 793
644 823
644 907
644 916
645 646
645 762
645 885
646 647
646 731
646 734
646 766
646 983
647 648
647 659
647 685
647 819
648 649
648 833
648 904
648 910
648 936
649 650
649 701
649 974
650 651
650 657
650 665
650 840
650 843
651 652
651 688
651 744
651 755
651 846
652 653
652 836
652 837
652 895
652 912
652 984
653 654
653 659
653 674
653 761
653 771
654 655
654 682
654 776
654 896
654 917
654 937
655 656
655 820
656 657
657 658
657 695
657 796
657 813
657 903
657 908
658 659
658 702
658 825
658 829
658 899
658 998
659 660
659 697
659 987
660 661
660 687
660 813
660 884
661 662
661 683
662 663
662 790
662 976
663 664
663 709
663 725
664 665
664 666
664 972
665 666
665 776
665 782
665 841
665 949
666 667
666 764
666 819
667 668
667 682
667 798
667 846
667 893
667 984
668 669
668 834
669 670
669 924
669 980
670 671
670 850
670 936
670 945
671 672
671 846
671 955
672 673
672 682
672 685
672 828
672 882
672 972
672 976
673 674
673 834
673 982
673 986
674 675
674 819
674 820
674 822
674 919
674 988
675 676
675 695
675 710
675 811
675 823
676 677
676 711
676 877
677 678
677 775
677 870
677 914
677 940
678 679
678 880
679 680
679 716
679 749
679 826
680 681
680 754
680 763
680 798
681 682
681 755
681 789
681 791
681 901
682 683
682 976
683 684
683 686
683 781
683 886
683 950
683 952
684 685
684 695
684 708
684 718
684 737
684 830
684 852
684 881
685 686
685 859
686 687
686 719
686 803
686 837
686 843
686 926
686 959
686 968
687 688
687 696
687 831
687 864
687 977
688 689
688 728
688 845
688 953
689 690
689 789
689 941
689 984
690 691
690 806
690 820
690 951
690 985
691 692
691 817
691 826
691 837
691 976
692 693
692 850
692 940
693 694
693 710
693 749
693 952
693 996
694 695
694 730
694 846
694 915
694 940
695 696
695 721
695 890
695 909
695 957
695 991
696 697
696 839
696 841
696 967
696 991
697 698
697 705
697 824
697 832
698 699
698 720
698 762
698 885
698 993
699 700
699 749
699 970
699 998
700 701
701 702
701 739
701 790
701 867
701 947
701 968
702 703
702 711
702 714
702 777
702 874
702 899
703 704
703 852
703 946
703 953
704 705
704 751
704 848
704 908
704 967
705 706
705 732
705 750
706 707
706 879
706 930
707 708
707 839
707 852
707 890
708 709
708 763
708 912
708 946
709 710
709 885
709 938
710 711
710 734
710 791
710 829
711 712
711 731
711 749
711 765
711 768
711 770
711 867
711 978
712 713
712 890
712 930
713 714
713 728
713 977
714 715
714 808
714 892
715 716
715 864
715 956
716 717
716 811
716 836
716 943
717 718
717 725
717 808
717 830
717 849
717 856
717 943
718 719
718 726
718 864
718 908
718 990
719 720
719 764
719 796
720 721
720 766
720 797
720 826
720 849
720 878
720 905
720 985
721 722
722 723
722 997
723 724
723 852
724 725
724 736
724 802
725 726
725 769
725 934
725 994
726 727
726 768
726 823
726 967
726 974
727 728
727 790
727 961
728 729
728 764
728 778
729 730
729 862
730 731
730 790
730 835
730 900
730 926
730 937
731 732
731 971
731 985
732 733
732 822
732 920
733 734
733 828
734 735
734 837
734 862
734 970
735 736
735 760
735 761
735 838
735 901
735 907
735 908
736 737
736 768
736 784
736 817
736 865
736 889
736 929
737 738
737 768
737 868
737 911
737 929
737 957
737 960
738 739
738 904
738 996
739 740
740 741
740 964
741 742
741 744
741 917
742 743
742 829
743 744
744 745
744 822
744 847
744 939
745 746
745 766
745 785
745 924
745 956
745 980
746 747
746 934
746 994
747 748
747 972
748 749
748 810
748 871
748 918
748 965
749 750
749 814
749 815
749 915
750 751
750 784
750 974
751 752
751 765
751 788
751 789
751 934
752 753
753 754
753 810
753 841
753 843
753 878
753 957
753 999
754 755
754 906
755 756
755 770
755 792
755 920
756 757
756 818
756 883
756 897
756 954
757 758
757 841
757 859
757 867
758 759
758 833
758 922
758 941
759 760
759 825
760 761
760 812
761 762
761 790
761 810
761 829
761 865
762 763
762 848
762 955
763 764
763 899
764 765
764 818
764 858
765 766
765 826
765 919
766 767
766 896
767 768
767 831
767 963
767 976
768 769
768 792
768 875
768 913
769 770
769 908
769 954
769 965
770 771
770 887
770 904
770 911
770 952
770 969
770 997
771 772
771 829
772 773
772 780
772 857
772 881
772 996
773 774
773 831
774 775
774 798
774 837
774 931
774 945
775 776
775 859
775 949
776 777
776 869
776 919
777 778
777 825
777 880
777 954
777 971
778 779
778 807
778 952
779 780
779 838
779 898
779 955
780 781
780 813
780 825
780 915
780 921
780 993
781 782
781 878
781 900
782 783
782 824
782 913
783 784
784 785
784 807
784 831
785 786
785 948
785 964
786 787
786 940
787 788
787 809
788 789
789 790
789 847
789 864
789 890
789 903
790 791
791 792
791 910
791 931
791 935
791 981
792 793
792 935
793 794
793 838
794 795
794 834
795 796
795 858
795 961
796 797
796 885
796 907
796 962
797 798
797 849
797 855
797 858
797 889
798 799
799 800
799 885
799 917
800 801
800 810
801 802
801 936
802 803
802 833
803 804
803 857
803 896
803 904
804 805
804 819
804 955
804 991
805 806
805 807
805 921
805 926
805 929
805 961
806 807
807 808
807 923
808 809
808 874
809 810
809 847
809 906
809 950
810 811
810 885
810 901
810 909
811 812
811 861
811 907
812 813
812 870
812 891
812 990
812 996
813 814
813 891
813 910
814 815
815 816
815 832
815 936
816 817
816 975
817 818
817 907
818 819
818 821
818 926
818 943
818 966
819 820
820 821
820 863
820 883
820 974
821 822
821 827
821 831
821 996
822 823
822 829
822 856
822 879
822 909
823 824
823 900
823 969
823 979
823 982
824 825
824 866
825 826
825 901
826 827
826 840
827 828
827 865
827 895
827 953
828 829
828 887
828 921
829 830
829 842
829 853
829 862
829 900
829 965
830 831
830 930
831 832
832 833
832 849
832 912
832 993
833 834
833 895
833 945
834 835
834 848
834 925
834 980
835 836
835 858
835 868
835 898
836 837
837 838
837 840
837 918
837 945
837 986
838 839
838 876
839 840
839 946
840 841
840 957
841 842
841 848
841 973
842 843
842 987
843 844
843 939
844 845
844 970
845 846
845 915
845 982
846 847
847 848
847 905
848 849
849 850
849 856
849 971
850 851
850 950
851 852
851 871
851 912
852 853
852 885
852 970
853 854
854 855
855 856
855 876
855 971
855 977
856 857
856 917
857 858
858 859
858 955
858 973
859 860
859 864
859 917
860 861
860 870
861 862
862 863
862 865
862 898
862 945
862 972
863 864
864 865
864 968
865 866
865 963
866 867
866 893
866 932
866 973
867 868
867 885
867 969
868 869
868 929
868 984
868 987
869 870
869 988
870 871
870 922
870 947
871 872
871 953
872 873
872 877
872 897
872 908
873 874
873 979
874 875
874 947
874 952
874 999
875 876
876 877
876 883
877 878
878 879
879 880
880 881
881 882
881 920
882 883
882 930
883 884
884 885
884 948
885 886
886 887
886 924
886 960
886 998
887 888
888 889
889 890
889 928
890 891
890 942
891 892
891 904
891 932
892 893
892 911
892 915
892 956
892 957
893 894
894 895
895 896
895 933
896 897
897 898
898 899
899 900
899 995
900 901
901 902
902 903
902 946
902 983
903 904
904 905
905 906
906 907
906 916
907 908
907 974
907 983
908 909
909 910
910 911
911 912
912 913
912 943
912 947
913 914
913 956
913 961
914 915
915 916
915 973
916 917
916 931
916 947
917 918
917 929
917 947
918 919
918 927
918 995
919 920
920 921
921 922
921 927
921 966
922 923
922 943
922 963
923 924
924 925
924 984
925 926
925 954
926 927
926 972
926 981
927 928
928 929
929 930
930 931
930 952
931 932
932 933
933 934
934 935
934 995
935 936
935 970
935 990
936 937
937 938
937 970
938 939
939 940
940 941
941 942
941 989
942 943
942 949
943 944
943 967
943 969
944 945
945 946
945 990
946 947
947 948
948 949
948 998
949 950
950 951
950 980
951 952
951 983
951 984
951 996
952 953
952 958
953 954
954 955
955 956
956 957
957 958
957 962
958 959
959 960
960 961
961 962
961 973
962 963
962 989
963 964
964 965
965 966
966 967
967 968
968 969
969 970
970 971
970 984
970 996
971 972
972 973
973 974
974 975
975 976
976 977
976 992
977 978
978 979
979 980
979 992
980 981
980 985
981 982
982 983
983 984
984 985
985 986
986 987
986 994
987 988
987 989
988 989
989 990
990 991
991 992
992 993
992 999
993 994
994 995
995 996
996 997
997 998
998 999
