0 82.81147484081438
1 37.44226578245629
2 101.29564507375623
3 87.88835615985042
4 108.46769589590423
5 38.840567030188126
6 115.15454104811562
7 114.62322626718775
8 115.35699478388669
9 108.40477695339231
10 57.16737072669495
11 84.42313836033125
12 91.09851593870157
13 41.06971286197281
14 41.13909501028638
15 48.80781601480116
16 93.88083315064641
17 109.24721675230371
18 103.05356965928199
19 85.38643230289057
20 40.53846112609884
21 55.50981851964961
22 21.756238996685454
23 85.99112640073879
24 101.15619537865749
25 81.87557220181085
26 81.83511371758146
27 103.21747432162418
28 48.12909243677457
29 63.43154868192048
30 98.94231963023142
31 101.1268596792401
32 96.76614306954583
33 25.84976780602903
34 118.52121462585569
35 31.74470572315028
36 91.81077497449448
37 91.29083852363851
38 67.75166713994318
39 37.99235807778101
40 39.66153126100141
41 115.25693749253657
42 87.4988047758302
43 65.81934816953675
44 59.61139401388603
45 108.14719874904219
46 96.14812031133911
47 53.55667868289398
48 29.084401284679366
49 59.58492922705814
50 40.43258288631306
51 54.890638154353724
52 27.633344175806137
53 61.02758278561088
54 69.70496479331572
55 43.36062845511404
56 42.37249531043022
57 52.736682370826806
58 29.581289771363178
59 40.913320129282354
60 83.55446770475058
61 104.8764362782018
62 108.47897610077656
63 110.79939562459207
64 73.16049348470762
65 79.3260958713756
66 86.29588264574335
67 55.97806526646624
68 111.65850047410963
69 108.73254492530948
70 28.324127894593346
71 68.19838726935482
72 98.49360176562242
73 72.39602661166376
74 39.46521716427799
75 80.05539827770082
76 80.41070094666026
77 44.773317933443465
78 43.910653152879924
79 82.5729100728108
80 28.36912190987249
81 41.699020362069135
82 83.67487507647112
83 84.24377617884717
84 98.59427659545375
85 91.8671402678004
86 35.71502999103184
87 103.96230629765569
88 116.22162351837792
89 116.68141689532638
90 31.844723596204584
91 109.91244388887574
92 31.02320478139309
93 110.27438254645264
94 28.246550687247876
95 39.2291856980666
96 33.867344380444905
97 73.31144437492918
98 112.11089428676217
99 59.12969639582236
0 1
0 10
0 11
0 12
0 13
0 17
0 18
0 19
0 22
0 30
0 33
0 34
0 41
0 42
0 44
0 45
0 52
0 60
0 61
0 66
0 67
0 70
0 76
0 81
0 82
0 83
0 87
0 94
0 96
0 98
1 2
1 3
1 6
1 8
1 12
1 16
1 26
1 32
1 33
1 41
1 50
1 56
1 74
1 76
1 77
1 78
1 86
1 97
2 3
2 7
2 12
2 22
2 38
2 43
2 48
2 55
2 68
2 72
2 74
2 91
2 93
3 4
3 7
3 13
3 36
3 40
3 43
3 54
3 59
3 60
3 65
3 73
3 77
3 92
3 93
3 95
3 96
4 5
4 10
4 13
4 16
4 26
4 28
4 37
4 39
4 40
4 42
4 43
4 45
4 54
4 56
4 62
4 67
4 69
4 74
4 83
5 6
5 15
5 28
5 29
5 31
5 43
5 49
5 52
5 61
5 69
5 73
5 77
5 80
5 93
5 94
5 99
6 7
6 9
6 16
6 22
6 25
6 30
6 41
6 46
6 49
6 57
6 59
6 61
6 70
6 72
6 74
6 79
6 84
6 88
6 91
6 94
6 98
7 8
7 11
7 14
7 17
7 18
7 19
7 28
7 29
7 42
7 49
7 55
7 58
7 65
7 67
7 73
7 74
7 77
7 83
7 84
7 87
7 89
7 90
7 91
8 9
8 11
8 21
8 24
8 28
8 33
8 38
8 43
8 44
8 50
8 51
8 53
8 58
8 66
8 72
8 77
8 97
9 10
9 21
9 22
9 39
9 47
9 54
9 56
9 65
9 66
9 69
9 74
9 80
10 11
10 12
10 19
10 25
10 26
10 30
10 34
10 37
10 39
10 40
10 46
10 47
10 51
10 62
10 73
10 78
10 88
10 94
10 98
10 99
11 12
11 14
11 19
11 21
11 41
11 49
11 51
11 52
11 58
11 59
11 62
11 68
11 71
11 79
11 80
11 84
11 87
11 92
11 95
12 13
12 18
12 20
12 24
12 26
12 43
12 45
12 46
12 49
12 50
12 52
12 59
12 63
12 75
12 85
12 94
13 14
13 18
13 22
13 24
13 28
13 31
13 32
13 33
13 35
13 42
13 64
13 65
13 78
13 86
14 15
14 21
14 29
14 38
14 47
14 48
14 64
14 86
14 93
14 94
14 97
14 99
15 16
15 18
15 19
15 20
15 26
15 32
15 35
15 36
15 39
15 52
15 54
15 55
15 56
15 57
15 74
15 79
15 86
15 87
15 94
15 97
15 98
16 17
16 30
16 33
16 35
16 40
16 47
16 48
16 50
16 52
16 59
16 60
16 68
16 69
16 72
16 75
16 81
16 83
16 86
16 89
16 93
16 94
16 96
17 18
17 26
17 33
17 36
17 47
17 48
17 50
17 53
17 56
17 81
17 88
17 90
17 96
18 19
18 25
18 36
18 56
18 59
18 65
18 68
18 69
18 70
18 73
18 78
18 81
18 83
18 94
18 96
18 98
19 20
19 27
19 39
19 44
19 51
19 64
19 73
19 75
19 78
19 80
19 88
20 21
20 33
20 35
20 38
20 40
20 64
20 66
21 22
21 24
21 26
21 29
21 43
21 46
21 53
21 55
21 61
21 76
21 78
21 79
21 83
21 91
21 98
22 23
22 24
22 25
22 27
22 28
22 33
22 41
22 45
22 50
22 52
22 60
22 70
22 76
22 83
22 84
22 89
22 97
23 24
23 31
23 41
23 47
23 61
23 62
23 69
23 70
23 80
23 91
23 94
23 99
24 25
24 27
24 34
24 40
24 42
24 43
24 57
24 65
24 68
24 69
24 78
24 79
24 83
24 85
25 26
25 33
25 39
25 49
25 51
25 55
25 59
25 67
25 73
25 74
25 75
25 88
25 95
26 27
26 29
26 30
26 33
26 42
26 44
26 46
26 47
26 48
26 56
26 58
26 59
26 81
26 82
26 94
26 99
27 28
27 31
27 36
27 37
27 42
27 90
27 98
27 99
28 29
28 38
28 42
28 45
28 47
28 60
28 62
28 66
28 75
28 78
28 85
28 86
28 90
29 30
29 31
29 35
29 41
29 43
29 46
29 48
29 53
29 62
29 64
29 66
29 75
29 76
29 99
30 31
30 33
30 37
30 45
30 47
30 60
30 61
30 63
30 66
30 69
30 78
30 84
30 87
30 94
31 32
31 35
31 49
31 53
31 56
31 57
31 60
31 61
31 77
31 79
31 81
31 90
31 95
32 33
32 39
32 42
32 80
32 89
32 99
33 34
33 38
33 42
33 47
33 58
33 62
33 65
33 70
33 76
33 81
33 87
33 95
34 35
34 45
34 47
34 57
34 60
34 71
34 76
34 88
34 91
34 92
34 94
35 36
35 39
35 40
35 44
35 48
35 50
35 52
35 54
35 56
35 60
35 61
35 66
35 70
35 75
35 89
35 93
36 37
36 39
36 40
36 42
36 43
36 46
36 54
36 58
36 63
36 64
36 77
36 82
36 83
36 85
36 88
37 38
37 45
37 48
37 57
37 67
37 72
37 76
37 80
37 85
37 89
38 39
38 43
38 56
38 58
38 59
38 61
38 77
38 80
38 85
38 86
38 90
38 92
39 40
39 45
39 46
39 48
39 50
39 55
39 56
39 69
39 73
39 74
39 80
39 88
39 91
39 93
39 95
39 96
39 97
40 41
40 43
40 46
40 52
40 53
40 61
40 62
40 65
40 72
40 74
40 95
40 99
41 42
41 44
41 45
41 48
41 49
41 50
41 57
41 59
41 60
41 65
41 67
41 68
41 71
41 76
41 86
41 90
41 91
41 96
41 97
42 43
42 46
42 52
42 54
42 59
42 74
42 81
42 84
43 44
43 59
43 61
43 66
43 73
43 79
43 81
43 85
43 88
44 45
44 50
44 54
44 56
44 58
44 59
44 62
44 64
44 65
44 68
44 69
44 84
44 96
45 46
45 48
45 55
45 59
45 74
45 93
45 96
46 47
46 49
46 51
46 56
46 59
46 74
46 80
46 85
46 86
46 90
47 48
47 54
47 56
47 68
47 78
47 80
47 83
47 85
47 87
48 49
48 55
48 60
48 69
48 86
48 87
48 91
48 93
48 94
48 95
49 50
49 52
49 59
49 60
49 67
49 72
49 81
49 82
49 96
50 51
50 55
50 64
50 65
50 68
50 71
50 77
50 83
50 85
50 88
50 89
50 93
50 96
50 97
50 99
51 52
51 56
51 57
51 66
51 67
51 68
51 74
51 81
51 82
51 83
51 85
51 96
51 97
51 98
52 53
52 63
52 66
52 72
52 73
52 75
52 84
52 86
52 99
53 54
53 60
53 61
53 62
53 72
53 76
53 82
53 83
53 94
53 99
54 55
54 56
54 57
54 65
54 75
54 93
54 94
54 96
55 56
55 59
55 60
55 66
55 67
55 72
55 73
55 83
55 84
56 57
56 61
56 62
56 66
56 79
56 80
56 84
56 85
56 99
57 58
57 59
57 68
57 73
57 76
57 78
57 81
57 97
57 99
58 59
58 61
58 67
58 68
58 69
58 77
58 78
58 79
58 81
58 82
58 94
58 96
59 60
59 62
59 63
59 70
59 86
59 91
60 61
60 62
60 64
60 69
60 81
60 84
60 86
61 62
61 70
61 81
61 84
61 85
61 91
62 63
62 69
62 76
62 79
62 83
62 87
62 95
63 64
63 65
63 69
63 71
63 72
63 74
63 81
63 84
63 85
63 86
63 91
63 96
64 65
64 66
64 68
64 75
64 76
64 78
64 80
64 82
64 84
64 85
64 91
64 93
64 94
64 95
64 99
65 66
65 72
65 77
65 79
65 88
65 90
65 96
65 97
66 67
66 69
66 70
66 72
66 83
66 91
67 68
67 72
67 77
67 82
67 86
67 89
67 91
67 93
67 97
68 69
68 72
68 80
68 81
68 85
68 89
68 90
68 91
68 97
68 99
69 70
69 72
69 74
69 77
69 84
69 86
69 87
69 88
69 96
69 97
70 71
70 73
70 80
70 81
70 88
70 93
70 98
71 72
71 75
71 79
71 82
71 92
71 95
72 73
72 77
72 81
72 95
72 97
73 74
73 88
73 91
73 94
73 98
74 75
74 90
74 92
74 94
75 76
75 82
75 84
75 91
75 92
75 96
76 77
76 84
76 87
76 98
77 78
77 80
77 93
77 95
77 96
77 97
78 79
78 81
78 83
79 80
79 81
79 83
79 90
79 92
79 96
80 81
80 82
80 92
81 82
81 84
81 85
81 86
81 90
81 99
82 83
82 94
82 99
83 84
83 93
84 85
84 92
84 94
85 86
85 99
86 87
86 88
86 94
86 96
87 88
87 92
87 93
87 94
88 89
88 91
88 97
88 98
89 90
89 97
89 99
90 91
90 97
91 92
91 93
92 93
92 95
93 94
93 97
94 95
95 96
96 97
97 98
98 99
