0 75.88101354511318
1 99.3018720871667
2 42.96648557346413
3 31.607695027236755
4 70.05521716228735
5 100.45821833585521
6 30.647662602147665
7 52.13255638902446
8 27.850880546237637
9 74.38495004959861
10 77.17915931475511
11 88.8461152513947
12 70.7813838093922
13 55.00129095466728
14 77.98517436136349
15 117.81958790858376
16 110.88864847447276
17 116.6106623418689
18 45.17503950999077
19 22.20603605838281
20 60.47135214550339
21 68.35728451204398
22 53.079667178569395
23 115.62841426734613
24 80.0014108667892
25 20.413637934056798
26 46.63598948443045
27 55.47632903365623
28 32.71324012802478
29 33.083541673075956
30 119.82460729859571
31 47.96999616359194
32 98.82291340696902
33 79.63442333426562
34 82.40098310618217
35 55.54135197313302
36 64.93205706593706
37 76.42626891724386
38 72.320694821345
39 78.89864264434205
40 44.89394967892437
41 59.7836914950452
42 38.54443265868542
43 101.08221007654949
44 107.26690398806092
45 118.06141934809901
46 114.31854984153598
47 48.885669889555686
48 81.45277799511669
49 119.4824395215581
50 24.56215675774304
51 48.20796218857473
52 89.71599181505532
53 111.58191060296653
54 22.651886258409665
55 24.218302773893235
56 105.50116439887738
57 106.46888314486945
58 31.6806475217444
59 24.65736503272585
60 69.8151265786413
61 107.62180331086991
62 73.17678124129795
63 25.16443990449824
64 106.91168413404986
65 78.56258195268168
66 102.30526081346451
67 109.21181879111089
68 68.11523381803322
69 101.50806740952108
70 32.73268000192355
71 102.04391065636219
72 98.3419023269727
73 24.97649812548776
74 26.62294331353963
75 77.96011666079619
76 63.724612375261295
77 53.33057145532966
78 45.64075652531842
79 53.34686800052545
80 100.72108778090804
81 88.36755917830911
82 107.37512098906186
83 24.055601390122632
84 47.181494934773475
85 93.32088423931486
86 68.255242343081
87 105.03990466848488
88 94.07503815962515
89 113.01639094814679
90 58.816379853728925
91 82.60641710744365
92 52.92254815953027
93 50.430575251879446
94 30.08335964707911
95 95.20055209428091
96 68.45466524483712
97 69.5268039932994
98 30.87457177863038
99 117.33941250695221
0 1
0 24
0 57
0 69
0 82
1 2
1 6
1 7
1 11
1 12
1 25
1 28
1 40
1 88
1 92
2 3
2 21
2 22
2 30
2 53
2 61
2 74
2 78
2 96
3 4
3 15
3 32
3 34
3 40
3 47
3 58
3 89
4 5
4 31
4 78
4 86
5 6
5 18
5 59
5 64
5 79
5 90
6 7
6 12
6 14
6 27
6 66
7 8
7 11
7 24
7 61
7 65
7 69
7 75
7 86
7 90
8 9
8 47
8 50
8 53
8 58
8 87
9 10
9 51
9 59
9 72
9 83
9 87
9 92
10 11
10 49
10 99
11 12
11 16
11 28
11 46
11 88
12 13
12 24
12 26
12 34
12 54
12 69
12 79
12 86
12 89
13 14
13 58
13 83
13 97
14 15
14 35
14 65
14 72
14 98
15 16
15 23
15 25
15 54
15 65
16 17
16 24
16 32
16 36
16 42
16 50
16 57
16 75
16 76
17 18
17 55
17 69
18 19
18 27
18 42
19 20
19 44
19 71
19 81
19 94
20 21
20 33
20 75
20 78
21 22
21 24
21 27
21 29
21 31
21 49
21 57
21 95
21 98
22 23
22 34
22 39
22 77
22 79
22 82
23 24
23 28
23 31
23 44
23 76
23 86
24 25
24 40
24 48
24 57
24 65
24 67
24 68
24 74
24 87
24 93
25 26
25 41
25 58
25 59
25 67
25 98
26 27
26 32
26 73
27 28
27 43
27 56
27 72
27 79
28 29
28 61
28 65
28 67
28 73
28 95
28 99
29 30
29 35
29 78
29 79
29 83
29 84
30 31
30 35
30 50
31 32
31 53
32 33
32 64
33 34
33 41
33 43
33 49
33 58
33 59
33 60
33 73
33 76
33 85
34 35
34 61
34 66
34 72
34 83
34 96
35 36
35 57
35 61
35 96
36 37
36 48
36 82
37 38
37 51
37 53
37 85
37 90
38 39
38 61
38 78
39 40
39 51
39 60
39 78
39 91
40 41
40 43
40 49
40 63
40 72
41 42
41 43
41 44
41 62
41 76
41 82
41 91
41 94
42 43
42 44
42 57
42 64
42 67
42 71
42 97
43 44
43 45
43 56
43 70
44 45
44 53
44 57
44 62
44 66
44 67
44 79
44 81
44 99
45 46
45 52
46 47
46 56
46 63
46 98
47 48
47 70
47 75
47 81
47 89
47 93
48 49
48 71
48 99
49 50
49 80
49 82
49 84
49 91
49 93
50 51
50 66
51 52
51 76
51 81
51 82
51 92
51 94
52 53
52 62
52 65
52 75
52 83
53 54
53 55
53 65
53 71
53 90
53 93
54 55
54 68
54 93
55 56
55 57
55 63
55 75
55 82
55 95
56 57
56 66
57 58
57 62
57 71
57 75
57 81
57 94
57 95
58 59
58 86
58 89
59 60
59 65
60 61
60 66
61 62
61 93
62 63
62 79
63 64
63 79
64 65
64 70
64 76
64 90
64 93
65 66
65 98
65 99
66 67
66 77
67 68
67 70
67 98
68 69
69 70
69 85
70 71
70 76
70 85
70 90
71 72
71 80
71 83
71 98
72 73
72 78
72 88
72 89
72 92
73 74
73 90
73 94
74 75
74 77
75 76
75 90
76 77
76 92
77 78
78 79
78 91
78 93
79 80
80 81
80 92
81 82
81 94
82 83
83 84
83 94
84 85
85 86
85 94
85 97
86 87
86 90
86 91
87 88
87 96
88 89
89 90
90 91
91 92
92 93
92 98
93 94
94 95
95 96
96 97
97 98
98 99
