0 100.38934162147699
1 52.83987789608942
2 101.13170143968155
3 99.47183358082368
4 89.0677612289621
5 62.77072931311154
6 53.14112943740045
7 76.12123767505261
8 91.11188092317128
9 46.74933802090297
10 68.02793505758024
11 70.0326837532816
12 102.40765502102995
13 53.60341234302959
14 83.57761606737009
15 79.32353578862381
16 103.90158655725767
17 109.73832749270781
18 59.192843005258624
19 112.47439464000868
20 56.08203265264832
21 80.56305006197704
22 94.73966958814084
23 82.21509405365057
24 23.911048004982586
25 82.59135273903003
26 99.0596653193645
27 59.10851228587294
28 96.44319947155473
29 36.35811740201196
30 30.63637761789009
31 116.42705764389032
32 101.40299129591668
33 83.98186426561386
34 20.502188501165456
35 45.67057096159334
36 79.15262888365953
37 82.02111825555068
38 53.194270918220994
39 72.95332252701343
40 72.76706800226412
41 20.213580916025002
42 25.416040790174826
43 60.49164157733201
44 111.3433955287433
45 109.7535300031373
46 24.033087700723
47 34.55268497020485
48 112.20681177502006
49 30.95421831723517
50 65.13032715087587
51 41.47870599949864
52 104.33555880336388
53 29.458498385774536
54 114.07966142988128
55 96.78011081379502
56 80.11237692713485
57 102.60228598180305
58 62.91519063115844
59 58.794506560823635
60 115.42016730175138
61 23.1018810685277
62 75.78558527738075
63 28.037810497086458
64 59.13470970415968
65 105.92756575573075
66 25.85096758988104
67 46.12747423268651
68 82.22748955288776
69 36.04231759079742
70 37.71424268038622
71 44.03668400354966
72 93.97674067050032
73 39.62589063406979
74 118.32451823676578
75 68.44237953434973
76 78.19509617600804
77 99.47088307177987
78 106.26286833471501
79 97.05881798426424
80 75.91726151774053
81 86.42886122027133
82 94.41840072709738
83 39.10230294256195
84 42.65141745917133
85 103.10101007203237
86 84.28521640949664
87 105.41161487299821
88 38.08307695833612
89 113.40911959641298
90 111.45847845007245
91 24.25259197298078
92 64.03041116889317
93 62.24927248750836
94 41.38052639126798
95 73.4642071945372
96 52.485089795734694
97 73.12179627361334
98 71.9855967157734
99 97.35739201112419
0 1
0 42
0 47
0 52
0 82
0 83
1 2
1 6
1 19
1 46
1 82
2 3
2 12
2 55
2 71
2 85
2 99
3 4
3 35
3 41
3 42
3 63
3 67
3 68
3 73
3 74
3 76
3 84
3 86
3 87
4 5
4 25
4 28
4 31
4 37
4 38
4 60
4 70
4 79
4 80
4 86
4 89
5 6
5 16
5 32
5 62
5 70
5 73
5 76
5 90
6 7
6 11
6 41
6 46
6 51
6 71
6 91
7 8
7 16
7 42
7 46
7 49
7 76
7 90
8 9
8 21
8 40
8 46
8 49
8 53
8 57
8 61
9 10
9 11
9 14
9 22
9 54
9 56
9 66
9 80
10 11
10 34
10 68
10 93
10 95
11 12
11 33
11 35
11 77
11 89
11 93
12 13
12 29
13 14
13 44
13 98
14 15
14 20
14 71
14 94
15 16
15 31
15 33
15 42
15 74
16 17
16 64
16 78
16 85
16 87
16 93
16 95
16 97
17 18
17 50
17 67
17 80
17 88
17 90
17 97
18 19
18 23
18 24
18 76
18 87
18 94
18 97
18 98
19 20
19 32
19 35
19 47
19 58
19 67
20 21
20 25
20 30
20 38
20 41
20 49
20 61
20 82
20 90
21 22
21 26
21 41
21 96
22 23
22 48
23 24
23 71
23 86
23 97
24 25
24 38
24 59
24 76
24 84
24 90
25 26
25 28
25 38
26 27
26 89
27 28
27 39
27 63
27 78
27 80
28 29
28 41
28 62
28 66
28 70
28 75
29 30
29 71
29 91
30 31
30 37
30 41
30 42
30 73
30 86
30 89
30 90
30 92
31 32
31 38
31 48
31 70
32 33
32 39
32 49
32 53
32 61
32 63
32 66
33 34
33 44
33 68
33 85
34 35
34 55
34 65
34 78
34 98
34 99
35 36
35 37
35 43
35 57
35 60
36 37
36 59
36 91
36 94
37 38
37 39
37 43
37 49
37 62
37 64
37 78
37 84
37 87
38 39
38 42
38 47
38 53
39 40
39 54
39 63
39 71
39 88
39 96
39 98
40 41
40 44
40 49
40 69
40 92
41 42
41 51
41 53
41 86
41 96
42 43
42 56
42 79
43 44
43 68
43 93
44 45
44 58
44 60
44 68
44 79
45 46
45 84
45 96
45 97
46 47
46 60
46 76
46 93
47 48
47 54
47 64
47 70
47 73
47 95
47 97
48 49
48 50
48 83
48 96
48 99
49 50
49 63
49 81
49 97
50 51
50 58
50 59
51 52
51 69
51 93
51 97
52 53
52 64
52 70
52 74
53 54
53 56
53 90
54 55
54 57
54 66
54 84
54 96
55 56
55 64
55 87
56 57
57 58
57 91
58 59
58 67
58 68
58 96
59 60
59 78
59 93
59 99
60 61
60 64
60 80
60 99
61 62
61 72
61 80
61 81
61 97
62 63
62 70
62 74
62 80
62 89
63 64
63 88
64 65
64 67
64 79
64 96
65 66
65 89
66 67
66 78
66 79
66 81
66 89
66 90
67 68
68 69
68 71
69 70
69 75
70 71
70 77
70 91
70 99
71 72
72 73
72 85
72 90
73 74
74 75
74 97
75 76
75 78
75 99
76 77
77 78
77 82
77 93
78 79
78 81
79 80
79 97
80 81
80 85
81 82
82 83
82 99
83 84
84 85
84 90
85 86
85 88
85 92
86 87
87 88
88 89
89 90
89 93
90 91
90 92
91 92
91 96
92 93
92 99
93 94
93 96
94 95
95 96
96 97
97 98
97 99
98 99
