0 73.88199429455443
1 38.59853859822588
2 27.694413698038428
3 79.54904271018084
4 50.18610501556786
5 55.52973711718998
6 26.050844770204023
7 41.68466282582109
8 37.48104054227501
9 106.23675694677243
10 33.375914504709215
11 38.36819847271698
12 79.50721323590719
13 87.30233143066391
14 95.22261332375453
15 33.72153323084795
16 49.86381478412938
17 60.17281118388328
18 95.8119976862368
19 42.841382484738546
20 31.608226560331406
21 52.32864739781903
22 96.15276678521076
23 89.23357195014827
24 98.35088206649226
25 43.84698622634677
26 42.09044574502791
27 24.630675981001698
28 47.019539271629625
29 52.93361808194478
30 25.71206985588405
31 41.2253848263529
32 118.50206540164746
33 117.6929747222785
34 21.129931781729287
35 104.10581225931024
36 56.53699437901315
37 108.22124886434888
38 31.390607897501944
39 32.55796624046073
40 97.5062802015507
41 93.04911960231568
42 77.10312691390573
43 62.90438913653974
44 54.19483510849633
45 27.02699765616708
46 29.352838866754116
47 32.67699242688904
48 55.11653639313916
49 23.937071014774617
50 39.56511551001847
51 36.175925701494194
52 27.666662014482146
53 26.432873929464357
54 47.20578900245333
55 114.84528722284468
56 68.14572421046202
57 88.34849529329678
58 52.552763011846295
59 62.400370931401376
60 24.609967935666216
61 39.985918989334024
62 26.24600369710555
63 44.27004043793806
64 29.53883281399101
65 115.68047844838496
66 89.9206680799758
67 53.67171979509662
68 58.469929189146804
69 84.76068408762823
70 42.95088621883835
71 52.515454769922535
72 58.03719165535345
73 41.960237244438396
74 29.17928795614868
75 74.3373168425532
76 82.25801852033182
77 81.40631739101943
78 34.48004540123638
79 98.59139623707453
80 99.45039044336897
81 99.49974086561218
82 81.10090528493737
83 40.88351705991191
84 83.82112043770469
85 46.318902481059325
86 37.95226336034939
87 42.10869797606482
88 85.55148625608416
89 72.62091509169578
90 97.35903944463999
91 80.95830559635178
92 81.11674648753669
93 100.07966759457315
94 78.26376172589215
95 78.89175123542334
96 41.61111714684103
97 76.09201783123305
98 103.46692071097618
99 114.42149324283268
0 1
0 2
0 28
0 39
0 50
0 52
0 64
1 2
1 14
1 47
2 3
2 10
2 16
2 18
2 19
2 37
2 48
2 76
2 79
2 89
3 4
3 11
3 58
3 74
3 75
3 80
4 5
4 13
4 18
4 31
4 34
4 42
4 75
4 79
4 95
5 6
5 24
5 39
5 49
5 57
5 61
5 85
5 98
6 7
6 10
6 23
6 33
6 36
6 45
6 57
6 61
6 68
6 69
6 71
6 77
6 87
6 92
6 95
6 98
7 8
7 12
7 23
7 26
7 31
7 38
7 40
7 43
7 52
7 58
7 98
8 9
8 27
8 62
8 66
8 69
8 75
8 81
9 10
9 18
9 22
9 27
9 91
10 11
10 16
10 62
10 65
10 69
10 73
11 12
11 14
11 49
11 56
11 57
11 69
11 77
11 85
12 13
12 21
12 38
12 40
12 62
12 68
12 78
12 92
13 14
13 15
13 23
13 57
13 94
14 15
14 16
14 26
14 27
14 29
14 33
14 34
14 47
14 53
14 59
15 16
15 21
15 45
15 64
15 92
16 17
16 23
16 25
16 33
16 55
16 57
16 93
16 97
17 18
17 60
17 86
18 19
18 22
18 26
18 35
18 59
18 65
18 83
18 87
18 97
19 20
19 88
19 89
19 99
20 21
20 26
20 40
20 74
20 88
20 90
21 22
21 57
21 95
22 23
22 57
22 69
22 73
22 98
23 24
23 33
23 51
23 67
23 69
23 89
24 25
24 30
24 32
24 83
24 87
24 88
24 92
25 26
25 27
25 52
25 57
25 97
26 27
26 37
26 56
26 61
26 67
26 84
27 28
27 42
27 43
27 59
27 84
27 99
28 29
28 33
28 66
28 81
29 30
29 51
29 63
29 69
29 93
30 31
30 35
30 37
30 51
30 54
30 63
30 68
30 73
30 81
30 85
31 32
31 46
31 47
31 84
31 97
31 98
32 33
32 34
32 85
33 34
33 50
33 95
34 35
34 54
35 36
35 56
35 68
35 69
35 78
35 82
36 37
36 77
37 38
37 45
37 59
37 70
37 72
37 86
37 87
37 99
38 39
38 47
38 52
38 60
38 64
38 69
38 99
39 40
39 99
40 41
40 55
40 90
40 94
41 42
41 57
41 76
41 78
41 89
42 43
42 69
42 78
42 82
42 85
43 44
43 55
43 67
43 73
43 92
44 45
45 46
45 82
46 47
46 57
46 61
46 78
46 98
47 48
47 63
47 93
48 49
48 54
48 55
48 60
48 69
48 75
48 82
49 50
49 62
49 73
49 93
50 51
50 88
51 52
51 64
51 80
51 95
52 53
52 65
52 95
53 54
53 55
53 63
53 67
54 55
54 57
54 66
54 81
54 87
55 56
55 74
55 78
56 57
56 65
56 71
56 82
57 58
57 93
58 59
59 60
59 68
59 96
60 61
60 84
61 62
61 63
61 88
62 63
62 67
62 86
63 64
64 65
65 66
65 88
65 97
66 67
66 79
66 83
66 86
67 68
68 69
69 70
69 74
69 85
70 71
70 75
70 76
71 72
72 73
72 75
73 74
73 87
74 75
74 77
74 79
74 81
75 76
75 77
75 81
75 87
75 98
76 77
77 78
78 79
78 90
78 91
78 93
79 80
80 81
81 82
82 83
82 93
82 95
83 84
83 88
83 94
84 85
85 86
85 91
86 87
86 95
87 88
88 89
89 90
89 93
90 91
90 94
90 99
91 92
91 94
92 93
92 94
93 94
93 96
94 95
95 96
96 97
96 99
97 98
98 99
