0 76.34237669689516
1 77.34974587983706
2 55.17370768691966
3 113.069435174462
4 40.754340899639175
5 90.90453284204344
6 43.96576857370152
7 27.811031893818246
8 24.829555869502645
9 89.1084227753841
10 83.80954126167836
11 90.68990829407032
12 44.762121346433396
13 102.73933951671113
14 87.74310544847417
15 30.57920477562353
16 20.428096984114333
17 59.965639464669344
18 35.19235158589555
19 94.2133058885508
20 77.21058091329989
21 118.91660979729959
22 91.12513779250675
23 60.73777753126207
24 40.30228771531364
25 52.82342821004412
26 25.423718261096035
27 38.01826009326835
28 116.67913807074818
29 78.3585816641002
30 56.23342924171543
31 55.603982864450785
32 61.598464984710944
33 42.11826859174988
34 44.26817362199708
35 57.620414409995085
36 56.2606453727437
37 57.633582502536456
38 46.40098954504843
39 90.36948809806661
40 81.18312147838478
41 115.8628001213275
42 96.34058265493042
43 74.04477749138951
44 55.87088408423989
45 75.80841958098182
46 117.79239428991903
47 45.72285197707058
48 29.5277246070848
49 78.71904310418793
50 91.22540832190076
51 61.67096931300215
52 49.83762642059795
53 119.27758479631616
54 89.21359700645763
55 51.01521401050765
56 107.25591177445166
57 50.24372684311469
58 67.29348638806204
59 119.94198983761936
60 50.78485419955001
61 93.20987669054566
62 47.377081031428176
63 115.85981609627808
64 97.86864572476767
65 77.4463827615257
66 58.98194018338601
67 74.32715406033142
68 115.82777076260592
69 31.25308632770744
70 109.88794226077175
71 88.05599081757609
72 35.16298265962269
73 105.80076950076837
74 42.30284971054981
75 56.929782560943224
76 66.0942284941724
77 20.137367170719727
78 93.21654197598362
79 100.7282243503306
80 28.86006744238882
81 77.85033897928149
82 118.3463077649914
83 42.13031156868159
84 75.58819612929773
85 20.8179020197856
86 57.92337973287278
87 96.57095295745941
88 76.95797803250872
89 53.54827992051743
90 119.54347822421732
91 37.655412410875414
92 70.41089041348481
93 92.79751769939172
94 28.401757697627808
95 42.08967344212333
96 118.32506252575533
97 71.47283368135506
98 48.45531077899571
99 56.46377019445916
0 1
0 5
0 9
0 35
0 37
0 52
0 55
0 68
0 74
0 84
0 85
0 94
0 96
0 97
1 2
1 7
1 8
1 10
1 14
1 23
1 27
1 30
1 31
1 35
1 38
1 42
1 45
1 52
1 73
2 3
2 17
2 23
2 28
2 33
2 46
2 48
2 50
2 55
2 56
2 59
2 68
2 75
2 86
3 4
3 8
3 12
3 13
3 15
3 17
3 28
3 29
3 51
3 55
3 67
3 81
3 86
4 5
4 25
4 56
4 58
4 78
4 80
4 81
4 82
4 83
4 84
4 94
5 6
5 8
5 9
5 40
5 41
5 42
5 68
5 74
5 78
5 79
5 80
5 97
6 7
6 12
6 25
6 33
6 41
6 59
6 72
6 78
6 86
7 8
7 9
7 11
7 14
7 18
7 25
7 37
7 41
7 44
7 50
7 65
7 66
7 69
7 73
7 77
7 83
7 97
8 9
8 14
8 20
8 25
8 26
8 35
8 38
8 45
8 51
8 69
8 78
8 79
8 80
8 81
8 86
8 88
8 89
9 10
9 14
9 21
9 22
9 32
9 37
9 42
9 43
9 56
9 64
9 74
9 78
9 80
9 88
10 11
10 21
10 24
10 25
10 28
10 42
10 63
10 68
10 80
10 93
10 95
11 12
11 21
11 33
11 34
11 62
11 66
11 68
11 81
11 85
12 13
12 14
12 21
12 29
12 32
12 61
12 65
12 81
12 85
12 86
12 88
12 99
13 14
13 28
13 35
13 48
13 55
13 59
13 65
13 77
13 82
13 86
14 15
14 22
14 23
14 34
14 42
14 64
14 72
14 75
14 77
14 86
14 92
14 95
15 16
15 32
15 37
15 42
15 48
15 76
15 77
16 17
16 24
16 26
16 35
16 41
16 42
16 45
16 47
16 50
16 52
16 54
16 59
16 61
16 64
16 66
16 70
16 75
16 76
16 78
16 82
16 92
16 93
16 96
17 18
17 20
17 25
17 27
17 35
17 36
17 43
17 46
17 49
17 50
17 58
17 65
17 71
17 75
17 76
17 79
17 80
17 91
17 92
17 99
18 19
18 23
18 35
18 39
18 44
18 46
18 47
18 57
18 59
18 61
18 63
18 66
18 82
18 98
19 20
19 29
19 36
19 39
19 43
19 67
19 70
19 86
19 90
19 93
19 96
19 99
20 21
20 24
20 31
20 51
20 54
20 82
20 84
20 88
20 89
21 22
21 28
21 37
21 46
21 49
21 62
21 69
21 80
21 87
21 98
22 23
22 28
22 39
22 48
22 52
22 62
22 69
22 71
22 72
22 74
22 82
22 86
22 89
22 90
23 24
23 49
23 55
23 71
23 77
23 81
23 85
23 87
23 92
23 99
24 25
24 26
24 36
24 50
24 52
24 56
24 68
24 74
24 77
24 85
25 26
25 37
25 38
25 48
25 52
25 60
25 72
25 78
25 82
25 84
25 85
25 92
26 27
26 34
26 36
26 39
26 44
26 68
26 69
26 75
26 76
26 79
26 83
26 85
26 87
26 91
26 92
27 28
27 32
27 35
27 39
27 53
27 62
27 67
27 70
27 72
27 82
27 84
27 92
27 98
27 99
28 29
28 39
28 44
28 49
28 69
28 70
28 89
28 96
29 30
29 40
29 45
29 50
29 51
29 55
29 62
29 65
29 84
29 87
29 97
30 31
30 39
30 49
30 55
30 64
30 68
30 69
30 85
30 96
31 32
31 35
31 49
31 51
31 54
31 64
31 73
31 77
31 85
31 86
31 96
32 33
32 36
32 56
32 57
32 58
32 68
32 70
32 74
32 80
32 81
32 84
32 89
32 90
32 98
33 34
33 38
33 44
33 45
33 50
33 53
33 68
33 72
33 73
33 75
33 78
33 82
33 83
33 88
33 99
34 35
34 58
34 59
34 72
34 74
34 80
34 96
35 36
35 60
35 62
35 67
35 79
35 83
35 86
35 87
35 91
35 95
36 37
36 43
36 44
36 45
36 55
36 62
36 70
36 77
36 80
36 81
36 92
36 99
37 38
37 48
37 49
37 50
37 51
37 58
37 61
37 63
37 66
37 67
37 69
37 70
37 75
37 89
37 90
38 39
38 40
38 45
38 57
38 59
38 62
38 65
38 67
38 74
38 75
38 84
38 85
39 40
39 42
39 52
39 57
39 63
39 64
39 77
39 84
39 91
40 41
40 42
40 48
40 49
40 68
40 70
40 71
40 76
40 86
40 88
40 92
40 98
41 42
41 44
41 48
41 52
41 66
41 71
41 74
41 89
41 90
41 92
42 43
42 51
42 52
42 73
42 77
42 82
43 44
43 58
43 69
43 74
43 91
43 92
43 96
44 45
44 50
44 52
44 54
44 81
44 83
44 86
44 88
44 90
44 95
45 46
45 59
45 67
45 71
45 92
45 97
46 47
46 49
46 55
46 64
46 68
46 84
46 87
47 48
47 54
47 62
47 64
47 69
47 95
47 96
47 98
48 49
48 51
48 62
48 63
48 69
48 73
48 79
48 83
48 91
48 99
49 50
49 53
49 54
49 59
49 74
49 76
49 80
49 82
49 84
49 86
49 90
49 92
49 94
49 96
50 51
50 60
50 64
50 65
50 71
50 89
51 52
51 54
51 61
51 80
51 82
51 98
52 53
52 62
52 66
52 71
52 90
52 93
52 94
52 95
53 54
53 82
53 83
53 87
53 89
54 55
54 60
54 63
54 68
54 70
54 76
54 85
54 87
54 90
55 56
55 57
55 58
55 65
55 67
55 93
55 94
56 57
56 70
56 73
56 80
56 86
56 92
56 93
57 58
57 59
57 65
57 66
57 79
57 80
57 82
57 92
57 96
58 59
58 61
58 63
58 67
58 84
58 87
58 96
59 60
59 72
59 73
59 78
59 87
59 91
59 99
60 61
60 71
60 86
61 62
61 65
61 72
61 73
61 75
61 81
61 86
62 63
62 65
62 74
62 92
62 93
62 95
63 64
63 66
63 70
63 77
63 93
64 65
64 75
64 90
64 94
64 99
65 66
65 70
65 82
65 83
65 85
65 95
66 67
66 70
66 76
66 77
66 80
66 81
66 84
67 68
67 75
67 86
67 94
68 69
68 72
68 73
68 74
68 80
68 82
68 87
68 95
68 97
69 70
69 75
69 76
69 91
70 71
70 75
70 76
70 77
70 82
70 89
70 93
70 94
71 72
71 91
72 73
72 80
72 83
72 93
72 95
72 98
73 74
73 83
73 84
73 97
73 99
74 75
74 86
74 97
75 76
75 81
75 84
75 92
75 95
76 77
76 80
76 82
76 83
76 89
76 98
77 78
77 88
77 90
77 96
78 79
78 82
78 86
78 92
78 93
79 80
79 84
79 90
80 81
80 88
80 91
81 82
81 88
82 83
82 84
82 86
82 89
83 84
83 90
83 94
83 95
83 99
84 85
85 86
85 92
85 95
85 97
85 99
86 87
87 88
87 92
87 95
88 89
88 93
88 96
88 97
89 90
90 91
90 92
90 95
91 92
91 93
92 93
92 94
93 94
94 95
95 96
95 98
96 97
97 98
98 99
