0 67.70508594043582
1 93.97150566826805
2 87.44837452361439
3 70.06546446437349
4 61.859779723676496
5 67.49308903517817
6 60.311873340650564
7 114.26107525066469
8 69.53353615735926
9 22.28680283109458
10 72.00493217636587
11 69.94346426585119
12 24.589794428959912
13 26.446875154846513
14 29.702801704995256
15 41.6373255459463
16 118.55630587318635
17 36.56618364589522
18 63.4980443493074
19 80.97795554271079
20 101.11255026478227
21 65.41279696080339
22 103.14874953632628
23 89.43346973796922
24 53.552384001139814
25 28.658594636378417
26 28.584766782530572
27 86.17680179058158
28 86.42128778606529
29 116.90323128429375
30 32.52951952540262
31 63.96211543064972
32 68.87522116398256
33 105.74064560819151
34 66.50508962030409
35 61.42661723717137
36 31.780699932193606
37 86.24422157362216
38 102.52342765455325
39 38.93022201553515
40 99.17344355950155
41 71.00059266403132
42 31.926719382060803
43 56.8618950346489
44 93.41554143291641
45 106.70100310723717
46 40.125053616492664
47 20.282925901722685
48 28.23875573563402
49 103.30305457273751
50 41.389727439231706
51 71.84373578475541
52 50.83424797378053
53 71.90454480853865
54 31.39568329205176
55 86.10233337810959
56 119.2466647549204
57 48.7250518052522
58 116.8666770816468
59 42.688823544660586
60 104.55316723966335
61 70.96975751125848
62 111.4620294797755
63 33.201850211158515
64 88.65565562026575
65 61.85402050773457
66 44.95384162975181
67 87.2892715021328
68 87.98708330365746
69 76.69595929214931
70 118.77886065623709
71 87.05668897946356
72 71.03043777570602
73 59.73840041046862
74 55.20916814467076
75 75.76396882181932
76 53.27159252145013
77 62.24025293523835
78 29.671194740536706
79 56.71120147939686
80 47.054887338755286
81 76.38145266814335
82 46.15258056591105
83 21.28203222475497
84 115.78301016327495
85 46.654421790600026
86 114.17163176247875
87 41.30362579411529
88 32.0003115835527
89 30.668901414736922
90 112.44427012321877
91 110.19901391946263
92 67.12141884270123
93 94.67598940614957
94 79.16849656399961
95 119.84890057561341
96 46.91466256655899
97 45.62104087248099
98 51.75658994918136
99 115.64647466217046
0 1
0 48
1 2
1 35
1 37
2 3
2 88
3 4
3 96
4 5
4 6
4 47
4 57
5 6
5 75
6 7
6 21
6 98
7 8
7 48
8 9
8 80
8 88
9 10
9 69
9 95
10 11
10 75
10 76
11 12
11 15
11 65
12 13
12 37
12 51
13 14
14 15
14 16
14 38
14 53
14 68
14 74
15 16
15 18
15 49
15 67
16 17
17 18
17 29
17 94
18 19
18 52
19 20
19 52
20 21
20 48
20 60
20 97
21 22
21 90
22 23
22 91
23 24
23 89
24 25
24 33
24 45
25 26
26 27
27 28
27 38
27 47
27 71
27 73
27 91
28 29
28 37
28 70
29 30
29 65
30 31
30 90
31 32
31 35
31 97
32 33
33 34
33 97
34 35
35 36
35 97
36 37
37 38
38 39
38 45
39 40
40 41
41 42
42 43
43 44
43 85
44 45
44 76
45 46
45 97
46 47
46 48
47 48
47 70
47 84
48 49
48 62
49 50
50 51
51 52
52 53
52 81
52 87
53 54
53 77
54 55
54 91
55 56
55 60
55 77
55 82
56 57
56 72
56 82
56 86
56 94
57 58
58 59
59 60
59 61
59 96
60 61
60 86
61 62
61 79
61 81
61 83
62 63
62 84
63 64
63 65
63 83
64 65
65 66
65 75
66 67
66 68
67 68
67 98
68 69
69 70
69 75
70 71
71 72
71 89
72 73
73 74
73 89
74 75
74 82
74 94
74 99
75 76
76 77
77 78
77 85
78 79
78 88
79 80
79 88
80 81
81 82
81 95
82 83
83 84
84 85
85 86
86 87
87 88
87 89
88 89
89 90
89 96
90 91
90 95
91 92
92 93
92 97
93 94
93 96
94 95
95 96
96 97
97 98
98 99
