0 57.73532460379221
1 27.541835813565314
2 79.27744136021481
3 96.33991992831947
4 69.97732785997505
5 63.478464141891735
6 82.55079423937887
7 33.42305564364765
8 52.61842810615273
9 70.45095074039152
10 59.73508078937695
11 80.33031166414855
12 101.59773336192269
13 71.74083383880951
14 113.3851796303513
15 103.39068627738754
16 52.18999680438757
17 61.368497174577556
18 92.21154034209412
19 24.1265322470613
20 41.4488295760911
21 83.93873807138947
22 98.28622601154372
23 92.09384767629697
24 46.388486972766955
25 57.91065770903677
26 20.06233538082584
27 50.40381755224798
28 117.60951299462984
29 56.65040593525782
30 56.6639795528953
31 37.23915283622386
32 39.10854372116525
33 70.31668043804318
34 61.50160084828786
35 89.43275963940044
36 84.17279801997927
37 33.445323420754505
38 73.9900953705386
39 40.05513660591899
40 104.54494309330568
41 118.04077528454071
42 26.994915267835342
43 30.960819946601553
44 85.45412571227985
45 60.04849846008468
46 114.60384613610695
47 93.3731040822431
48 22.644187993128256
49 108.27394382681156
50 79.91995782127128
51 84.84016603583697
52 29.19016802985281
53 59.13000488735152
54 35.793801935955585
55 109.27462398896216
56 59.67940969734266
57 68.03634898059025
58 62.76059112315822
59 88.29247819995419
60 47.243719157376034
61 108.86036044481473
62 37.92076449988473
63 96.69629341865219
64 84.96417046034402
65 86.48089235999932
66 36.10003271869836
67 22.701342811099916
68 47.330331454016665
69 94.37242100111871
70 110.34756462345592
71 64.38242304150603
72 39.720819714611714
73 49.048564695199495
74 102.67872953094371
75 27.822857113776948
76 84.28228538096964
77 26.270384112795757
78 57.94140499621109
79 49.57621626144154
80 99.119009058524
81 70.11626022693062
82 113.78253495446654
83 26.30507202830633
84 104.36555913630248
85 45.32654311659529
86 117.91429542006671
87 97.84013240149676
88 93.5000013983728
89 55.7776256712423
90 80.22684379944499
91 96.40690139312636
92 41.16538810161378
93 57.506405000511776
94 101.76729764792161
95 44.395996223040406
96 79.80239061238288
97 53.39761008767466
98 35.202304899861254
99 55.807110055611155
0 1
0 2
0 3
0 6
0 13
0 16
0 22
0 29
0 31
0 56
0 73
0 76
0 78
0 80
0 83
0 87
0 94
1 2
1 22
1 30
1 42
1 55
1 66
1 93
1 97
2 3
2 10
2 13
2 14
2 30
2 31
2 45
2 48
2 53
2 54
2 57
2 67
2 70
2 71
2 72
2 74
2 93
2 94
2 96
3 4
3 9
3 12
3 13
3 16
3 21
3 23
3 30
3 33
3 34
3 36
3 37
3 45
3 65
3 69
3 72
3 74
3 76
3 83
3 87
3 89
3 96
3 98
4 5
4 8
4 14
4 23
4 31
4 34
4 41
4 54
4 56
4 59
4 61
4 72
4 78
4 83
4 85
5 6
5 8
5 13
5 17
5 20
5 21
5 29
5 38
5 47
5 50
5 55
5 59
5 63
5 67
5 72
5 75
5 79
5 81
5 94
6 7
6 14
6 29
6 46
6 47
6 49
6 70
6 72
6 78
6 87
6 88
6 96
6 97
7 8
7 11
7 12
7 29
7 35
7 39
7 43
7 44
7 48
7 51
7 57
7 66
7 72
7 78
7 79
8 9
8 13
8 16
8 22
8 35
8 52
8 64
8 88
9 10
9 11
9 12
9 14
9 52
9 60
9 61
9 66
9 73
9 75
9 80
9 81
9 91
10 11
10 12
10 21
10 23
10 40
10 41
10 42
10 45
10 68
10 69
10 71
10 89
10 91
11 12
11 15
11 27
11 34
11 38
11 40
11 41
11 52
11 69
11 73
11 74
11 77
11 92
11 98
12 13
12 18
12 20
12 32
12 34
12 45
12 50
12 59
12 63
12 66
12 69
12 82
12 94
12 95
13 14
13 27
13 28
13 32
13 40
13 45
13 52
13 71
13 75
13 76
13 79
13 87
13 88
14 15
14 30
14 40
14 41
14 44
14 71
14 74
14 83
15 16
15 17
15 21
15 37
15 44
15 45
15 49
15 57
15 58
15 64
15 65
15 68
15 69
15 70
15 72
15 73
15 88
15 94
15 95
15 97
16 17
16 28
16 39
16 46
16 55
16 89
16 91
16 94
16 95
17 18
17 21
17 31
17 39
17 50
17 51
17 52
17 57
17 64
17 66
17 67
17 82
17 83
17 96
18 19
18 22
18 25
18 45
18 47
18 80
18 90
18 92
18 98
19 20
19 21
19 30
19 31
19 32
19 42
19 44
19 53
19 58
19 69
19 72
19 75
19 86
19 92
19 93
20 21
20 30
20 42
20 45
20 47
20 59
20 65
20 95
20 96
20 97
20 99
21 22
21 27
21 37
21 43
21 44
21 50
21 60
21 63
21 64
21 65
21 80
21 88
21 89
21 90
21 91
21 94
22 23
22 24
22 29
22 39
22 46
22 65
22 70
22 74
22 77
23 24
23 31
23 40
23 49
23 60
23 65
23 68
23 90
23 95
24 25
24 30
24 37
24 40
24 43
24 45
24 51
24 52
24 55
24 58
24 65
24 72
24 74
24 86
24 87
24 98
25 26
25 36
25 42
25 45
25 53
25 54
25 55
25 58
25 59
25 67
25 72
25 79
25 95
26 27
26 33
26 38
26 40
26 47
26 49
26 55
26 59
26 62
26 78
26 83
26 96
26 98
27 28
27 32
27 36
27 44
27 45
27 48
27 56
27 60
27 62
27 66
27 70
27 82
27 86
27 92
27 93
28 29
28 34
28 36
28 48
28 63
28 74
28 80
28 99
29 30
29 38
29 50
29 86
29 95
29 96
30 31
30 40
30 44
30 48
30 68
30 69
30 71
30 72
30 74
30 89
30 91
31 32
31 61
31 65
31 66
31 76
31 78
31 80
31 82
31 88
31 92
31 98
32 33
32 40
32 44
32 56
32 62
32 65
32 68
32 78
32 87
33 34
33 35
33 41
33 52
33 64
33 82
34 35
34 37
34 48
34 52
34 54
34 65
34 66
34 72
34 76
34 82
34 83
34 85
34 86
34 95
35 36
35 49
35 53
35 54
35 62
35 70
35 72
35 74
35 75
35 76
35 91
35 94
35 97
36 37
36 46
36 58
36 60
36 64
36 74
36 75
36 83
36 85
37 38
37 46
37 55
37 58
37 59
37 90
37 94
38 39
38 52
38 63
38 64
38 66
38 68
38 84
38 87
38 96
38 98
39 40
39 42
39 49
39 52
39 64
39 69
39 73
39 76
39 81
39 88
39 93
39 94
40 41
40 47
40 53
40 57
40 59
40 64
40 70
40 72
40 76
41 42
41 43
41 46
41 49
41 55
41 59
41 61
41 66
41 73
41 76
41 84
41 92
42 43
42 46
42 63
42 65
42 70
42 71
42 76
42 92
42 95
43 44
43 45
43 70
43 76
43 78
43 80
44 45
44 48
44 63
44 64
44 72
44 84
44 92
44 93
44 97
45 46
45 47
45 54
45 63
45 64
45 78
45 79
45 90
46 47
46 50
46 59
46 65
46 77
46 78
46 89
46 94
46 97
47 48
47 50
47 56
47 57
47 58
47 59
47 66
47 68
47 70
47 92
47 96
48 49
48 53
48 55
48 61
48 62
48 67
48 77
48 87
48 97
48 98
49 50
49 56
49 61
49 68
49 73
49 77
49 81
49 85
49 88
49 92
49 99
50 51
50 57
50 59
50 64
50 85
50 93
50 99
51 52
51 58
51 63
51 67
51 77
51 82
52 53
52 66
52 68
52 70
52 73
52 78
52 83
52 89
52 90
53 54
53 64
53 66
53 75
53 80
53 83
53 85
53 88
54 55
54 57
54 61
54 70
54 85
54 98
55 56
55 58
55 61
55 66
55 76
55 80
55 82
55 88
56 57
56 59
56 75
56 77
56 89
57 58
57 62
57 67
57 68
57 69
57 75
57 77
57 78
57 80
57 88
58 59
58 90
58 94
58 95
59 60
59 73
59 78
59 79
59 80
60 61
60 67
60 85
60 88
60 92
60 95
61 62
61 63
61 66
61 69
61 82
61 86
61 87
61 90
62 63
62 67
62 74
62 82
62 84
62 85
62 91
63 64
63 86
63 94
63 98
64 65
64 67
64 81
64 83
64 84
64 96
64 97
65 66
65 73
65 79
65 88
65 91
65 97
65 99
66 67
66 68
66 73
66 77
66 78
66 83
66 88
66 91
67 68
67 69
67 73
67 74
68 69
68 70
68 86
68 89
69 70
69 74
69 84
69 92
70 71
70 75
70 79
70 86
70 93
70 96
71 72
71 80
71 85
71 89
71 91
71 92
71 95
71 98
72 73
72 82
72 83
72 84
72 86
72 89
72 97
73 74
73 97
73 99
74 75
74 77
74 86
74 89
74 94
74 97
75 76
75 92
76 77
76 96
76 98
77 78
77 81
77 82
77 87
77 89
77 92
78 79
78 86
78 93
79 80
80 81
80 83
81 82
81 83
81 86
81 90
82 83
82 91
82 97
83 84
83 92
84 85
84 86
84 94
85 86
85 88
85 96
86 87
86 89
86 99
87 88
88 89
88 96
88 98
89 90
90 91
91 92
91 99
92 93
93 94
93 98
94 95
95 96
95 98
96 97
97 98
98 99
