0 72.99453094276464
1 67.74046271003857
2 113.61251335066441
3 99.48233730040322
4 102.91812154932053
5 74.43342576901676
6 21.412835316532767
7 61.79884613440018
8 22.01950098644842
9 26.156646027469357
10 24.311282509157156
11 66.92229520740602
12 117.64950876879432
13 59.45199883279301
14 66.18168763068797
15 62.80277547413926
16 38.44250274494007
17 53.89106554873627
18 23.473465062970348
19 43.156480239216776
20 42.46577384665275
21 119.03426335846515
22 70.033980442164
23 67.8233153866278
24 69.0049359102545
25 71.22237930142464
26 45.28031760553489
27 109.27435664303587
28 99.68655402211463
29 94.14885074897256
30 98.11118786147226
31 46.6100944822515
32 82.54948789657685
33 57.72760979204064
34 88.42239742446611
35 73.01931225492505
36 28.711535030590234
37 103.46261128918793
38 115.6869152768097
39 30.42236361073844
40 55.43816296058889
41 91.34168401577791
42 109.7832774268761
43 35.90148570501313
44 41.70520778715613
45 43.218641880375166
46 63.103674028231346
47 118.5247555494325
48 82.75767035377864
49 110.7140966862658
50 104.94577638886967
51 42.29911783798694
52 78.70178357804895
53 41.85673947418015
54 119.289968879699
55 51.24189359844647
56 68.82778955091757
57 20.003317011223945
58 85.28632899953448
59 35.93905484597581
60 28.145921008356147
61 101.01691934479493
62 76.12335349296126
63 87.46244025822293
64 75.52834140223217
65 80.24957163340618
66 86.42309968063867
67 74.14702949335125
68 103.88484829115305
69 79.56660641802705
70 70.90502156289807
71 49.48326247417901
72 31.96038846886037
73 56.46659947584247
74 67.78349817995948
75 75.25833675467979
76 94.62753487132171
77 102.29213507062423
78 49.2116402272914
79 23.084283017279606
80 33.957271782435775
81 114.5930535790712
82 88.05669719416558
83 99.57954142122084
84 26.88653098703026
85 99.89519020550192
86 55.38996286327442
87 25.724690759924794
88 86.96116018751279
89 87.4441315132674
90 66.29678543226058
91 89.29182878180188
92 107.41809414437925
93 111.93478552814707
94 72.95992713836296
95 80.75109655233122
96 70.78067107890135
97 53.804080395694946
98 63.44217798219456
99 117.68663518840428
0 1
0 2
0 16
0 42
0 90
1 2
1 34
1 43
1 54
1 74
1 80
1 98
2 3
2 4
2 7
2 51
2 73
2 76
2 78
3 4
3 11
3 12
3 37
3 45
3 83
3 89
3 90
3 92
4 5
4 6
4 20
4 25
4 40
4 47
4 79
4 80
5 6
5 46
5 73
5 86
6 7
6 41
6 73
7 8
7 14
7 33
7 36
7 39
7 50
7 59
7 74
7 75
8 9
8 37
8 40
8 45
8 73
8 84
8 87
8 90
8 92
9 10
9 11
9 15
9 19
9 49
9 70
9 78
9 90
9 94
10 11
10 77
10 80
10 90
11 12
11 30
11 31
11 32
11 35
11 52
12 13
12 15
12 27
12 41
12 42
12 81
12 85
12 93
13 14
13 37
13 46
13 67
13 91
13 95
14 15
14 39
14 47
14 62
14 64
14 75
14 87
15 16
15 63
15 64
15 73
15 86
16 17
16 41
16 48
16 55
16 76
16 79
17 18
17 40
17 54
18 19
18 39
18 49
18 65
18 90
18 95
19 20
19 41
19 55
19 68
19 90
20 21
20 24
20 31
20 50
20 88
21 22
21 26
21 35
21 53
21 61
21 70
21 77
22 23
22 36
22 43
22 77
23 24
23 25
23 40
23 50
23 55
23 58
23 79
23 83
23 95
24 25
24 40
24 59
25 26
25 97
26 27
26 97
27 28
27 90
28 29
28 43
28 46
28 50
28 55
28 75
28 88
28 89
28 94
29 30
29 31
29 38
29 42
29 46
30 31
30 33
30 45
30 49
30 54
30 68
30 95
31 32
31 41
31 54
31 72
31 88
32 33
32 37
32 58
32 67
32 80
33 34
33 38
33 46
33 59
33 61
33 67
34 35
34 39
34 55
34 85
35 36
35 39
35 45
35 46
35 70
35 80
35 97
36 37
36 39
36 53
36 97
37 38
37 61
37 80
38 39
38 67
38 88
38 91
38 94
39 40
39 44
39 47
39 52
39 98
40 41
40 45
40 57
40 73
41 42
41 47
41 54
41 76
42 43
42 58
42 88
43 44
43 60
43 72
43 80
43 81
43 84
43 98
44 45
44 55
44 59
45 46
45 48
45 54
45 77
45 78
45 87
46 47
46 52
46 55
46 63
46 83
46 90
47 48
47 69
48 49
48 65
48 74
48 78
48 91
48 98
48 99
49 50
49 51
49 55
49 75
49 78
50 51
50 60
50 86
50 95
50 99
51 52
52 53
52 67
52 79
52 82
53 54
53 72
53 80
53 96
54 55
54 56
54 57
54 58
54 61
54 65
54 68
54 76
55 56
55 67
55 74
55 84
55 99
56 57
56 64
56 77
56 84
56 92
57 58
57 87
57 95
58 59
58 60
58 66
58 69
58 87
58 93
59 60
59 67
59 92
59 94
60 61
60 71
60 90
61 62
61 68
61 79
61 84
62 63
62 68
63 64
63 70
63 72
63 82
63 85
64 65
64 72
65 66
65 94
66 67
66 69
66 80
66 89
66 91
66 97
67 68
67 82
67 83
67 92
68 69
68 71
68 95
69 70
69 85
69 97
70 71
70 83
70 86
71 72
71 85
72 73
73 74
73 77
74 75
75 76
75 79
75 91
75 99
76 77
76 78
77 78
77 99
78 79
78 99
79 80
79 88
79 89
80 81
80 87
80 91
80 98
81 82
82 83
83 84
84 85
84 91
85 86
85 90
86 87
86 88
87 88
88 89
88 91
89 90
89 92
90 91
91 92
92 93
93 94
94 95
95 96
96 97
97 98
98 99
