0 99.56382118885797
1 87.06417022636066
2 74.2935143293316
3 106.34622452231513
4 111.29977341064148
5 70.09084931637746
6 49.59042767245397
7 95.79859251661033
8 86.96942843791611
9 56.3464210578754
10 82.54320937468093
11 69.38749152489216
12 53.004168804614395
13 112.18676248973027
14 39.809624652012914
15 32.22919741898046
16 44.687423970801014
17 57.76641556849946
18 85.49576068413081
19 111.68374673115814
20 35.31715425267429
21 53.801574378358254
22 23.310271343062322
23 67.16408967935874
24 96.37581798569732
25 23.26896257159708
26 42.774503830292225
27 108.86946823250261
28 40.688391627297186
29 36.31506991776941
30 21.127297007463657
31 42.8288279631937
32 81.89673755266008
33 78.15425159608768
34 90.47341179382009
35 90.20657527041713
36 103.05116821371746
37 114.36298335837319
38 65.75968682640874
39 112.51435119945805
40 64.71780468602628
41 65.73158079546782
42 43.32318363273015
43 111.18888239346725
44 98.72292820407452
45 105.71349207425514
46 22.04077100811515
47 59.93742593383219
48 27.503201580239153
49 97.516280888064
50 69.51966401119128
51 71.31868703222842
52 21.00328910806119
53 95.00723360934765
54 54.30370979614194
55 95.21851467824149
56 53.16005697888526
57 41.860494476856694
58 91.73026527615794
59 96.19609442683306
60 48.235200332938845
61 116.75149729996383
62 105.85774268988496
63 59.117722276781485
64 113.60578950939077
65 88.90840788486882
66 92.7939851665821
67 28.061725937556886
68 40.094876226338876
69 67.95915575845461
70 81.79087486946807
71 92.16940913525292
72 113.52201289591262
73 54.766570267542924
74 29.63064490491231
75 93.93340051698881
76 21.876088564084032
77 25.823030025265552
78 51.1145892531568
79 50.35611119800574
80 61.360653038973595
81 112.77993960640961
82 83.87498918439243
83 45.477454000663734
84 41.53448877441018
85 70.81626037967627
86 109.26623110247911
87 73.96239798762264
88 64.86786324792607
89 64.80424042658166
90 102.75126460622928
91 89.75528524964456
92 109.25755754680897
93 40.60933265807301
94 66.98468564067609
95 41.24928698445808
96 73.39141071159291
97 90.36531382056916
98 108.70389945369044
99 54.98578858652661
0 1
0 4
0 5
0 10
0 14
0 40
0 54
0 56
0 58
0 62
0 63
0 67
0 73
0 81
0 82
0 83
0 85
0 86
0 90
0 92
1 2
1 5
1 10
1 11
1 13
1 14
1 29
1 31
1 33
1 44
1 45
1 54
1 55
1 56
1 65
1 67
1 72
1 73
1 74
1 84
1 86
1 88
2 3
2 6
2 9
2 12
2 13
2 16
2 17
2 22
2 39
2 41
2 42
2 51
2 55
2 58
2 59
2 70
2 76
2 78
2 92
2 93
2 96
3 4
3 5
3 6
3 9
3 15
3 16
3 17
3 21
3 26
3 31
3 41
3 43
3 46
3 67
3 71
3 74
3 75
3 80
3 85
3 88
3 94
4 5
4 7
4 8
4 11
4 14
4 15
4 21
4 27
4 31
4 35
4 42
4 45
4 61
4 63
4 68
4 70
4 71
4 80
4 82
4 85
4 87
4 91
4 99
5 6
5 14
5 15
5 24
5 28
5 31
5 37
5 40
5 41
5 45
5 51
5 53
5 54
5 56
5 60
5 63
5 65
5 71
5 79
5 81
6 7
6 8
6 13
6 19
6 24
6 25
6 27
6 29
6 37
6 43
6 47
6 57
6 66
6 69
6 73
6 82
6 86
6 94
7 8
7 13
7 17
7 19
7 28
7 33
7 39
7 42
7 46
7 47
7 52
7 57
7 60
7 61
7 74
7 77
7 83
7 89
7 90
7 94
7 96
8 9
8 10
8 29
8 31
8 33
8 43
8 50
8 53
8 61
8 66
8 67
8 71
8 72
8 86
8 88
8 92
8 99
9 10
9 21
9 24
9 31
9 32
9 38
9 43
9 55
9 58
9 76
9 80
9 81
9 82
9 89
10 11
10 18
10 21
10 24
10 27
10 35
10 41
10 43
10 44
10 50
10 54
10 57
10 67
10 71
10 78
10 79
10 88
10 90
10 95
10 97
11 12
11 18
11 22
11 24
11 27
11 30
11 33
11 38
11 39
11 41
11 45
11 54
11 55
11 58
11 59
11 69
11 72
11 78
11 83
11 86
11 87
11 92
11 98
12 13
12 16
12 20
12 22
12 25
12 29
12 34
12 35
12 46
12 65
12 66
12 67
12 70
12 73
12 75
12 77
12 79
12 81
12 87
12 89
12 90
12 93
13 14
13 26
13 28
13 36
13 44
13 48
13 50
13 55
13 65
13 67
13 75
13 78
13 84
13 97
14 15
14 18
14 33
14 34
14 38
14 39
14 46
14 53
14 57
14 62
14 67
14 69
14 70
14 74
14 79
14 83
14 84
14 92
14 93
14 97
14 98
15 16
15 19
15 22
15 26
15 37
15 39
15 42
15 46
15 53
15 72
15 83
15 84
15 87
15 91
15 93
16 17
16 21
16 24
16 33
16 37
16 40
16 58
16 66
16 76
16 77
16 82
16 88
16 89
16 93
16 99
17 18
17 31
17 32
17 44
17 54
17 58
17 60
17 63
17 69
17 70
17 77
17 78
17 83
17 86
17 87
17 89
17 91
17 96
18 19
18 20
18 23
18 24
18 28
18 32
18 50
18 59
18 60
18 65
18 68
18 70
18 82
18 84
18 85
18 90
18 96
18 98
19 20
19 29
19 35
19 50
19 56
19 58
19 59
19 64
19 74
19 78
19 81
19 85
19 86
19 89
19 91
19 93
19 98
20 21
20 25
20 31
20 37
20 43
20 48
20 49
20 51
20 54
20 57
20 59
20 66
20 67
20 71
20 78
20 82
20 83
21 22
21 24
21 25
21 27
21 29
21 35
21 36
21 39
21 46
21 66
21 76
21 81
21 82
21 89
21 97
22 23
22 39
22 41
22 42
22 43
22 54
22 60
22 65
22 75
22 76
22 77
22 80
22 82
22 98
23 24
23 30
23 33
23 34
23 39
23 41
23 42
23 51
23 58
23 59
23 67
23 80
23 84
23 89
24 25
24 27
24 28
24 30
24 63
24 69
24 72
24 82
24 95
24 97
25 26
25 34
25 42
25 43
25 44
25 52
25 57
25 62
25 65
25 70
25 73
25 75
25 84
25 86
25 87
26 27
26 37
26 44
26 51
26 67
26 74
26 78
26 80
26 85
26 88
26 91
26 99
27 28
27 33
27 34
27 37
27 57
27 66
27 80
27 84
27 86
27 89
27 96
28 29
28 32
28 34
28 35
28 40
28 42
28 43
28 52
28 56
28 60
28 76
28 82
28 87
28 90
28 91
28 95
29 30
29 34
29 37
29 40
29 51
29 59
29 88
29 90
29 95
30 31
30 37
30 39
30 41
30 46
30 53
30 54
30 62
30 70
30 78
31 32
31 33
31 42
31 45
31 55
31 57
31 58
31 61
31 64
31 75
31 85
31 88
31 97
32 33
32 38
32 50
32 53
32 59
32 66
32 67
32 83
32 84
32 85
32 99
33 34
33 48
33 53
33 60
33 64
33 71
33 78
33 79
33 84
33 89
34 35
34 38
34 40
34 41
34 50
34 52
34 60
34 62
34 63
34 64
34 65
34 77
34 81
34 83
34 84
34 89
34 92
34 94
35 36
35 38
35 40
35 46
35 49
35 50
35 56
35 64
35 65
35 69
35 73
35 85
35 87
35 95
35 97
36 37
36 38
36 39
36 47
36 53
36 62
36 65
36 72
36 75
36 79
36 91
36 96
36 98
37 38
37 40
37 43
37 45
37 46
37 47
37 54
37 58
37 59
37 63
37 66
37 67
37 69
37 71
37 82
37 84
37 87
37 89
38 39
38 45
38 72
38 75
38 82
38 83
38 86
38 89
38 94
38 98
39 40
39 65
39 75
39 83
39 86
39 94
40 41
40 45
40 47
40 48
40 55
40 63
40 65
40 67
40 70
40 71
40 72
40 73
40 81
40 94
41 42
41 43
41 44
41 47
41 50
41 51
41 54
41 55
41 63
41 67
41 74
41 85
41 86
41 89
41 92
41 97
42 43
42 61
42 62
42 64
42 67
42 68
42 78
42 81
43 44
43 51
43 58
43 63
43 66
43 69
43 83
43 84
43 85
43 97
44 45
44 47
44 55
44 57
44 59
44 62
44 63
44 64
44 77
44 78
44 80
44 82
44 90
44 92
45 46
45 49
45 50
45 56
45 58
45 68
45 70
45 78
45 89
45 92
45 93
46 47
46 49
46 58
46 66
46 70
46 71
46 78
46 79
46 86
46 87
46 94
47 48
47 57
47 61
47 64
47 71
47 77
47 81
47 84
47 86
47 88
47 99
48 49
48 56
48 59
48 60
48 66
48 70
48 71
48 74
48 79
48 94
48 97
49 50
49 65
49 83
50 51
50 70
50 84
50 91
50 95
50 99
51 52
51 57
51 66
51 67
51 79
51 82
51 88
52 53
52 68
52 71
52 74
52 82
52 86
52 91
53 54
53 58
53 60
53 64
53 67
53 76
53 79
53 80
53 89
53 92
54 55
54 57
54 59
54 74
54 76
54 78
54 95
54 97
55 56
55 62
55 70
55 71
55 79
55 83
55 93
56 57
56 64
56 67
56 71
56 75
56 91
56 92
56 99
57 58
57 62
57 64
57 66
57 67
57 78
57 87
57 95
57 96
58 59
58 62
58 63
58 71
58 74
58 76
58 77
58 87
58 88
58 91
58 97
58 99
59 60
59 70
59 75
59 76
59 77
59 80
59 87
60 61
60 63
60 65
60 76
60 77
60 81
60 87
60 93
60 97
61 62
61 66
61 76
61 78
61 87
61 98
61 99
62 63
62 69
62 74
62 82
62 83
62 87
62 90
62 91
62 94
62 97
63 64
63 67
63 71
63 76
63 79
63 83
63 86
63 99
64 65
64 68
64 69
64 70
64 86
64 88
64 91
65 66
65 68
65 72
65 76
65 77
65 78
65 84
65 86
65 92
66 67
66 68
66 75
66 80
66 97
67 68
67 75
67 81
67 82
67 93
67 97
68 69
68 77
68 91
68 96
68 98
69 70
69 72
69 73
69 75
69 87
69 97
70 71
70 72
70 78
70 83
70 99
71 72
71 73
71 74
71 77
71 81
71 88
71 89
71 96
72 73
72 77
72 78
72 81
72 83
72 86
72 88
72 93
72 95
72 99
73 74
73 82
73 83
73 87
73 88
73 89
74 75
74 82
74 93
74 98
75 76
75 78
75 84
75 86
75 89
76 77
76 85
76 97
76 99
77 78
77 85
77 91
77 95
77 96
78 79
78 94
78 95
78 98
79 80
79 81
79 83
79 84
79 96
80 81
80 84
80 89
80 94
80 98
81 82
81 83
81 86
81 88
82 83
82 88
83 84
83 85
83 88
83 91
83 97
84 85
84 91
85 86
85 96
86 87
86 90
86 93
87 88
88 89
88 90
88 94
89 90
89 92
89 96
90 91
90 97
90 99
91 92
91 93
92 93
93 94
94 95
94 98
95 96
95 99
96 97
96 98
97 98
98 99
