0 96.55093899614651
1 56.70175468852272
2 57.937347938783525
3 80.43703392507776
4 30.83249877021651
5 35.23364288160294
6 99.88585934172316
7 38.31594002225741
8 75.18744313262317
9 30.590852526800315
10 62.46172817722897
11 28.424489853172545
12 68.64275843459603
13 75.62668098189073
14 45.9161599571157
15 69.12041677133116
16 40.448936097495064
17 86.94023467741384
18 32.102775611398116
19 46.66377003367595
20 112.91380491686391
21 85.76304592218487
22 66.05637713720111
23 91.35793942905676
24 35.98846097595704
25 38.21757333180221
26 63.66126637758406
27 82.40247057451774
28 38.7890229429518
29 29.55026335026275
30 61.50107530714388
31 66.42168011612756
32 27.085586783255593
33 40.945727325260165
34 45.39216246972184
35 67.6994355712761
36 77.76240934904584
37 54.65751387728076
38 42.637788554649816
39 114.34193464879995
40 81.35099554092542
41 73.44484642472452
42 39.700498551266456
43 103.90665920293652
44 61.960443474822554
45 103.6836356285823
46 91.77522967298032
47 84.47714581691628
48 60.27702841416063
49 118.02392911001314
50 23.65583892797815
51 32.729572933636256
52 99.77770431262503
53 83.0949138271176
54 82.32293030819964
55 69.22859822871699
56 68.89979433274075
57 110.51247904075449
58 90.84097562492158
59 63.006303128591036
60 42.63188346980492
61 65.32324392839078
62 70.43790212889805
63 42.41942013579181
64 35.83848214336341
65 45.02286405052284
66 43.05048374921851
67 47.346571191663585
68 27.603797180386405
69 24.41534907569432
70 100.15398530508467
71 28.978507162424457
72 20.977489401558984
73 46.83401764501049
74 25.35474771239002
75 27.770822277828227
76 105.7280501485686
77 30.623627218674965
78 88.00946154850574
79 37.570026449480814
80 73.05701555656142
81 51.28710696231947
82 83.04509908074354
83 94.49022265049487
84 90.69994179423449
85 54.32928258695942
86 78.1886151374177
87 112.80907962924985
88 84.43769463934935
89 51.58378407540459
90 43.9756714320024
91 26.968169106417204
92 87.76426097746128
93 54.68836082030937
94 84.19280651208355
95 88.70418239632949
96 115.3049606557737
97 103.37764086945985
98 54.817621182271594
99 111.40389018844546
0 1
0 2
0 6
0 9
0 13
0 15
0 23
0 30
0 31
0 35
0 37
0 58
0 60
0 67
0 70
0 75
0 78
0 86
0 91
0 93
0 96
0 98
1 2
1 3
1 4
1 15
1 16
1 18
1 31
1 32
1 34
1 43
1 51
1 58
1 60
1 61
1 68
1 69
1 70
1 72
1 84
1 88
1 97
2 3
2 12
2 13
2 14
2 15
2 22
2 29
2 31
2 40
2 44
2 53
2 57
2 58
2 61
2 63
2 64
2 80
2 81
2 82
2 86
2 88
2 89
2 93
2 96
3 4
3 22
3 24
3 30
3 32
3 37
3 51
3 53
3 54
3 56
3 61
3 63
3 75
3 78
3 89
3 91
3 92
3 93
3 96
3 98
4 5
4 16
4 17
4 18
4 19
4 20
4 29
4 33
4 34
4 55
4 66
4 68
4 73
4 81
4 84
4 86
4 90
4 93
4 94
5 6
5 7
5 9
5 15
5 16
5 24
5 55
5 58
5 63
5 73
5 74
5 77
5 83
5 84
5 94
5 96
5 97
5 99
6 7
6 10
6 15
6 21
6 23
6 26
6 54
6 73
6 79
6 90
6 91
6 94
6 95
7 8
7 12
7 16
7 24
7 33
7 35
7 37
7 38
7 44
7 46
7 63
7 66
7 76
7 80
7 87
7 91
7 97
8 9
8 18
8 20
8 23
8 30
8 34
8 35
8 37
8 40
8 48
8 59
8 62
8 66
8 73
8 75
8 80
8 81
8 85
8 87
8 88
8 92
8 97
9 10
9 11
9 16
9 22
9 24
9 29
9 30
9 36
9 38
9 45
9 46
9 47
9 57
9 62
9 63
9 71
9 75
9 76
9 79
9 82
9 84
10 11
10 12
10 17
10 26
10 27
10 34
10 39
10 47
10 54
10 55
10 60
10 62
10 64
10 73
10 80
10 83
10 86
10 95
10 97
10 98
11 12
11 26
11 41
11 49
11 54
11 58
11 71
11 73
11 78
11 87
11 88
11 91
11 94
12 13
12 14
12 19
12 22
12 23
12 28
12 33
12 35
12 36
12 37
12 45
12 47
12 60
12 64
12 71
12 76
12 82
12 89
12 91
12 94
12 96
13 14
13 15
13 21
13 23
13 26
13 44
13 47
13 49
13 60
13 71
13 76
13 78
14 15
14 18
14 30
14 31
14 32
14 49
14 52
14 53
14 56
14 58
14 59
14 61
14 66
14 76
14 80
14 95
14 96
15 16
15 23
15 25
15 26
15 29
15 32
15 35
15 38
15 45
15 57
15 65
15 77
15 78
15 82
15 86
15 94
15 95
15 97
16 17
16 29
16 30
16 32
16 41
16 45
16 49
16 53
16 61
16 63
16 74
16 78
16 79
16 84
16 88
16 94
17 18
17 20
17 23
17 34
17 37
17 38
17 40
17 41
17 42
17 44
17 54
17 55
17 57
17 58
17 66
17 68
17 69
17 71
17 74
17 79
17 82
17 93
17 96
17 98
17 99
18 19
18 23
18 24
18 25
18 27
18 32
18 34
18 47
18 53
18 56
18 76
18 81
18 90
18 91
18 95
18 98
18 99
19 20
19 23
19 31
19 42
19 48
19 54
19 55
19 59
19 60
19 66
19 87
19 89
20 21
20 28
20 36
20 43
20 46
20 47
20 50
20 60
20 75
20 77
20 78
20 82
20 83
20 85
20 90
21 22
21 27
21 28
21 33
21 46
21 57
21 58
21 61
21 62
21 63
21 69
21 70
22 23
22 38
22 47
22 48
22 56
22 66
22 68
22 79
22 80
22 93
22 96
22 99
23 24
23 36
23 39
23 45
23 50
23 51
23 53
23 55
23 57
23 59
23 63
23 76
23 77
23 84
23 87
23 92
23 99
24 25
24 29
24 30
24 35
24 40
24 42
24 46
24 53
24 54
24 56
24 61
24 64
24 66
24 70
24 74
24 89
24 98
25 26
25 34
25 42
25 44
25 45
25 48
25 58
25 66
25 86
25 90
26 27
26 29
26 30
26 35
26 38
26 39
26 44
26 45
26 49
26 63
26 64
26 65
26 72
26 79
26 81
26 86
26 91
26 95
26 96
27 28
27 30
27 42
27 45
27 50
27 56
27 67
27 68
27 74
27 76
27 81
27 82
27 83
27 87
28 29
28 32
28 35
28 37
28 57
28 78
28 80
28 95
28 96
29 30
29 36
29 37
29 52
29 62
29 68
29 70
29 72
29 78
29 79
29 81
29 90
30 31
30 33
30 50
30 61
30 63
30 64
30 70
30 72
30 73
30 76
30 78
30 80
30 82
30 95
31 32
31 34
31 38
31 39
31 40
31 42
31 47
31 54
31 78
31 81
31 83
31 85
31 86
31 96
32 33
32 37
32 38
32 57
32 65
32 76
32 77
32 83
32 86
32 92
33 34
33 41
33 49
33 88
33 93
33 99
34 35
34 42
34 47
34 57
34 77
34 84
34 86
34 93
34 94
34 95
34 98
35 36
35 37
35 41
35 50
35 51
35 53
35 55
35 61
35 63
35 64
35 65
35 82
35 89
35 90
35 93
35 94
36 37
36 38
36 44
36 57
36 64
36 66
36 74
36 81
36 87
36 96
36 98
37 38
37 48
37 51
37 54
37 55
37 56
37 60
37 74
37 75
37 85
37 86
37 88
38 39
38 41
38 48
38 60
38 66
38 67
38 69
38 71
38 80
38 89
38 95
38 98
39 40
39 43
39 50
39 52
39 57
39 61
39 64
39 71
39 72
39 75
39 77
39 81
39 82
39 93
39 94
39 96
39 98
40 41
40 47
40 51
40 52
40 65
40 66
40 68
40 75
40 88
41 42
41 55
41 69
41 70
41 71
41 73
41 75
41 77
41 80
41 81
41 82
41 88
42 43
42 46
42 49
42 51
42 52
42 65
42 77
42 79
42 80
42 81
42 88
42 94
43 44
43 52
43 57
43 74
43 81
43 89
44 45
44 50
44 55
44 58
44 63
44 80
44 84
44 98
45 46
45 51
45 60
45 73
45 75
45 76
45 79
45 90
45 92
46 47
46 48
46 66
46 69
46 87
46 92
46 94
47 48
47 49
47 51
47 57
47 63
47 69
47 72
47 75
47 78
47 88
47 98
47 99
48 49
48 56
48 57
48 58
48 75
48 76
48 79
48 89
48 99
49 50
49 62
49 64
49 67
49 72
49 88
49 89
49 94
49 95
49 96
49 99
50 51
50 53
50 57
50 59
50 62
50 65
50 68
50 69
50 70
50 72
50 74
50 78
50 85
50 86
50 92
51 52
51 53
51 55
51 56
51 58
51 62
51 64
51 66
51 69
51 72
51 82
51 84
51 85
51 91
51 93
51 94
51 95
51 96
51 97
52 53
52 54
52 58
52 66
52 75
52 77
52 81
52 84
52 93
52 95
53 54
53 59
53 74
53 78
53 81
53 92
53 95
54 55
54 62
54 69
54 71
54 73
54 85
54 99
55 56
55 63
55 68
55 81
55 82
55 90
55 97
56 57
56 66
56 79
56 82
56 84
56 95
57 58
57 61
57 68
57 71
57 75
57 85
57 94
57 96
58 59
58 75
58 88
58 90
58 97
59 60
59 62
59 75
59 82
59 85
59 88
60 61
60 62
60 70
60 86
60 88
60 98
61 62
61 63
61 67
61 69
61 72
61 80
62 63
62 70
62 73
62 93
62 95
62 98
63 64
63 79
63 93
64 65
64 66
64 70
64 71
64 74
64 75
64 80
64 86
64 87
64 89
64 90
64 95
65 66
65 69
65 70
65 72
65 76
65 82
66 67
66 71
66 76
66 77
66 82
66 93
67 68
67 70
67 74
67 75
67 77
67 79
67 81
67 97
67 98
67 99
68 69
68 70
68 75
68 77
68 78
68 84
68 89
68 93
68 94
68 95
69 70
69 72
69 84
69 87
69 93
69 97
69 98
70 71
70 73
70 74
70 81
70 84
70 85
70 90
70 92
70 99
71 72
71 76
71 83
71 86
71 94
71 96
71 99
72 73
72 74
72 85
72 86
72 88
73 74
73 84
73 89
73 90
73 92
74 75
74 76
74 78
74 82
74 92
74 94
75 76
75 78
75 94
76 77
76 80
76 81
76 85
76 87
76 98
77 78
77 90
77 91
77 94
77 96
77 98
78 79
78 84
78 85
78 89
78 92
78 97
79 80
79 83
80 81
80 82
80 86
80 98
81 82
81 89
81 90
81 99
82 83
82 84
82 85
82 92
82 94
83 84
83 97
84 85
84 87
84 95
84 99
85 86
85 88
85 93
85 95
85 99
86 87
86 95
87 88
87 89
87 90
87 98
88 89
88 90
88 92
89 90
89 96
89 98
90 91
90 97
90 99
91 92
91 95
91 98
92 93
92 94
92 98
93 94
93 98
93 99
94 95
94 96
94 97
94 99
95 96
95 98
95 99
96 97
96 99
97 98
97 99
98 99
