0 32.609678996287684
1 116.26690756791001
2 64.48410354437193
3 114.02805380031916
4 49.815866934367016
5 85.96992014458576
6 77.09233169488968
7 58.100109471147796
8 91.33952776602094
9 65.00698591179918
10 68.7191047259698
11 20.092527225386018
12 67.3739165284053
13 47.761634581433086
14 26.568916975622425
15 31.983985102566095
16 83.05552231210163
17 24.802029923958663
18 78.28772685465285
19 84.09458419179327
20 116.17205265157685
21 43.41110474555214
22 23.53871708473168
23 43.22101027874732
24 66.13822228486092
25 96.7918839131144
26 84.91864842755776
27 113.49869646863812
28 70.40936153888129
29 35.11507891266245
30 68.57434445253361
31 48.05067519220782
32 67.41308420160479
33 47.142516792658654
34 109.35141706086189
35 39.11171111593504
36 96.11434621428653
37 69.8512742068913
38 37.90506985936774
39 37.07022211794671
40 61.48940092355029
41 45.29990957158689
42 47.925441267566285
43 74.74940428627386
44 62.4693469184994
45 58.91948350427215
46 60.477605556977856
47 102.25286990529945
48 74.32407378503332
49 61.47854993025322
50 79.42899911942777
51 69.82903230325721
52 100.99258993975305
53 98.1626298985731
54 107.03473776546312
55 31.46236565357193
56 64.52588161277154
57 42.525175068493965
58 41.973871872072934
59 80.27855817777451
60 78.59357024985334
61 60.508348263451786
62 113.47737434278741
63 68.35452478244098
64 60.91585462108389
65 110.2983909751542
66 114.66123335659812
67 108.1531277875692
68 75.5173187481785
69 117.47178408605438
70 85.77569896611838
71 100.55632720332055
72 59.859366011844216
73 51.704765348142246
74 63.80444866522981
75 85.3494731360986
76 84.19322598826204
77 71.26017047960332
78 58.69498793622886
79 64.01325240936325
80 110.88557534210214
81 94.53206180212385
82 38.47435258464641
83 101.80881617108508
84 70.00402757889108
85 104.11984896317574
86 105.60177870905838
87 76.39543087605131
88 44.1098670355295
89 88.22021035780634
90 25.132685891452105
91 103.59894387323521
92 59.99058066604072
93 76.5663463252234
94 21.61597085258346
95 37.453278943827485
96 117.97487563231589
97 33.710640871731805
98 96.1192711392745
99 111.26603778128055
0 1
0 17
0 20
0 21
0 26
0 53
0 56
0 59
0 66
1 2
1 17
1 19
1 50
1 52
1 59
1 66
1 84
1 94
2 3
2 9
2 14
2 30
2 33
2 41
2 43
2 54
2 65
2 73
2 84
2 85
2 95
2 96
2 98
3 4
3 12
3 16
3 26
3 29
3 59
3 70
3 76
3 81
3 91
3 95
4 5
4 13
4 21
4 28
4 38
4 41
4 42
4 49
4 50
4 52
4 59
4 60
4 78
4 88
5 6
5 7
5 23
5 33
5 37
5 45
5 69
5 71
5 83
5 88
5 97
6 7
6 12
6 19
6 22
6 24
6 33
6 37
6 42
6 45
6 49
6 54
6 73
6 86
6 92
6 94
7 8
7 9
7 11
7 14
7 17
7 21
7 32
7 42
7 44
7 49
7 53
7 67
7 78
7 84
7 96
7 98
8 9
8 21
8 23
8 25
8 34
8 38
8 54
8 57
8 62
8 64
8 66
8 82
8 88
8 99
9 10
9 12
9 24
9 26
9 62
9 72
9 74
9 79
9 81
9 85
9 93
10 11
10 14
10 18
10 23
10 30
10 33
10 47
10 62
10 76
10 77
10 84
10 86
10 92
10 94
10 97
11 12
11 21
11 30
11 34
11 51
11 57
11 67
11 68
11 69
11 74
11 81
11 82
11 90
11 93
11 94
11 98
12 13
12 28
12 45
12 52
12 59
12 60
12 77
12 78
12 88
13 14
13 27
13 36
13 42
13 44
13 47
13 49
13 55
13 60
13 62
13 65
13 66
13 69
13 73
13 80
13 81
13 85
13 95
13 96
14 15
14 26
14 29
14 31
14 32
14 37
14 41
14 47
14 58
14 69
14 71
14 85
14 87
14 95
14 97
14 98
15 16
15 17
15 22
15 28
15 30
15 37
15 44
15 56
15 62
15 64
15 75
15 76
15 82
15 83
15 85
16 17
16 20
16 21
16 26
16 30
16 31
16 41
16 43
16 62
16 64
16 66
16 71
16 87
16 90
17 18
17 24
17 27
17 28
17 35
17 54
17 60
17 62
17 80
17 93
18 19
18 20
18 21
18 24
18 33
18 36
18 56
18 61
18 71
18 78
18 79
18 87
18 89
18 94
18 95
19 20
19 22
19 23
19 32
19 41
19 53
19 56
19 57
19 62
19 77
19 83
19 88
19 91
20 21
20 28
20 30
20 31
20 37
20 58
20 59
20 67
20 83
20 99
21 22
21 29
21 41
21 45
21 49
21 61
21 66
21 97
22 23
22 24
22 37
22 38
22 56
22 62
22 69
22 73
22 77
22 85
22 88
22 90
22 94
22 97
23 24
23 33
23 40
23 41
23 42
23 43
23 53
23 55
23 62
23 63
23 69
23 73
23 77
23 82
23 84
23 92
24 25
24 31
24 39
24 43
24 44
24 51
24 56
24 73
24 77
24 81
24 83
24 87
24 88
24 96
24 99
25 26
25 51
25 53
25 54
25 56
25 58
25 61
25 65
25 66
25 75
25 80
25 84
25 85
26 27
26 28
26 30
26 37
26 51
26 63
26 72
26 74
26 80
26 89
26 93
26 95
27 28
27 29
27 30
27 36
27 61
27 67
27 69
27 87
27 96
28 29
28 39
28 41
28 42
28 50
28 59
28 74
28 75
28 82
29 30
29 31
29 35
29 43
29 44
29 49
29 50
29 55
29 63
29 65
29 75
29 76
29 90
29 95
30 31
30 34
30 36
30 51
30 55
30 60
30 70
30 83
31 32
31 39
31 47
31 72
31 74
31 76
31 84
31 87
31 89
31 94
31 95
31 99
32 33
32 47
32 52
32 63
32 65
32 72
32 75
32 76
32 80
32 82
32 83
32 92
32 94
32 97
33 34
33 39
33 52
33 53
33 66
33 68
33 91
34 35
34 45
34 46
34 49
34 65
34 70
34 78
34 79
34 85
34 92
35 36
35 72
35 74
35 78
35 79
35 81
35 82
35 88
35 93
35 99
36 37
36 49
36 53
36 64
36 65
36 69
36 71
36 78
36 81
36 88
37 38
37 46
37 60
37 65
37 71
37 98
37 99
38 39
38 44
38 68
38 69
38 75
38 77
38 79
38 91
38 95
38 98
38 99
39 40
39 46
39 47
39 50
39 54
39 58
39 59
39 61
39 66
39 70
39 71
39 76
39 86
39 94
40 41
40 74
40 77
40 80
40 81
40 86
40 87
40 93
41 42
41 54
41 62
41 70
41 75
41 82
41 91
41 94
41 99
42 43
42 63
42 71
42 79
42 81
42 84
42 92
42 94
43 44
43 45
43 52
43 55
43 58
43 59
43 64
43 89
44 45
44 46
44 74
44 77
44 93
45 46
45 61
45 63
45 76
45 81
45 86
45 89
46 47
46 55
46 56
46 62
46 64
46 67
46 69
47 48
47 52
47 53
47 65
47 72
47 75
47 76
47 83
47 86
47 91
47 92
47 97
47 98
48 49
48 50
48 53
48 57
48 60
48 65
48 69
48 89
48 95
49 50
49 56
49 65
49 68
49 70
49 71
49 72
49 81
49 85
49 91
49 92
49 97
50 51
50 65
50 66
50 80
50 88
51 52
51 63
51 74
51 80
51 88
51 96
52 53
52 56
52 59
52 72
52 78
52 80
52 94
52 98
52 99
53 54
53 55
53 70
53 85
53 94
53 97
54 55
54 60
54 72
54 76
55 56
55 58
55 76
55 89
55 92
55 96
56 57
56 62
56 70
56 79
57 58
57 60
57 68
57 69
57 74
57 77
57 81
57 82
58 59
58 63
58 64
58 70
58 76
58 77
58 83
58 89
58 92
59 60
59 61
59 64
59 66
59 67
59 69
59 90
60 61
60 72
60 78
60 79
60 81
60 87
60 94
60 98
61 62
61 65
61 66
61 67
61 71
61 76
61 84
61 85
61 86
61 89
61 93
61 98
62 63
62 74
62 79
62 81
62 89
63 64
63 67
63 69
63 75
64 65
64 92
64 96
64 98
65 66
65 78
65 83
65 91
66 67
66 71
66 77
66 83
66 89
66 92
66 93
66 94
67 68
67 71
67 74
67 78
67 82
68 69
68 70
68 72
68 74
68 79
68 81
68 84
68 92
68 96
69 70
69 86
69 88
69 89
69 97
70 71
70 77
70 83
70 89
70 91
70 97
71 72
71 74
71 75
71 76
71 79
71 87
71 91
71 92
71 93
72 73
72 76
72 77
72 83
72 95
72 96
72 98
73 74
73 79
73 82
73 84
73 92
74 75
74 79
74 87
75 76
75 83
75 86
75 99
76 77
76 83
76 84
76 89
76 91
76 96
77 78
77 86
77 87
77 96
77 97
78 79
78 89
78 90
78 98
78 99
79 80
79 85
80 81
80 82
80 87
80 89
80 96
81 82
81 98
81 99
82 83
82 85
82 94
82 99
83 84
83 92
83 97
84 85
84 89
84 95
84 97
85 86
85 87
86 87
87 88
87 92
87 96
88 89
88 94
89 90
89 96
90 91
90 94
90 96
91 92
91 93
92 93
92 99
93 94
93 97
94 95
94 97
95 96
96 97
97 98
98 99
