0 74.67066720909338
1 91.85687743514617
2 105.85728649479451
3 112.44653269525612
4 116.12273975658496
5 67.42794700669964
6 64.70664912301942
7 45.68149935105373
8 53.64952851066246
9 88.19037770619386
10 44.590791919218525
11 99.08260829350637
12 41.042881237429235
13 109.87880930699491
14 98.27912335841683
15 43.72319437248234
16 73.02826801741452
17 23.78488224170046
18 21.32380497643738
19 23.53551473712995
20 81.1463580611076
21 49.92934991830185
22 74.52027464522924
23 81.38698120210572
24 45.64117929526183
25 87.73018150786496
26 33.14248454665857
27 39.71198836479029
28 98.04049290300462
29 61.47437577892911
30 88.07794172921604
31 94.14967014149984
32 84.52424053682421
33 65.96763767741301
34 20.96033889377516
35 110.766803554692
36 83.71202326767197
37 38.92746308180297
38 50.49522132579763
39 52.69898325391039
40 24.160773493256798
41 61.001593106430036
42 100.39676161291796
43 100.42212978198616
44 26.64887538785732
45 111.73521065862671
46 70.70141722724665
47 71.37022744378936
48 104.23322786426316
49 90.3766303662843
50 103.69683796625793
51 89.24419095919441
52 89.10083735325108
53 44.10268129882296
54 23.302107563240565
55 101.11057029655845
56 119.3966801332136
57 33.06134215452636
58 92.45803341138225
59 91.26779867740673
60 111.4948018534643
61 101.5706425747518
62 76.9338595039191
63 94.86151357941772
64 63.589686870766066
65 117.87920421606982
66 25.929395870605525
67 71.35943713677963
68 85.02014647426769
69 91.08524146896804
70 79.94931180198208
71 58.25021481084351
72 22.398119491871086
73 73.12721183371438
74 94.64887833013354
75 88.70946765879971
76 58.39991671619879
77 106.20074449157781
78 25.698177559770464
79 23.480270426045674
80 91.98760931368656
81 81.52286631379323
82 54.18444386482135
83 116.84414323482629
84 69.86343257368901
85 34.05593958549708
86 44.66982130769867
87 109.3125803986476
88 28.12020382225227
89 109.62016532048321
90 118.74453062017852
91 115.54799578797129
92 20.335923494115086
93 105.76486354516871
94 95.76304101107789
95 55.02693690312337
96 53.77089354283045
97 105.83520956159244
98 99.42355002323461
99 55.08726499614699
0 1
0 2
0 19
0 22
0 31
0 32
0 46
0 51
0 54
0 61
0 80
0 84
0 87
0 94
1 2
1 5
1 11
1 26
1 30
1 38
1 48
1 62
1 90
2 3
2 4
2 8
2 26
2 31
2 40
2 48
2 61
2 87
2 94
3 4
3 11
3 31
3 40
3 42
3 47
3 58
3 59
3 70
3 97
4 5
4 12
4 27
4 62
4 64
4 69
4 71
4 72
4 73
4 77
4 84
4 93
5 6
5 15
5 17
5 37
5 48
5 61
5 65
5 66
5 67
5 74
5 80
5 91
6 7
6 9
6 12
6 13
6 19
6 21
6 33
6 39
6 40
6 44
6 51
6 81
6 87
6 91
7 8
7 11
7 27
7 36
7 37
7 38
7 40
7 75
7 76
7 79
7 99
8 9
8 23
8 33
8 39
8 41
8 48
8 57
8 65
8 67
8 81
8 87
9 10
9 39
9 63
9 71
9 75
9 95
10 11
10 54
10 55
10 65
10 71
10 76
10 87
10 88
11 12
11 13
11 28
11 31
11 32
11 43
11 45
11 46
11 53
11 68
11 78
11 84
11 87
11 92
12 13
12 18
12 25
12 38
12 47
12 50
12 65
12 69
12 71
12 76
12 82
12 86
12 90
13 14
13 17
13 29
13 30
13 37
13 43
13 45
13 46
13 57
13 71
13 77
14 15
14 41
14 75
14 80
14 83
15 16
15 17
15 19
15 23
15 29
15 45
15 52
15 66
15 73
15 74
15 85
15 86
16 17
16 41
16 43
16 45
16 48
16 56
16 71
16 77
16 86
17 18
17 30
17 33
17 43
17 56
17 64
17 89
17 91
17 94
18 19
18 41
18 46
18 51
18 70
18 80
18 85
18 88
18 90
19 20
19 28
19 38
19 49
19 83
19 85
19 96
19 97
20 21
20 31
20 42
20 46
20 72
20 79
20 80
20 81
20 88
21 22
21 27
21 30
21 39
21 45
21 50
21 72
21 73
21 78
21 86
22 23
22 45
22 48
22 49
22 61
22 79
22 85
22 99
23 24
23 25
23 41
23 65
23 68
23 89
23 92
24 25
24 60
24 93
25 26
25 31
25 53
25 56
25 59
25 75
25 78
25 86
25 99
26 27
26 59
26 62
26 85
27 28
27 33
27 43
27 48
27 56
27 57
27 72
27 73
27 87
27 96
28 29
28 35
28 36
28 40
28 43
28 55
28 58
28 72
29 30
29 40
29 50
29 61
29 74
29 79
29 81
29 83
29 84
29 86
29 90
29 94
29 97
29 99
30 31
30 38
30 53
30 54
30 58
30 67
30 68
30 86
30 88
31 32
31 36
31 43
31 45
31 46
31 53
31 56
31 89
31 94
32 33
32 50
32 55
32 70
32 82
32 87
32 93
32 94
32 98
33 34
33 63
33 72
33 81
33 92
34 35
34 48
34 52
34 56
34 62
34 80
34 99
35 36
35 39
35 59
35 64
35 76
35 79
35 80
35 90
35 93
36 37
36 46
36 47
36 54
36 56
36 73
36 80
36 82
36 86
36 90
37 38
37 50
37 66
37 69
37 75
37 81
37 82
37 98
38 39
38 48
38 50
38 51
38 74
38 79
38 80
38 90
38 92
38 95
38 97
39 40
39 47
39 55
39 70
39 72
39 76
39 89
39 91
39 93
39 99
40 41
40 42
40 63
40 72
40 88
40 91
41 42
41 74
42 43
42 52
42 54
42 72
42 77
43 44
43 50
43 63
43 67
43 75
43 76
43 88
44 45
44 46
44 57
44 59
44 60
44 70
44 88
45 46
45 49
45 53
45 57
45 64
45 86
45 89
45 93
46 47
46 49
46 54
46 59
46 80
46 82
46 95
47 48
47 59
47 81
48 49
48 53
48 67
48 79
48 89
49 50
49 66
49 71
49 81
49 83
49 88
49 90
50 51
50 62
50 70
51 52
51 86
51 90
52 53
52 62
52 86
52 87
52 91
53 54
53 59
53 60
53 69
53 76
54 55
54 59
54 65
54 77
54 79
54 90
54 95
54 98
55 56
55 62
55 65
55 71
55 79
55 80
56 57
56 58
56 68
56 72
56 73
56 81
56 94
57 58
58 59
58 62
58 76
58 80
58 85
58 96
58 97
59 60
59 71
59 72
59 89
60 61
60 72
60 84
60 85
61 62
61 65
61 70
61 86
61 89
61 92
61 93
61 99
62 63
62 76
62 77
62 84
63 64
63 85
64 65
64 75
64 77
64 79
64 83
64 89
65 66
65 69
65 70
65 79
65 81
66 67
66 87
67 68
67 70
67 72
67 74
67 78
67 86
67 92
68 69
68 70
68 71
68 72
68 76
68 86
68 88
69 70
70 71
70 83
70 93
71 72
71 90
72 73
72 94
72 95
73 74
73 78
73 82
74 75
75 76
75 84
75 86
75 92
76 77
76 90
77 78
77 79
77 82
77 83
77 85
77 99
78 79
78 81
78 97
79 80
79 89
79 95
79 99
80 81
80 83
80 90
80 92
81 82
81 83
82 83
82 91
83 84
83 85
83 86
83 87
83 88
84 85
84 88
84 91
84 95
85 86
86 87
87 88
87 89
87 94
87 96
88 89
88 96
88 98
89 90
89 92
90 91
91 92
91 96
92 93
93 94
93 98
94 95
94 98
95 96
95 99
96 97
97 98
98 99
