0 38.233076478733466
1 63.86410796304057
2 116.92262252895313
3 34.99326613690379
4 30.86300140396287
5 58.90844545519777
6 49.78254977328791
7 116.52711165692678
8 20.053262558137334
9 25.005508760319817
10 52.21579133129296
11 76.83192329509782
12 25.443091149376656
13 29.771032995505422
14 94.48692555479909
15 73.02841662842391
16 57.747571240614036
17 96.06976817688016
18 84.51777871553735
19 116.26303519289965
20 39.65025143021452
21 49.54242010846765
22 45.91851216235823
23 93.31254979057226
24 100.78182569319226
25 105.57282998424566
26 104.28602503290935
27 20.562537337955614
28 49.15614503409601
29 114.98557778706018
30 90.04907201376605
31 95.01127510506377
32 115.28239558919967
33 91.76805144196771
34 36.549692494308765
35 50.01692157796317
36 37.14500204664671
37 53.239979508494834
38 50.585666312673304
39 119.69728429898673
40 104.34040609670187
41 113.3472847710376
42 59.29888923755134
43 65.2078831586754
44 107.88259779128607
45 83.13607312426096
46 92.07972684191176
47 118.56544794547631
48 48.53687943194905
49 48.96641803465002
50 39.067501879439234
51 55.2503252741774
52 41.013989771847164
53 118.65456059783841
54 38.862542050685775
55 115.51275818115563
56 113.95446604443029
57 48.48602061855574
58 87.22523597039563
59 56.12436453215859
60 46.355623932235275
61 89.92104379679114
62 25.82279801781528
63 29.257543339421037
64 99.94135879767194
65 23.817680761240737
66 65.49455354889298
67 53.241957287577485
68 103.94747456404191
69 82.12673200916234
70 22.041760111453673
71 61.138654360444605
72 23.893039016741874
73 92.26670044273745
74 94.2080394131241
75 87.38876568052704
76 99.13080209928943
77 117.76576417547409
78 93.30177690566448
79 80.23517568979975
80 65.3174663930472
81 110.26173433724774
82 41.82190244348094
83 108.18189450756748
84 87.41717598288707
85 32.579831820497674
86 94.48366907748083
87 62.44734339024704
88 116.44932957989101
89 60.362037393325004
90 99.20119500229684
91 44.1841214876258
92 48.91437740935423
93 20.600693674058316
94 107.86868558988935
95 65.17924478527037
96 111.67902236849766
97 79.43290253138832
98 67.1923934144816
99 83.81524981655397
0 1
0 2
0 29
0 39
0 69
0 98
1 2
1 13
1 15
1 32
1 34
1 57
1 59
1 66
1 69
1 72
1 74
1 80
1 82
1 85
1 89
1 98
2 3
2 13
2 16
2 34
2 47
2 76
2 91
3 4
3 7
3 21
3 44
3 46
3 54
3 75
3 77
3 92
4 5
4 12
4 17
4 26
4 40
4 56
4 61
4 63
4 89
4 93
5 6
5 13
5 14
5 22
5 27
5 39
5 46
5 54
5 78
5 87
5 97
6 7
6 8
6 14
6 15
6 20
6 37
6 44
6 97
7 8
7 31
7 35
7 53
7 55
7 71
7 95
8 9
8 16
8 18
8 22
8 24
8 36
8 43
8 47
8 61
8 73
8 77
8 79
9 10
9 16
9 58
9 69
9 79
10 11
10 13
10 20
10 22
10 29
10 33
10 38
10 47
10 48
10 55
10 68
10 78
10 84
10 85
10 86
10 90
10 96
11 12
11 20
11 29
11 34
11 39
11 46
11 49
11 61
11 80
11 81
11 95
12 13
12 19
12 25
12 26
12 29
12 33
12 54
12 61
12 80
12 81
12 99
13 14
13 22
13 27
13 42
13 43
13 44
13 53
13 55
13 65
13 80
13 84
14 15
14 16
14 24
14 28
14 36
14 37
14 44
14 52
14 67
14 68
14 85
14 87
15 16
15 41
15 49
15 50
15 66
15 69
15 81
15 83
15 94
16 17
16 21
16 29
16 30
16 33
16 43
16 50
16 61
16 82
17 18
17 20
17 24
17 39
17 46
17 57
17 69
17 83
17 92
17 98
17 99
18 19
18 34
18 53
18 57
18 64
18 68
19 20
19 34
19 40
19 41
19 46
19 52
19 60
19 62
19 73
19 82
19 83
20 21
20 28
20 31
20 32
20 43
20 50
20 53
20 54
20 61
20 70
20 83
20 87
21 22
21 55
21 62
21 65
21 87
21 95
22 23
22 24
22 58
22 68
22 75
22 82
22 88
22 89
22 90
22 92
22 98
23 24
23 35
23 50
23 66
23 72
23 74
23 82
23 84
23 94
23 99
24 25
24 27
24 36
24 39
24 45
24 47
24 51
24 52
24 63
24 65
24 66
24 68
24 79
24 80
24 97
25 26
25 31
25 49
25 64
25 67
25 68
25 77
25 81
25 88
25 98
26 27
26 47
26 59
26 75
26 77
26 78
27 28
27 30
27 37
27 42
27 48
27 55
27 69
27 72
27 74
27 84
28 29
28 35
28 49
28 77
28 81
29 30
29 64
29 65
29 84
29 86
29 89
30 31
30 35
30 46
30 51
30 64
30 65
30 74
30 80
30 95
30 98
31 32
31 35
31 37
31 70
31 75
31 83
31 88
31 91
31 96
32 33
32 34
32 35
32 53
32 64
32 69
32 79
32 80
32 86
32 95
32 96
33 34
33 52
33 61
33 80
33 82
33 85
33 90
34 35
34 42
34 85
34 88
35 36
35 57
35 62
35 67
35 68
35 71
35 89
35 94
36 37
36 46
36 63
36 71
36 72
36 92
36 97
37 38
37 41
37 48
37 61
37 76
37 79
38 39
38 43
38 48
38 50
38 66
38 76
38 80
38 87
39 40
39 62
39 64
39 87
39 88
39 92
40 41
40 50
40 85
40 88
41 42
41 58
41 60
41 65
41 67
41 73
41 80
41 81
41 83
41 89
41 92
41 96
42 43
42 56
42 61
42 68
42 82
43 44
43 90
44 45
44 58
44 59
44 62
44 63
44 64
44 87
45 46
45 58
45 59
45 62
45 64
45 65
45 79
45 86
45 88
46 47
46 49
46 68
46 75
46 80
47 48
47 64
47 66
47 84
47 96
47 99
48 49
48 63
48 64
48 86
48 93
48 94
48 99
49 50
49 81
49 82
49 98
50 51
50 60
50 62
50 79
50 80
50 88
50 92
51 52
51 61
51 91
52 53
52 67
52 87
52 88
52 99
53 54
53 56
53 57
53 58
53 60
53 67
53 90
54 55
54 64
54 90
55 56
55 57
55 66
55 74
55 83
55 95
56 57
56 62
56 73
56 89
56 92
57 58
57 59
57 66
57 85
57 92
58 59
58 67
58 74
58 83
58 86
58 89
58 93
59 60
59 63
59 88
59 90
60 61
60 68
60 70
60 76
60 81
60 88
60 95
61 62
61 88
61 89
61 91
61 98
62 63
62 80
62 97
63 64
63 65
63 74
63 83
63 89
63 92
63 93
64 65
64 67
64 68
64 92
64 93
64 98
64 99
65 66
65 67
65 72
65 74
65 91
66 67
66 69
66 99
67 68
67 72
67 80
67 84
67 89
68 69
68 71
68 81
68 82
68 90
69 70
69 75
69 78
70 71
70 79
70 87
70 92
70 93
71 72
71 76
72 73
72 74
72 78
72 98
73 74
73 78
73 82
73 84
73 93
74 75
74 76
74 80
75 76
75 79
75 80
76 77
76 80
76 90
76 92
77 78
77 88
77 89
77 99
78 79
78 94
78 99
79 80
79 92
79 96
80 81
80 88
80 95
80 98
80 99
81 82
81 84
81 88
82 83
82 86
83 84
84 85
85 86
85 87
85 96
86 87
86 89
87 88
87 94
88 89
88 99
89 90
90 91
91 92
91 99
92 93
92 98
93 94
94 95
94 99
95 96
95 97
96 97
97 98
98 99
