0 34.72199351378586
1 88.55938359386879
2 105.01231049160691
3 110.19605287861029
4 37.98396962986398
5 53.42903825984542
6 84.20469613765758
7 38.0728863231689
8 90.79654619184878
9 119.23448367616406
10 43.25912857115371
11 24.926061143549077
12 68.80493122975186
13 32.77376740611672
14 113.73230592251412
15 116.49867790514986
16 98.68289907282482
17 63.79776510407032
18 39.24271758103646
19 94.41042315343164
20 95.34742017446443
21 50.77519978242462
22 58.00278635182532
23 93.0781834908151
24 74.15357052424812
25 69.04774569391319
26 54.91288040883673
27 99.00141089169331
28 65.14792627305764
29 84.90365294295776
30 86.51613483495984
31 24.1145146097479
32 115.9313863980977
33 53.727240622017575
34 68.14818963559861
35 28.599944478664668
36 107.27994869622002
37 118.13551110588288
38 26.776126636227996
39 105.37205547733522
40 21.394685669196395
41 62.89205550016105
42 65.30598072979714
43 28.383238558602955
44 96.49975575231349
45 87.39232181758257
46 54.54844845509864
47 109.97022604109037
48 73.48002794018237
49 63.643188346055595
50 67.5675044478175
51 108.64985385059367
52 90.3474529443756
53 57.9137679267681
54 97.79679189968209
55 78.09000529012238
56 108.54805112522133
57 107.61319178782473
58 57.093884238542664
59 50.42283323509788
60 61.46901898238728
61 61.45508518236892
62 32.81255805274771
63 102.63381168434786
64 99.97807435297646
65 110.59732188199736
66 94.00847862857582
67 63.45149930243892
68 72.42489827206437
69 61.19957660790152
70 76.0537919195182
71 79.9793915767508
72 117.25709067571398
73 24.720069004630457
74 40.221281719707875
75 78.25256814808756
76 65.2507968884901
77 31.27683196418121
78 100.20895995854825
79 119.96830577976363
80 45.328769211977196
81 103.52771880176594
82 31.110998283001347
83 78.83118837853601
84 63.036296632879306
85 63.77728631674317
86 28.001224502658488
87 34.26968228541003
88 73.96809864371973
89 85.3975751666787
90 61.080404974417675
91 107.7225429762847
92 105.78692598515211
93 41.15374911663662
94 82.2488066645486
95 47.25982156499306
96 91.94727902934427
97 45.65443735076656
98 74.0006349014168
99 99.99463416360275
0 1
0 2
0 11
0 29
0 41
0 42
0 50
0 51
0 66
0 71
0 72
0 73
0 76
0 77
0 79
0 81
0 82
0 83
0 84
0 85
0 91
0 96
0 97
0 99
1 2
1 3
1 11
1 12
1 20
1 23
1 27
1 32
1 33
1 41
1 42
1 55
1 59
1 64
1 67
1 70
1 79
2 3
2 9
2 10
2 12
2 15
2 16
2 19
2 33
2 34
2 41
2 46
2 48
2 49
2 54
2 65
2 68
2 70
2 82
3 4
3 8
3 13
3 14
3 26
3 27
3 28
3 30
3 34
3 37
3 51
3 66
3 68
3 73
3 76
3 79
3 98
4 5
4 9
4 23
4 24
4 30
4 40
4 41
4 43
4 55
4 60
4 63
4 77
4 79
4 81
4 83
4 86
4 87
4 93
4 96
4 97
4 99
5 6
5 11
5 20
5 22
5 23
5 26
5 30
5 39
5 43
5 44
5 45
5 48
5 51
5 63
5 66
5 69
5 77
5 80
5 81
5 84
5 87
5 90
6 7
6 13
6 18
6 20
6 26
6 31
6 33
6 34
6 35
6 41
6 42
6 44
6 55
6 58
6 60
6 61
6 70
6 78
6 80
6 83
6 84
6 86
6 95
6 96
7 8
7 12
7 15
7 22
7 23
7 32
7 37
7 39
7 62
7 74
7 75
7 77
7 78
7 79
7 84
7 85
7 94
7 95
7 98
8 9
8 16
8 17
8 25
8 36
8 38
8 44
8 47
8 57
8 59
8 60
8 61
8 68
8 72
8 73
8 81
8 83
8 86
8 87
8 88
8 91
9 10
9 13
9 20
9 25
9 30
9 32
9 37
9 45
9 51
9 59
9 62
9 63
9 66
9 69
9 80
9 85
10 11
10 14
10 16
10 21
10 36
10 37
10 38
10 50
10 54
10 55
10 59
10 60
10 75
10 80
10 82
10 85
10 87
10 93
10 95
11 12
11 22
11 24
11 45
11 47
11 51
11 70
11 74
11 84
11 88
12 13
12 16
12 20
12 23
12 30
12 31
12 34
12 37
12 44
12 45
12 52
12 62
12 82
12 84
12 92
12 96
13 14
13 28
13 30
13 37
13 40
13 46
13 48
13 52
13 58
13 61
13 70
13 72
13 74
13 96
13 98
13 99
14 15
14 16
14 37
14 40
14 55
14 71
14 72
14 74
14 78
15 16
15 20
15 21
15 22
15 24
15 26
15 27
15 32
15 33
15 40
15 49
15 53
15 55
15 58
15 63
15 66
15 76
15 78
15 80
15 81
15 84
15 96
15 98
16 17
16 21
16 25
16 29
16 30
16 33
16 51
16 53
16 65
16 66
16 72
16 81
16 85
16 88
16 91
16 96
16 97
16 99
17 18
17 26
17 35
17 47
17 48
17 50
17 58
17 59
17 65
17 66
17 74
17 76
17 84
17 92
17 93
18 19
18 20
18 25
18 27
18 28
18 37
18 40
18 46
18 66
18 67
18 74
18 78
18 92
18 93
19 20
19 22
19 31
19 32
19 37
19 62
19 83
19 86
19 88
19 92
19 93
20 21
20 22
20 26
20 28
20 33
20 39
20 41
20 45
20 47
20 49
20 72
20 74
20 90
20 93
20 95
20 96
21 22
21 29
21 30
21 33
21 42
21 43
21 78
21 80
21 93
22 23
22 26
22 28
22 34
22 37
22 44
22 46
22 48
22 68
22 78
22 81
22 86
22 87
22 95
22 99
23 24
23 28
23 29
23 35
23 37
23 43
23 48
23 56
23 58
23 66
23 81
23 82
23 88
23 90
24 25
24 26
24 27
24 28
24 30
24 33
24 34
24 40
24 41
24 45
24 49
24 53
24 55
24 57
24 62
24 79
24 83
24 85
24 90
24 95
24 98
25 26
25 29
25 37
25 52
25 54
25 69
25 74
25 77
25 89
25 91
25 92
26 27
26 30
26 31
26 33
26 44
26 51
26 53
26 54
26 58
26 62
26 64
26 71
26 76
26 82
26 94
26 95
27 28
27 38
27 43
27 44
27 47
27 57
27 61
27 64
27 74
27 79
27 94
28 29
28 30
28 37
28 38
28 39
28 44
28 48
28 51
28 54
28 85
28 88
28 92
28 95
28 99
29 30
29 44
29 46
29 49
29 62
29 76
29 80
29 82
29 92
29 94
29 95
30 31
30 32
30 38
30 40
30 42
30 45
30 46
30 52
30 53
30 56
30 57
30 60
30 70
30 81
30 83
30 85
30 86
31 32
31 37
31 46
31 57
31 77
31 80
31 99
32 33
32 41
32 44
32 45
32 52
32 54
32 85
32 88
32 93
32 94
33 34
33 35
33 42
33 48
33 56
33 58
33 78
33 79
33 82
33 87
33 91
33 94
34 35
34 38
34 46
34 50
34 53
34 65
34 66
34 72
34 74
34 75
34 78
34 92
35 36
35 40
35 44
35 71
35 73
35 84
35 87
35 88
35 90
36 37
36 38
36 43
36 44
36 57
36 58
36 64
36 66
36 67
36 80
36 81
36 82
36 86
36 87
36 98
37 38
37 40
37 42
37 57
37 71
37 72
37 81
37 88
37 97
38 39
38 43
38 47
38 55
38 60
38 63
38 67
38 79
38 80
38 84
38 86
38 91
39 40
39 44
39 50
39 53
39 60
39 62
39 68
39 75
39 77
39 78
39 79
39 81
39 83
39 86
39 98
40 41
40 43
40 46
40 48
40 49
40 51
40 66
40 67
40 73
40 76
40 79
40 84
40 87
40 90
40 95
41 42
41 43
41 45
41 46
41 48
41 57
41 63
41 67
41 68
41 71
41 76
41 78
41 80
41 90
42 43
42 44
42 48
42 68
42 70
42 71
42 72
42 74
42 78
42 82
42 85
42 88
42 90
42 91
42 95
43 44
43 47
43 54
43 73
43 88
43 94
43 96
44 45
44 47
44 55
44 58
44 63
44 82
44 85
44 88
44 89
44 96
44 99
45 46
45 47
45 56
45 58
45 59
45 61
45 67
45 71
45 75
45 82
45 87
45 92
45 95
45 97
45 99
46 47
46 48
46 49
46 50
46 54
46 57
46 66
46 75
46 82
46 83
46 88
46 91
47 48
47 50
47 54
47 68
47 72
47 73
47 76
47 87
47 90
48 49
48 55
48 57
48 63
48 65
48 66
48 85
48 92
48 93
48 96
49 50
49 51
49 53
49 57
49 58
49 59
49 63
49 69
49 82
49 87
49 90
49 93
50 51
50 53
50 70
50 74
50 87
50 88
50 89
50 97
51 52
51 57
51 58
51 60
51 73
51 79
51 82
51 89
51 90
51 97
51 98
52 53
52 61
52 65
52 80
52 85
52 88
52 90
52 94
53 54
53 56
53 67
53 71
53 82
53 90
53 91
53 99
54 55
54 57
54 62
54 63
54 66
54 69
54 73
54 74
54 78
54 80
54 84
54 87
54 88
54 93
54 95
55 56
55 60
55 73
55 76
55 77
55 83
55 92
55 98
56 57
56 61
56 63
56 65
56 73
56 76
56 80
56 82
56 94
56 95
56 98
57 58
57 60
57 62
57 75
57 81
57 90
58 59
58 64
58 66
58 68
58 71
58 74
58 79
58 83
58 84
58 85
58 89
58 90
58 97
59 60
59 69
59 79
59 80
59 87
59 90
59 97
60 61
60 75
60 79
60 80
60 82
60 85
60 90
60 91
60 92
60 94
60 99
61 62
61 76
61 81
61 82
61 87
61 88
61 89
61 94
62 63
62 68
62 83
62 87
62 93
62 96
63 64
63 65
63 74
63 88
63 89
63 91
63 96
64 65
64 68
64 79
64 82
64 85
64 86
64 89
64 90
64 91
64 93
64 98
65 66
65 69
65 81
65 82
65 88
65 97
66 67
66 77
66 90
66 97
67 68
67 71
67 79
67 81
67 83
67 88
67 90
67 92
67 95
67 98
68 69
68 70
68 74
68 77
68 83
68 85
68 92
68 94
69 70
69 72
69 85
69 87
69 88
69 92
70 71
70 76
70 97
71 72
71 73
71 89
71 93
71 96
72 73
72 85
72 92
72 94
73 74
73 75
73 77
73 89
74 75
74 81
74 91
74 99
75 76
75 77
75 88
75 97
76 77
76 81
76 86
76 87
77 78
77 82
77 83
77 97
77 98
78 79
78 88
78 94
78 98
78 99
79 80
79 85
79 89
79 90
79 96
80 81
80 88
80 92
80 95
80 97
81 82
81 83
81 98
82 83
82 84
82 85
82 89
82 96
82 99
83 84
83 98
84 85
84 86
84 87
84 89
84 90
84 91
85 86
85 87
86 87
86 89
86 92
86 94
87 88
87 91
87 94
87 95
87 96
87 98
87 99
88 89
89 90
89 92
89 93
89 97
89 98
90 91
90 93
90 98
90 99
91 92
91 93
91 97
92 93
93 94
94 95
94 97
94 99
95 96
95 98
95 99
96 97
97 98
98 99
