0 77.92030870217727
1 115.66213224651166
2 29.12740208363715
3 89.24860568671461
4 99.14225388735619
5 83.7680052489354
6 109.84623052055119
7 103.68396769049316
8 78.56263884852311
9 111.94820621592527
10 85.64161138359184
11 75.52121678286207
12 29.954262083645904
13 48.53828874062033
14 43.43799730617597
15 36.12180407108745
16 112.37934481594122
17 73.12232195499553
18 118.34331768427376
19 70.1652654145426
20 32.84389971586235
21 39.22835617091603
22 95.84680718336814
23 41.5814274414449
24 74.41305048446699
25 70.35119111992131
26 31.20288233666317
27 20.3578154078
28 56.69945991747286
29 30.399194596006822
30 108.97779210559847
31 43.086634390594895
32 112.29730408771432
33 88.97841459738471
34 43.95834072361479
35 103.4945890149861
36 67.51932352537523
37 54.368592085002625
38 80.96972966053184
39 35.70275338235692
40 48.704634609452604
41 52.61208857106554
42 85.62211312847477
43 22.59259480430921
44 96.40018537959018
45 89.82816460773515
46 30.603246295150687
47 34.40812513946483
48 58.87884360332998
49 46.681431200624445
50 72.85711467649281
51 78.6031435364095
52 53.74231235563907
53 118.87471625912227
54 85.83623329237867
55 20.946319361906333
56 31.76715755797916
57 35.60300516306702
58 57.98786013460459
59 20.02590895486394
60 50.68748004479151
61 59.09649410017422
62 93.73205880505724
63 102.54968007259284
64 68.26783649994809
65 92.69720555624562
66 56.4122193323329
67 95.21461479412912
68 93.80519513676077
69 102.35504827985632
70 74.04625350297198
71 20.424823548442877
72 95.10891834593048
73 86.99559511993375
74 88.17941377397679
75 57.76500865711466
76 44.04282881334778
77 116.90322668038488
78 63.73724494314278
79 70.89074744016142
80 97.87366265924184
81 96.0797540390553
82 93.49991840047527
83 100.37574504408947
84 55.95530024510835
85 94.48000208418436
86 24.666813003668167
87 27.060134060604852
88 101.68836512637726
89 39.09223448014258
90 106.95285832605677
91 117.57277932552604
92 38.229916873092556
93 49.022736355946336
94 111.75584819686048
95 73.95449079879495
96 53.08813844609316
97 49.060264028805236
98 100.15654141126161
99 22.687910586804797
0 1
0 16
0 26
0 63
0 66
0 78
1 2
1 13
1 16
1 42
1 72
1 77
1 80
1 92
1 97
2 3
2 16
2 29
2 67
2 92
3 4
3 27
3 41
3 42
3 76
3 79
4 5
4 28
4 52
4 55
4 60
4 67
4 70
4 77
4 88
5 6
5 20
5 26
5 71
5 72
5 85
6 7
6 13
6 26
6 27
6 28
6 37
6 75
6 76
6 90
7 8
7 10
7 11
7 86
7 88
7 96
8 9
8 23
8 84
8 89
9 10
9 21
9 53
9 76
9 87
9 98
10 11
10 22
10 45
10 63
10 67
10 81
11 12
11 13
11 35
11 37
11 48
11 51
11 62
11 90
12 13
12 15
12 52
12 53
12 62
13 14
13 48
13 50
13 62
13 77
13 84
13 85
13 86
13 87
14 15
14 16
14 40
14 84
14 97
15 16
15 41
15 73
16 17
16 19
16 29
16 36
16 37
16 50
16 51
16 54
16 56
16 81
17 18
17 21
17 22
17 37
17 51
17 82
17 88
17 99
18 19
18 55
18 60
18 63
18 81
18 89
19 20
19 42
19 46
19 50
19 60
19 66
19 77
19 84
19 86
19 93
20 21
20 28
20 31
20 44
20 49
20 67
20 78
20 93
21 22
21 33
21 58
21 76
21 82
21 89
21 96
22 23
22 41
22 44
22 71
22 73
22 87
23 24
23 43
23 72
23 76
23 99
24 25
24 47
24 49
24 66
24 74
24 76
24 93
25 26
25 43
25 59
25 80
25 86
26 27
26 39
26 43
26 44
26 49
26 63
26 77
26 84
27 28
27 41
27 77
28 29
28 66
28 71
28 72
28 80
29 30
29 37
29 38
29 74
29 94
30 31
30 79
30 94
31 32
31 56
31 60
31 62
31 84
31 93
32 33
32 40
32 56
32 58
32 68
32 70
33 34
33 44
33 47
33 50
33 52
33 96
34 35
34 77
35 36
35 48
35 81
35 83
36 37
36 76
36 90
37 38
37 60
37 69
37 81
38 39
38 51
38 58
38 89
39 40
39 41
39 69
39 82
40 41
40 57
40 72
40 77
40 87
40 93
41 42
41 48
41 49
41 56
41 78
41 89
41 92
41 98
42 43
42 66
42 86
42 92
42 93
42 97
43 44
43 65
44 45
44 71
44 84
44 85
44 89
44 94
45 46
45 64
45 77
46 47
46 52
46 56
46 75
46 91
46 97
46 98
47 48
47 55
47 91
48 49
48 65
48 75
48 87
49 50
49 51
49 99
50 51
50 82
51 52
51 95
52 53
52 68
53 54
53 78
54 55
54 58
55 56
55 67
55 74
55 82
56 57
56 81
57 58
57 67
58 59
58 81
58 89
58 98
59 60
59 73
59 99
60 61
60 62
60 76
60 91
61 62
61 66
62 63
63 64
64 65
64 85
64 87
64 88
64 90
64 94
65 66
66 67
66 69
66 80
67 68
67 72
67 89
67 94
67 98
67 99
68 69
68 88
68 89
69 70
69 93
70 71
70 78
71 72
71 86
72 73
72 74
72 80
72 82
73 74
73 79
73 94
73 97
74 75
74 83
74 92
75 76
76 77
76 86
77 78
78 79
78 89
78 95
78 97
79 80
79 82
79 99
80 81
80 87
81 82
81 85
81 86
81 96
82 83
82 97
83 84
83 90
84 85
84 88
84 92
85 86
86 87
86 89
86 90
87 88
87 92
88 89
88 90
89 90
90 91
90 95
91 92
91 96
92 93
92 95
92 97
93 94
94 95
95 96
96 97
97 98
98 99
