0 76.63286475683765
1 83.78453811714766
2 104.93219021019432
3 100.7143336249452
4 113.22172550009896
5 64.92154039601877
6 56.336793912503964
7 43.91277745727872
8 119.55263841532187
9 56.902010428491174
10 61.993265063111444
11 119.36052236829185
12 38.195104881018565
13 79.49403896276426
14 89.9279249967659
15 49.692509899773036
16 74.49693601276431
17 69.72947583936295
18 90.09244073475526
19 61.04390889057771
20 70.28941472558074
21 74.94668132353603
22 72.06417178444579
23 23.247902342571184
24 49.786486100917266
25 42.85409775674644
26 43.223316840720386
27 60.6520455040386
28 63.87727624181965
29 29.857935411735298
30 20.76436779936221
31 31.407734115528655
32 115.35896298431925
33 115.40114137719482
34 63.809591921270325
35 78.65387488994352
36 82.12962902129392
37 79.68976588045794
38 32.92739990708516
39 115.70713506493301
40 67.95844121434544
41 74.93672852981447
42 73.51859852061365
43 119.18761130613397
44 101.17307772079359
45 96.13189649825193
46 36.81871593986018
47 68.95019024814052
48 70.45206059958437
49 36.35128638515412
50 97.67470402696893
51 91.75820201072474
52 33.882258189333356
53 93.7471152236298
54 101.78951320457656
55 36.827454891073856
56 62.53948801862511
57 82.61434490799206
58 76.78818041644192
59 35.685072674393886
60 83.07282664911642
61 89.30822263335462
62 71.2442030074285
63 76.22904556931188
64 65.12085061072054
65 105.29129807140775
66 43.71518217905402
67 51.440713404722956
68 58.86073104597929
69 64.217248593905
70 109.87180332586023
71 26.893902420457675
72 25.588733335933384
73 107.71274869240115
74 69.96445419639691
75 108.02077115705332
76 119.95333912073774
77 105.39758627991148
78 81.15686742743122
79 78.03586376160015
80 76.30986407122384
81 58.6870586119686
82 109.66638724256902
83 20.486265505022597
84 23.638093492814665
85 25.049634901357017
86 96.18557597927632
87 36.58716654600657
88 103.56213511344069
89 109.64676058774374
90 94.72005703397132
91 116.81853468566085
92 94.23430183518317
93 84.66060247850817
94 99.7626309951771
95 28.70000881745494
96 49.192562648990645
97 113.1194051933381
98 59.63386822490889
99 38.227557949474274
0 1
0 4
0 5
0 10
0 12
0 15
0 18
0 19
0 24
0 26
0 32
0 35
0 53
0 64
0 66
0 67
0 72
0 76
0 82
0 85
0 91
1 2
1 4
1 8
1 9
1 15
1 19
1 22
1 24
1 29
1 36
1 37
1 40
1 51
1 59
1 65
1 74
1 75
1 80
1 84
1 91
1 95
1 96
2 3
2 8
2 20
2 24
2 31
2 32
2 35
2 36
2 47
2 49
2 52
2 55
2 63
2 64
2 70
2 71
2 75
2 77
2 79
2 82
2 89
2 98
2 99
3 4
3 5
3 12
3 14
3 17
3 19
3 23
3 26
3 49
3 51
3 52
3 62
3 64
3 68
3 69
3 74
3 76
3 87
3 97
4 5
4 9
4 13
4 15
4 26
4 30
4 38
4 39
4 43
4 45
4 50
4 53
4 54
4 56
4 66
4 67
4 78
4 80
4 82
4 85
4 91
4 94
4 95
4 99
5 6
5 11
5 15
5 17
5 22
5 42
5 45
5 47
5 54
5 55
5 62
5 75
5 76
5 78
5 79
5 84
5 86
5 88
5 95
6 7
6 20
6 22
6 24
6 36
6 40
6 42
6 44
6 45
6 54
6 56
6 60
6 81
6 82
6 91
7 8
7 9
7 11
7 13
7 14
7 15
7 21
7 23
7 30
7 32
7 39
7 40
7 45
7 47
7 49
7 58
7 61
7 63
7 73
7 78
7 83
7 84
7 86
7 91
7 92
8 9
8 12
8 19
8 26
8 33
8 38
8 57
8 60
8 61
8 62
8 83
8 84
8 87
8 91
9 10
9 12
9 19
9 29
9 30
9 31
9 45
9 53
9 55
9 60
9 65
9 74
9 75
9 82
9 83
9 84
9 89
9 95
9 98
10 11
10 12
10 15
10 27
10 30
10 37
10 38
10 55
10 56
10 62
10 63
10 66
10 71
10 74
10 86
10 89
10 90
10 95
11 12
11 15
11 32
11 33
11 38
11 39
11 41
11 46
11 47
11 48
11 60
11 66
11 69
11 73
11 74
11 83
11 87
11 88
11 89
11 91
11 96
11 97
12 13
12 22
12 27
12 39
12 51
12 57
12 60
12 63
12 64
12 65
12 67
12 70
12 85
12 88
12 96
12 99
13 14
13 20
13 30
13 43
13 51
13 64
13 74
13 75
13 76
13 83
13 86
13 92
13 99
14 15
14 21
14 22
14 24
14 37
14 38
14 46
14 47
14 55
14 62
14 65
14 72
14 74
14 81
14 82
14 83
14 90
15 16
15 19
15 30
15 44
15 45
15 57
15 59
15 62
15 65
15 67
15 72
15 73
15 82
15 98
16 17
16 18
16 19
16 21
16 32
16 36
16 37
16 39
16 41
16 45
16 54
16 59
16 65
16 69
16 71
16 77
16 90
16 92
16 98
17 18
17 23
17 29
17 30
17 31
17 40
17 51
17 58
17 62
17 64
17 66
17 71
17 79
17 85
17 90
17 94
17 95
18 19
18 20
18 33
18 34
18 35
18 43
18 47
18 80
18 81
18 88
18 90
19 20
19 25
19 26
19 35
19 38
19 54
19 66
19 76
19 88
19 96
20 21
20 26
20 33
20 47
20 48
20 50
20 56
20 67
20 75
20 78
20 85
20 94
20 98
21 22
21 27
21 37
21 41
21 44
21 45
21 46
21 50
21 51
21 56
21 62
21 63
21 79
21 81
21 84
21 86
21 91
21 97
22 23
22 26
22 34
22 47
22 49
22 52
22 55
22 65
22 68
22 69
22 72
22 74
22 76
22 85
22 93
22 96
23 24
23 26
23 29
23 33
23 38
23 43
23 52
23 63
23 73
23 87
23 93
23 98
24 25
24 26
24 30
24 57
24 65
24 66
24 76
24 88
25 26
25 42
25 43
25 44
25 46
25 49
25 51
25 54
25 62
25 72
25 76
25 81
25 85
25 87
25 93
25 98
26 27
26 36
26 37
26 53
26 61
26 62
26 75
26 80
26 91
26 97
26 99
27 28
27 33
27 40
27 41
27 53
27 56
27 58
27 59
27 62
27 69
27 77
27 81
27 89
27 90
27 91
27 93
27 96
28 29
28 31
28 36
28 43
28 49
28 52
28 56
28 63
28 71
28 72
28 74
28 86
28 92
28 93
28 98
29 30
29 51
29 61
29 66
29 68
29 75
29 77
29 86
29 93
30 31
30 33
30 37
30 57
30 58
30 72
30 76
30 79
30 86
30 87
30 93
30 96
30 98
30 99
31 32
31 40
31 46
31 47
31 49
31 51
31 54
31 60
31 63
31 68
31 71
31 84
31 86
31 93
31 95
31 99
32 33
32 35
32 48
32 49
32 50
32 51
32 53
32 55
32 56
32 69
32 71
32 72
32 80
32 85
32 93
33 34
33 53
33 66
33 67
33 88
33 97
33 98
34 35
34 41
34 44
34 54
34 62
34 71
34 73
34 74
34 78
34 82
34 83
34 86
34 92
35 36
35 37
35 40
35 45
35 46
35 47
35 50
35 63
35 74
35 75
35 98
36 37
36 38
36 40
36 41
36 45
36 47
36 48
36 49
36 54
36 55
36 60
36 69
36 75
36 87
36 88
36 89
37 38
37 60
37 62
37 63
37 65
37 66
37 78
37 79
37 82
37 85
37 87
37 89
37 94
37 99
38 39
38 57
38 66
38 69
38 77
38 82
38 85
38 98
39 40
39 48
39 53
39 71
39 79
39 82
39 88
39 90
39 91
39 92
40 41
40 43
40 45
40 57
40 62
40 64
40 66
40 82
40 83
40 90
40 93
40 98
41 42
41 48
41 51
41 52
41 62
41 74
41 76
41 77
41 78
41 92
41 94
41 96
42 43
42 47
42 48
42 54
42 63
42 65
42 68
42 69
42 76
42 79
42 86
43 44
43 53
43 56
43 58
43 68
43 71
43 72
43 74
43 82
43 83
43 99
44 45
44 48
44 50
44 55
44 57
44 63
44 64
44 65
44 71
44 76
44 80
44 84
44 97
44 98
45 46
45 47
45 50
45 54
45 55
45 56
45 70
45 75
45 78
45 79
45 87
46 47
46 56
46 65
46 66
46 67
46 70
46 71
46 74
46 81
46 87
46 90
46 95
47 48
47 50
47 56
47 62
47 63
47 65
47 67
47 75
47 84
47 86
47 90
47 92
48 49
48 69
48 74
48 75
48 81
48 84
48 91
49 50
49 54
49 55
49 64
49 74
49 75
49 76
49 82
49 87
49 90
50 51
50 61
50 64
50 65
50 68
50 74
50 77
50 82
50 83
50 84
50 85
50 91
50 94
50 99
51 52
51 56
51 58
51 62
51 66
51 70
51 76
51 77
51 84
51 87
51 96
51 97
52 53
52 58
52 63
52 65
52 69
52 70
52 77
52 79
52 81
52 89
52 92
53 54
53 55
53 69
53 75
53 80
53 88
53 92
54 55
54 57
54 73
54 79
54 83
54 85
54 94
54 96
55 56
55 58
55 60
55 61
55 63
55 65
55 75
55 96
55 98
56 57
56 64
56 65
56 71
56 73
56 74
56 81
56 84
56 93
56 94
56 95
57 58
57 64
57 74
57 83
57 84
57 91
57 96
57 97
58 59
58 63
58 67
58 70
58 75
58 81
58 94
59 60
59 62
59 63
59 67
59 68
59 69
59 71
59 76
59 82
59 85
59 87
59 90
59 92
59 93
59 98
60 61
60 65
60 66
60 78
60 86
60 92
60 98
61 62
61 63
61 66
61 75
61 77
61 84
61 85
61 87
61 99
62 63
62 68
62 69
62 71
62 72
62 78
62 82
63 64
63 70
63 84
63 85
63 90
63 93
64 65
65 66
65 67
65 70
65 80
65 90
66 67
66 72
66 74
66 76
66 81
66 83
66 84
66 86
66 98
67 68
67 70
67 78
67 79
67 84
67 85
67 97
68 69
68 82
68 83
68 84
68 86
68 87
68 88
68 90
69 70
69 71
69 76
69 84
69 97
69 98
70 71
70 72
70 78
70 80
70 83
70 90
70 92
71 72
71 86
71 91
71 93
71 95
72 73
72 74
72 76
72 87
72 96
73 74
73 87
73 89
73 93
73 96
74 75
74 95
74 99
75 76
75 77
75 84
75 89
75 94
76 77
76 82
76 88
77 78
77 80
77 83
77 86
77 91
77 95
77 97
77 99
78 79
78 81
78 84
78 87
78 93
78 95
78 99
79 80
79 81
79 86
79 95
79 97
80 81
80 82
80 89
80 93
80 96
81 82
81 89
81 94
81 97
81 98
82 83
82 92
83 84
83 90
83 95
84 85
84 90
84 93
84 94
84 99
85 86
85 93
85 95
85 98
86 87
86 90
87 88
87 98
88 89
88 91
89 90
89 91
89 93
89 99
90 91
90 96
90 99
91 92
91 99
92 93
92 97
93 94
93 95
93 98
94 95
94 96
95 96
96 97
96 98
97 98
98 99
