0 37.338017964009495
1 44.95180967810118
2 115.01207214992858
3 78.67993535453914
4 28.365715186391043
5 31.77010672564697
6 76.70638453997009
7 61.158465059990334
8 62.75215532506712
9 41.87412401385402
10 119.20782687058606
11 92.91275089002242
12 23.438434385829815
13 42.07463346320637
14 86.78191710304137
15 113.58926964623838
16 54.35343429448336
17 35.321976159159824
18 25.315247378261354
19 96.08947271299719
20 97.92852319445153
21 106.16730158577197
22 55.23942014226217
23 57.58127485188194
24 59.516669417576956
25 66.42912082471463
26 91.64896004958595
27 42.53139274505352
28 107.28832220173595
29 46.47838887597318
30 37.812604646342336
31 99.00176756732621
32 20.961624679843244
33 29.996748922514787
34 34.62490928403834
35 35.95728809671686
36 35.63464272623112
37 35.62893673342213
38 83.01786685590594
39 118.9609034399011
40 88.02248679148968
41 107.64177866796402
42 68.9498175859298
43 34.38615616639262
44 61.56231046299729
45 89.51862802949144
46 111.31164500348208
47 28.15597932790245
48 44.13438585087611
49 119.35945692174859
50 21.937844241787566
51 104.02067936800377
52 57.557557010446054
53 104.02326752999568
54 113.88278208773677
55 48.51672310141436
56 91.55256857879255
57 100.14087526492224
58 119.22005272107758
59 35.00202519148121
60 76.52689222192073
61 54.44250011286235
62 80.84552511272067
63 47.54225212887884
64 59.31987141128826
65 33.28606229758296
66 64.1123449844547
67 56.926587672796835
68 103.95709069989256
69 101.83841728156837
70 93.59877520415917
71 75.72029404638029
72 25.498118759552174
73 97.0532469688282
74 57.90744824056698
75 117.0153497384472
76 79.22188290980898
77 75.40564473311929
78 41.11723318966268
79 82.41930848262382
80 69.67904380566853
81 106.28492686122287
82 33.35661159054321
83 108.82643450311659
84 114.55102669977829
85 25.013544345011557
86 44.94005430982558
87 110.64413537407113
88 96.79037576919953
89 55.651380195891804
90 98.60662715845493
91 64.40150188862759
92 65.17733852725604
93 63.061182199541406
94 102.6226290799435
95 96.04580481792338
96 98.21274391254069
97 96.15221301316211
98 113.85778173787622
99 47.736607071681696
0 1
0 2
0 14
0 17
0 24
0 36
0 44
0 45
0 49
0 50
0 58
0 70
0 78
0 83
0 85
0 87
1 2
1 3
1 15
1 16
1 33
1 45
1 49
1 55
1 57
1 60
1 62
1 76
1 77
2 3
2 8
2 11
2 15
2 35
2 40
2 48
2 51
2 59
2 65
2 66
2 67
2 78
2 91
2 99
3 4
3 31
3 37
3 46
3 50
3 66
3 73
3 78
3 80
3 88
3 90
3 92
4 5
4 10
4 17
4 19
4 21
4 22
4 26
4 29
4 35
4 45
4 49
4 56
4 57
4 58
4 60
4 63
4 65
4 69
4 70
4 73
4 77
4 78
4 80
4 83
4 86
5 6
5 7
5 12
5 14
5 38
5 39
5 44
5 52
5 55
5 56
5 68
5 83
5 84
5 94
5 96
6 7
6 11
6 15
6 16
6 17
6 30
6 51
6 61
6 63
6 93
6 98
6 99
7 8
7 15
7 17
7 23
7 38
7 83
7 90
7 97
7 99
8 9
8 17
8 20
8 38
8 39
8 41
8 67
8 81
8 96
9 10
9 15
9 36
9 38
9 41
9 42
9 50
9 51
9 70
9 77
9 80
9 93
10 11
10 18
10 20
10 27
10 28
10 37
10 54
10 55
10 72
10 86
10 88
10 95
11 12
11 14
11 39
11 52
11 55
11 60
11 63
11 72
11 87
11 91
12 13
12 16
12 23
12 27
12 34
12 35
12 39
12 54
12 60
12 66
12 67
12 69
12 71
12 82
13 14
13 17
13 28
13 34
13 43
13 61
13 64
13 65
13 72
13 74
13 75
13 76
13 79
13 81
13 91
13 92
13 98
14 15
14 26
14 27
14 43
14 49
14 50
14 53
14 56
14 63
14 70
14 71
14 73
14 84
14 88
14 92
14 97
14 98
15 16
15 26
15 32
15 35
15 38
15 46
15 51
15 54
15 61
15 64
15 76
15 93
15 99
16 17
16 20
16 30
16 33
16 34
16 43
16 50
16 56
16 57
16 58
16 60
16 61
16 67
16 74
16 85
16 89
16 97
17 18
17 21
17 25
17 29
17 39
17 64
17 69
17 74
17 76
17 77
17 90
17 93
17 94
17 97
18 19
18 23
18 41
18 43
18 51
18 52
18 54
18 57
18 78
18 84
18 89
19 20
19 22
19 24
19 34
19 38
19 47
19 49
19 74
19 75
19 91
19 99
20 21
20 30
20 35
20 49
20 53
20 58
20 59
20 75
20 76
20 91
20 92
21 22
21 26
21 35
21 43
21 45
21 46
21 65
21 68
21 71
21 80
22 23
22 24
22 26
22 31
22 36
22 39
22 55
22 60
22 80
22 89
22 91
22 93
22 95
22 96
22 97
23 24
23 32
23 51
23 76
23 85
23 87
23 91
23 94
24 25
24 27
24 46
24 64
24 77
24 79
24 82
24 89
24 90
24 92
24 96
24 99
25 26
25 28
25 34
25 41
25 42
25 61
25 74
25 79
25 82
25 86
25 88
26 27
26 37
26 38
26 45
26 50
26 54
26 57
26 59
26 63
26 65
26 72
26 73
26 77
26 84
26 90
26 95
26 96
26 99
27 28
27 32
27 34
27 38
27 59
27 70
27 84
27 89
27 93
28 29
28 33
28 37
28 41
28 43
28 54
28 56
28 59
28 64
28 82
28 88
28 94
28 95
29 30
29 31
29 33
29 35
29 38
29 50
29 54
29 58
29 61
29 62
29 70
29 80
29 86
30 31
30 41
30 49
30 63
30 77
30 86
30 88
30 90
30 92
31 32
31 35
31 37
31 47
31 52
31 53
31 57
31 77
31 84
31 90
31 99
32 33
32 34
32 45
32 56
32 64
32 69
32 72
32 73
32 76
32 77
32 89
32 92
32 94
33 34
33 39
33 43
33 69
33 77
33 79
34 35
34 43
34 54
34 55
34 60
34 62
34 63
34 72
34 78
34 83
34 87
34 89
34 91
35 36
35 45
35 48
35 59
35 63
35 89
35 90
35 92
36 37
36 38
36 47
36 54
36 59
36 66
36 73
37 38
37 47
37 53
37 59
37 72
37 74
37 76
37 85
37 98
38 39
38 43
38 59
38 73
38 74
38 79
38 97
39 40
39 48
39 58
39 76
39 82
39 85
39 86
39 94
39 96
40 41
40 49
40 52
40 56
40 63
40 64
40 69
40 74
40 82
40 93
40 94
40 95
40 99
41 42
41 51
41 57
41 59
41 60
41 63
41 84
41 88
41 95
41 96
41 97
41 99
42 43
42 45
42 62
42 69
42 70
42 73
42 77
43 44
43 50
43 62
43 64
44 45
44 50
44 52
44 79
44 85
44 89
44 93
44 97
45 46
45 53
45 57
45 60
45 63
45 70
45 73
45 76
45 77
45 81
45 92
45 96
45 97
46 47
46 50
46 59
46 67
46 73
46 80
46 84
46 89
47 48
47 64
47 67
47 70
47 73
47 81
47 92
48 49
48 50
48 51
48 52
48 62
48 67
48 69
48 75
48 82
48 83
48 84
48 86
48 99
49 50
49 63
49 66
49 86
49 88
49 89
49 91
49 97
50 51
50 57
50 62
50 74
50 76
50 79
50 84
50 85
50 91
51 52
51 56
51 64
51 67
51 70
51 72
51 75
51 77
51 82
51 85
51 88
51 93
52 53
52 61
52 72
52 80
53 54
53 58
53 60
53 70
53 73
53 77
53 87
53 96
54 55
54 61
54 64
54 71
54 73
54 74
54 77
54 84
54 99
55 56
55 68
55 69
55 71
55 75
56 57
56 60
56 79
56 82
56 85
56 86
56 90
56 93
56 94
56 95
56 96
56 99
57 58
57 63
57 68
57 75
57 80
57 92
58 59
58 63
58 66
58 68
58 81
58 83
58 86
58 88
58 92
58 98
59 60
59 66
59 91
59 96
59 97
60 61
60 66
60 79
60 82
61 62
61 69
61 70
61 77
61 79
61 81
61 87
61 93
61 97
62 63
62 70
62 74
62 82
63 64
63 72
63 89
63 94
64 65
64 68
64 76
64 88
64 90
64 94
65 66
65 72
65 78
65 83
65 84
65 85
65 87
66 67
66 79
66 85
66 89
66 90
66 92
67 68
67 69
67 78
67 82
68 69
68 77
68 80
68 82
68 86
68 94
68 97
69 70
69 75
69 86
69 88
69 94
70 71
70 73
70 83
70 86
71 72
71 74
71 75
71 86
71 88
71 92
71 94
72 73
72 80
72 84
72 85
72 88
72 98
73 74
73 88
73 91
73 95
73 98
74 75
74 78
74 86
74 88
75 76
75 79
75 91
75 96
76 77
76 79
76 81
76 83
76 86
76 90
76 94
77 78
77 81
78 79
78 81
78 92
79 80
79 94
79 95
80 81
80 85
80 92
81 82
81 90
81 97
82 83
82 90
83 84
83 86
83 93
84 85
84 90
84 95
85 86
85 94
86 87
86 89
86 94
87 88
87 92
87 98
88 89
88 91
89 90
89 91
90 91
90 95
91 92
91 93
91 95
92 93
92 97
93 94
94 95
95 96
96 97
97 98
97 99
98 99
