0 68.57276215586167
1 34.97236932706335
2 97.47680085958842
3 113.97591869922204
4 55.38701341582308
5 93.76333784399208
6 115.48081656470755
7 87.8306195017322
8 34.43540612980505
9 29.39310347208775
10 59.81309495021862
11 78.90366535284346
12 52.51607027865597
13 50.93598299960247
14 51.63297608034978
15 24.659686725579643
16 95.95689449148078
17 42.98836052536774
18 93.06604230021807
19 75.68749094676734
20 26.034830922313496
21 26.85372632755282
22 44.056804420712325
23 76.84820820569612
24 57.547137036761775
25 21.6766712875085
26 63.2488805041523
27 81.71135308054394
28 49.653855392115304
29 108.36097111730341
30 68.38889299930806
31 97.69394815605229
32 20.39589425736971
33 89.04818843963592
34 65.597959956854
35 63.32178321529037
36 66.70334327672214
37 77.9997513576437
38 68.82729137049091
39 66.16078120073836
40 70.24371315813443
41 55.916765143160056
42 80.91209833072097
43 20.220364299528995
44 96.12000505702959
45 69.04828139653176
46 35.860639086571936
47 35.00957666801058
48 46.213656995623104
49 56.8801316793621
50 108.3628934156565
51 24.930695835186693
52 111.87755134625128
53 47.76286728415698
54 80.97605255307977
55 27.32388151191563
56 81.71945424663961
57 70.5287038417301
58 22.04159029349219
59 20.230428991115282
60 99.37640241915643
61 91.96382173183443
62 68.11140848881163
63 56.82097496936329
64 33.46568205681089
65 104.94374939147723
66 23.508170716835192
67 62.439023289364435
68 117.30826103409134
69 60.1059951895463
70 86.61761232566916
71 72.33897572140741
72 39.555623633864
73 55.125448524342154
74 87.60824054761173
75 23.4518350387157
76 118.51115765127281
77 69.97454634828722
78 75.49653413311779
79 51.8905813721278
80 72.72240365994006
81 63.991527720447834
82 23.823383870307374
83 89.41118084507004
84 108.33058795418295
85 31.14658766682884
86 33.680175815348335
87 96.67408599614433
88 79.69906279423196
89 43.58707072560132
90 100.42057677151125
91 118.90496327639788
92 44.002407656907685
93 100.35932103342171
94 76.11673800987664
95 100.43230995739432
96 22.743138832447624
97 38.14614207738542
98 103.66629885338406
99 48.58354895050183
0 1
0 65
1 2
1 91
2 3
2 59
3 4
3 19
3 35
3 44
3 58
4 5
4 19
4 52
5 6
5 30
5 39
6 7
6 9
7 8
7 16
7 32
7 77
7 91
7 94
8 9
8 34
8 49
8 58
9 10
10 11
10 35
10 76
10 91
11 12
12 13
12 31
12 77
13 14
13 20
13 23
13 32
13 70
14 15
15 16
15 36
16 17
16 91
17 18
17 60
18 19
18 62
18 82
18 88
19 20
20 21
21 22
22 23
23 24
23 38
23 86
24 25
24 34
24 52
25 26
25 94
26 27
27 28
27 91
28 29
28 37
29 30
29 78
30 31
30 71
30 90
31 32
31 39
31 52
31 53
32 33
33 34
33 80
34 35
34 39
35 36
36 37
36 68
36 97
37 38
37 60
37 77
37 91
38 39
38 69
39 40
39 49
40 41
40 48
41 42
41 45
41 75
42 43
42 51
42 93
43 44
44 45
44 69
44 72
44 84
44 96
45 46
46 47
46 84
47 48
47 54
47 85
47 99
48 49
49 50
50 51
50 52
50 55
51 52
52 53
53 54
53 56
54 55
55 56
56 57
56 88
57 58
57 72
57 89
57 97
57 98
58 59
58 92
58 97
59 60
59 75
59 94
60 61
60 94
61 62
61 66
61 97
62 63
62 69
62 74
63 64
64 65
64 72
64 88
65 66
65 89
66 67
67 68
67 78
68 69
68 84
68 93
69 70
70 71
70 77
71 72
71 78
72 73
72 99
73 74
73 85
74 75
75 76
76 77
77 78
77 85
78 79
78 80
78 98
79 80
80 81
81 82
82 83
83 84
84 85
85 86
86 87
87 88
87 98
88 89
89 90
90 91
91 92
92 93
93 94
94 95
95 96
96 97
97 98
98 99
