0 90.49623426429189
1 117.42444505159176
2 36.120860549534065
3 37.59057270900523
4 113.13956957016691
5 81.71204430200675
6 33.589966567916164
7 76.99155410440832
8 113.41699130720657
9 43.017528006964454
10 100.30216792086028
11 116.66649323316642
12 34.377878193063566
13 24.981187125851605
14 48.67521345491648
15 107.40975311675534
16 51.2129353965489
17 20.96029255004971
18 60.914975970353616
19 57.81850854150358
20 92.01747712763277
21 96.92293264977278
22 119.82859751099103
23 20.083819988901578
24 89.7330801860464
25 84.72203833434983
26 102.84879015531602
27 33.50960304376018
28 78.96696881551213
29 74.49288112853034
30 40.12684051086162
31 111.11413560199054
32 107.73610859682914
33 81.42125239266099
34 70.46201993801601
35 60.23508971036701
36 68.65567923787881
37 31.758396930683435
38 89.87022603908008
39 86.75055037174363
40 66.68920950012625
41 85.7127353187948
42 76.75491570451715
43 44.344838311200434
44 31.30038883471243
45 90.72725773304072
46 94.92847524062769
47 55.18935590461878
48 49.69410517224999
49 37.6554298833732
50 21.14232487816682
51 46.47514757296608
52 44.80706908576981
53 74.47732217947862
54 117.31931351284251
55 118.42517995534624
56 46.80589604108731
57 117.4515920605281
58 69.3419448765743
59 83.73083538753389
60 110.07325816427888
61 87.97785840239773
62 44.0353158217426
63 95.7984542552952
64 109.01037047747367
65 94.94791948289169
66 73.89366897704991
67 113.75821843362566
68 105.45668560502982
69 76.99313743459687
70 65.13466787217563
71 35.87904554900889
72 118.12536964282411
73 116.78928102699903
74 38.825681132651084
75 69.84957248051617
76 40.1757920638573
77 40.458939125241116
78 57.11147030293981
79 98.32671356446565
80 44.891855891453986
81 119.11563944968918
82 56.982875687239
83 41.219717169001285
84 91.40775783548236
85 96.72256937229714
86 112.5612104703192
87 112.36897954888047
88 92.52030379622921
89 78.69283685465831
90 73.53327516802726
91 117.5953515560224
92 34.84966310990813
93 29.037040010402585
94 82.15701781530788
95 43.53706239008207
96 47.9580391991787
97 40.36781628329969
98 54.16804967117455
99 42.257741749891565
0 1
1 2
1 11
1 14
1 49
1 88
2 3
2 6
2 23
2 47
2 53
2 71
3 4
3 12
3 36
4 5
5 6
5 30
6 7
6 50
7 8
7 19
7 47
7 57
8 9
8 10
8 41
8 99
9 10
9 49
10 11
10 95
10 97
11 12
12 13
13 14
13 38
13 41
13 82
14 15
14 91
15 16
15 70
15 94
15 99
16 17
17 18
17 59
17 61
17 75
18 19
18 76
18 89
19 20
19 35
19 38
19 39
19 56
20 21
20 54
20 74
20 86
21 22
21 24
21 51
22 23
22 49
22 62
23 24
23 60
24 25
24 52
24 81
25 26
25 44
26 27
26 48
26 56
26 86
26 95
26 97
27 28
28 29
28 49
29 30
29 56
29 90
29 92
30 31
30 44
30 87
31 32
31 68
31 79
32 33
32 99
33 34
33 52
34 35
34 58
34 64
35 36
35 50
35 99
36 37
36 67
36 74
37 38
38 39
39 40
39 45
40 41
40 59
40 97
41 42
42 43
42 44
43 44
43 50
44 45
44 87
45 46
45 57
46 47
47 48
48 49
48 83
49 50
50 51
50 68
50 93
51 52
52 53
53 54
53 84
54 55
54 67
54 93
55 56
56 57
57 58
57 68
58 59
59 60
59 85
59 88
60 61
61 62
62 63
62 69
62 96
63 64
63 80
64 65
65 66
65 71
66 67
67 68
68 69
69 70
70 71
70 81
70 85
71 72
72 73
73 74
74 75
75 76
75 78
76 77
77 78
77 93
78 79
79 80
80 81
81 82
81 99
82 83
83 84
83 91
84 85
85 86
86 87
87 88
88 89
88 93
89 90
90 91
90 94
91 92
92 93
92 95
92 98
93 94
93 97
94 95
95 96
96 97
97 98
98 99
