0 38.199994484232086
1 49.96946267001612
2 90.3789031207134
3 84.77894527648715
4 33.162414172789305
5 39.44996450142988
6 65.75938387880123
7 114.76651393459697
8 47.488419127228354
9 56.57475752126894
10 42.53839264347902
11 24.38717029911385
12 42.78908139938105
13 49.60225933927879
14 50.508824522258294
15 75.34598152999826
16 67.2789376558464
17 49.99206810398611
18 71.51794813930678
19 48.59466531953814
20 66.7777022998529
21 60.70973313841465
22 90.40561584051818
23 63.39506869692953
24 107.62308222104106
25 87.62928938343119
26 101.5318463772302
27 42.10646324855735
28 53.563180245932344
29 26.536633372107445
30 91.52675660321685
31 107.46729129617623
32 40.35711319175162
33 42.553205344250316
34 22.118382601298308
35 87.52089612577194
36 21.59767728928789
37 56.240794583650306
38 118.24168550532353
39 94.83867894663871
40 117.17995107965383
41 81.21481024776645
42 26.104603120777224
43 41.32303843255403
44 81.87499282312818
45 41.78462274659964
46 43.484742900709335
47 47.626332672314746
48 25.627865144495974
49 35.95611457597437
50 40.252907939165134
51 107.10104754228763
52 59.48443637433754
53 99.07289268203473
54 80.9673348796866
55 68.20020791717431
56 111.46148866795876
57 66.4390779673733
58 33.355177322125336
59 106.37603737315652
60 55.209911476790026
61 29.457966006509718
62 96.59541428880978
63 66.77872416173813
64 20.98083407451991
65 29.137271589169405
66 111.54002293278894
67 72.43608889873087
68 113.1897595658912
69 33.253068749338766
70 21.357917505615667
71 109.09884596106853
72 41.78389651371432
73 99.03093236755251
74 35.5588032784282
75 117.56505220808013
76 85.65303539644832
77 31.894251759107313
78 112.95176486107182
79 47.05125377432049
80 45.484498965703835
81 112.64598693366302
82 119.81602719375249
83 49.056737065140695
84 110.74781731315649
85 80.39166484241112
86 38.40905979712032
87 20.171212897715954
88 60.90497717030183
89 26.577717392708895
90 97.90975008709854
91 34.40513399307891
92 44.47718736795622
93 76.71074614803237
94 74.99211774888568
95 40.875798359166176
96 31.259352225959862
97 110.63965049913824
98 64.44763659365768
99 41.061278479597
0 1
1 2
2 3
2 50
2 80
3 4
3 15
3 43
3 53
4 5
5 6
5 27
5 47
5 86
6 7
6 12
6 15
7 8
7 21
8 9
8 21
9 10
9 67
10 11
10 69
11 12
11 69
12 13
12 31
12 61
12 83
13 14
14 15
14 73
15 16
15 76
16 17
16 87
16 99
17 18
17 30
17 84
18 19
18 47
19 20
20 21
20 34
21 22
21 32
21 74
21 95
22 23
23 24
23 52
24 25
25 26
25 50
25 98
26 27
26 63
27 28
27 38
27 51
27 85
27 97
28 29
28 55
29 30
29 90
29 97
30 31
30 51
31 32
31 68
31 97
32 33
32 97
33 34
33 84
34 35
35 36
36 37
36 54
36 88
36 94
37 38
37 81
38 39
39 40
39 53
39 55
39 73
40 41
41 42
42 43
42 70
43 44
43 79
44 45
44 61
44 69
44 73
44 89
45 46
45 90
46 47
46 69
46 75
46 85
47 48
47 83
47 97
48 49
48 54
48 67
48 89
49 50
49 54
49 59
49 90
50 51
50 81
51 52
51 78
52 53
52 70
52 83
53 54
53 94
53 99
54 55
55 56
55 93
56 57
57 58
58 59
59 60
59 89
60 61
60 80
60 98
61 62
61 79
61 86
62 63
63 64
64 65
64 79
64 85
65 66
65 85
66 67
66 69
67 68
67 96
68 69
68 97
69 70
70 71
71 72
72 73
72 76
72 90
73 74
74 75
74 81
75 76
75 98
76 77
77 78
78 79
79 80
79 84
79 95
80 81
81 82
81 87
81 98
82 83
82 84
83 84
84 85
84 86
84 87
84 91
84 93
85 86
86 87
87 88
88 89
89 90
90 91
91 92
92 93
93 94
94 95
95 96
96 97
97 98
98 99
