0 45.780283838846685
1 59.64012751142388
2 63.69269591374169
3 92.35153340060198
4 97.91298197401886
5 36.215781394139405
6 61.55716487949618
7 103.19433518552151
8 110.73565641682245
9 74.81273307394395
10 80.00370639555756
11 100.02624612447826
12 52.7154982757523
13 20.743328879746453
14 23.812548415163942
15 94.1030975845727
16 46.43968402346426
17 24.661631812096513
18 69.97494009774348
19 74.0093896846842
20 66.30564788752963
21 55.89713909831969
22 20.767156642899035
23 116.63227943748922
24 102.93051031230709
25 22.324668185311076
26 75.7912758731394
27 44.5780667431128
28 96.84618182593674
29 36.56844653334281
30 84.58244916769829
31 93.31549307062333
32 94.14432550565711
33 78.59222713328339
34 68.04257176558082
35 100.64656386257263
36 104.95804171795102
37 118.10625490086542
38 51.74538720548411
39 33.54699579661267
40 52.014727138961184
41 76.72575796616084
42 37.068209279028835
43 22.984823210718734
44 80.96731551538875
45 29.444564832342962
46 47.140657045292386
47 86.01708483774871
48 66.80866065789732
49 67.74136848851371
50 23.760870043047817
51 76.28091955619632
52 91.39657062889822
53 72.51500924197603
54 118.71491327665063
55 118.93681324588943
56 85.9645675049926
57 74.04914982302002
58 118.34516403640266
59 54.188152079579595
60 29.466203480440164
61 108.33550860196792
62 63.748691677563265
63 34.692616411195935
64 68.6983299620862
65 114.33882571709532
66 80.6467363536569
67 96.49738324595965
68 79.37141951375389
69 55.165579583273356
70 112.75161669907503
71 50.57150617972728
72 118.64269924503066
73 87.60237562252468
74 60.36748136229812
75 22.575237987055
76 29.10047595622826
77 49.11891748089551
78 61.99653183514614
79 102.19745271955394
80 41.785756628871646
81 79.18423203685032
82 20.8824815495167
83 50.20880810568511
84 91.55980360684964
85 42.623882156014176
86 70.70815173677795
87 51.31955676618569
88 101.97410229553823
89 76.74970214163045
90 95.07430065122287
91 93.99747440542234
92 118.77164664916897
93 41.122508659060244
94 63.92189937685127
95 104.59266591458709
96 71.24635371978059
97 109.06222838242587
98 26.72025506795083
99 62.43246538123113
0 1
0 2
0 3
0 8
0 9
0 10
0 12
0 14
0 17
0 36
0 38
0 45
0 47
0 49
0 53
0 58
0 61
0 79
0 80
0 85
0 86
0 91
0 93
0 96
0 99
1 2
1 4
1 5
1 14
1 20
1 21
1 31
1 39
1 41
1 46
1 47
1 49
1 62
1 63
1 68
1 69
1 70
1 74
1 76
1 80
1 81
1 88
1 90
1 97
2 3
2 7
2 23
2 35
2 39
2 43
2 46
2 59
2 66
2 70
2 72
2 78
2 83
2 87
2 93
2 96
3 4
3 16
3 20
3 24
3 39
3 41
3 45
3 50
3 64
3 68
3 69
3 70
3 71
3 73
3 80
3 81
3 88
4 5
4 11
4 29
4 31
4 32
4 43
4 63
4 68
4 69
4 75
4 87
4 89
4 90
4 94
4 95
4 96
4 98
5 6
5 8
5 13
5 16
5 20
5 33
5 34
5 39
5 40
5 49
5 52
5 53
5 54
5 58
5 65
5 67
5 69
5 75
5 80
5 86
5 88
5 98
6 7
6 11
6 16
6 18
6 21
6 22
6 23
6 24
6 29
6 32
6 36
6 41
6 43
6 52
6 58
6 60
6 67
6 69
6 90
6 99
7 8
7 14
7 17
7 23
7 36
7 40
7 48
7 49
7 58
7 64
7 66
7 79
7 81
7 87
7 96
7 98
8 9
8 17
8 21
8 23
8 31
8 36
8 45
8 53
8 65
8 75
8 84
8 87
8 93
9 10
9 12
9 14
9 17
9 21
9 23
9 26
9 39
9 44
9 58
9 59
9 61
9 63
9 65
9 68
9 72
9 73
9 74
9 75
9 86
9 87
10 11
10 21
10 30
10 32
10 36
10 39
10 42
10 44
10 49
10 57
10 62
10 69
10 73
10 74
10 81
10 93
10 94
10 98
11 12
11 14
11 16
11 19
11 28
11 29
11 32
11 34
11 39
11 42
11 56
11 60
11 63
11 66
11 73
11 79
11 80
11 81
11 82
11 88
11 90
12 13
12 15
12 17
12 24
12 30
12 32
12 42
12 44
12 53
12 59
12 61
12 65
12 68
12 69
12 82
12 85
12 86
12 90
12 95
12 98
12 99
13 14
13 15
13 31
13 54
13 58
13 71
13 74
13 85
13 87
13 90
13 93
13 99
14 15
14 24
14 35
14 37
14 40
14 43
14 45
14 47
14 50
14 54
14 62
14 66
14 69
14 72
14 83
14 84
14 85
14 90
14 91
14 96
14 99
15 16
15 26
15 31
15 32
15 42
15 48
15 54
15 64
15 86
15 87
15 95
15 96
15 98
16 17
16 21
16 23
16 31
16 36
16 38
16 43
16 52
16 55
16 63
16 74
16 76
16 86
16 90
16 91
16 92
16 97
17 18
17 25
17 27
17 29
17 39
17 42
17 44
17 53
17 54
17 59
17 64
17 68
17 74
17 77
17 82
17 91
17 93
17 95
17 98
18 19
18 22
18 24
18 28
18 36
18 38
18 40
18 50
18 62
18 66
18 72
18 76
18 79
18 85
18 89
18 90
18 95
19 20
19 23
19 27
19 29
19 35
19 43
19 45
19 50
19 58
19 61
19 65
19 66
19 81
19 84
19 92
20 21
20 22
20 39
20 51
20 53
20 62
20 63
20 70
20 73
20 74
20 98
21 22
21 24
21 34
21 41
21 43
21 49
21 52
21 54
21 58
21 61
21 64
21 66
21 70
21 73
21 74
21 91
21 98
22 23
22 25
22 27
22 33
22 37
22 40
22 45
22 53
22 56
22 57
22 58
22 63
22 67
22 75
22 89
23 24
23 42
23 49
23 58
23 59
23 61
23 66
23 67
23 69
23 71
23 77
23 78
23 82
23 84
23 85
24 25
24 36
24 47
24 58
24 61
24 66
24 67
24 69
24 78
24 82
24 94
24 99
25 26
25 30
25 34
25 36
25 54
25 55
25 61
25 63
25 69
25 70
25 84
26 27
26 28
26 30
26 31
26 32
26 33
26 35
26 37
26 41
26 46
26 54
26 55
26 59
26 64
26 65
26 66
26 69
26 73
26 74
26 87
26 94
27 28
27 37
27 50
27 56
27 70
27 71
27 93
27 95
27 97
28 29
28 36
28 39
28 49
28 53
28 59
28 64
28 72
28 79
28 82
28 91
28 96
28 97
28 99
29 30
29 41
29 43
29 44
29 67
29 68
29 84
29 85
29 90
29 97
30 31
30 36
30 44
30 49
30 60
30 63
30 70
30 74
30 75
30 80
30 83
30 84
30 87
30 90
30 91
30 95
31 32
31 33
31 40
31 42
31 50
31 59
31 62
31 72
31 82
31 97
31 99
32 33
32 40
32 41
32 50
32 75
32 83
32 86
32 87
32 93
33 34
33 38
33 41
33 54
33 57
33 60
33 67
33 77
33 92
33 99
34 35
34 39
34 40
34 44
34 47
34 49
34 59
34 64
34 79
34 80
34 81
34 82
34 84
34 87
34 94
34 98
35 36
35 57
35 61
35 62
35 65
35 67
35 73
35 83
35 94
35 96
35 97
36 37
36 44
36 50
36 56
36 61
36 66
36 81
36 87
36 88
36 99
37 38
37 48
37 54
37 76
37 80
37 81
37 92
37 93
38 39
38 44
38 45
38 52
38 66
38 68
38 71
38 75
38 87
38 90
38 96
38 97
39 40
39 50
39 54
39 68
39 74
39 77
39 81
39 89
39 99
40 41
40 42
40 56
40 63
40 84
40 91
40 95
41 42
41 45
41 51
41 60
41 68
41 71
41 78
41 85
41 87
41 88
41 90
41 92
41 96
42 43
42 49
42 53
42 59
42 68
42 70
42 95
43 44
43 62
43 72
43 83
43 84
43 96
44 45
44 48
44 49
44 56
44 76
44 80
44 81
44 84
44 92
44 97
44 98
45 46
45 53
45 58
45 63
45 66
45 69
45 73
45 75
45 78
45 93
46 47
46 49
46 57
46 75
46 83
46 84
46 92
47 48
47 49
47 54
47 59
47 64
47 65
47 67
47 69
47 74
47 86
47 88
47 95
47 99
48 49
48 52
48 56
48 74
48 76
48 84
48 85
48 95
48 98
49 50
49 52
49 53
49 54
49 59
49 60
49 63
49 64
49 72
49 73
49 76
49 82
49 85
49 88
49 89
50 51
50 52
50 60
50 63
50 64
50 69
50 70
50 71
50 90
50 99
51 52
51 53
51 59
51 62
51 64
51 70
51 80
51 81
51 83
51 84
51 92
51 96
52 53
52 58
52 62
52 64
52 66
52 71
52 76
52 77
52 84
52 94
52 98
53 54
53 56
53 60
53 63
53 65
53 70
53 72
53 74
53 87
54 55
54 57
54 59
54 67
54 71
54 72
54 79
54 82
54 98
55 56
55 59
55 66
55 76
55 81
56 57
56 58
56 64
56 77
56 78
56 86
56 91
56 98
57 58
57 59
57 64
57 67
57 68
57 75
57 82
57 83
57 86
57 90
57 94
58 59
58 60
58 64
58 82
58 98
59 60
59 62
59 66
59 73
59 85
59 87
59 93
59 97
59 98
60 61
60 62
60 64
60 66
60 68
60 73
60 76
60 78
60 80
60 82
60 90
60 92
60 93
60 95
60 97
60 98
61 62
61 63
61 64
61 66
61 67
61 71
61 72
61 75
61 83
61 85
61 98
62 63
62 64
62 67
62 73
62 75
62 80
62 93
63 64
63 66
63 72
63 73
63 81
63 84
63 91
63 96
63 98
64 65
64 66
64 68
64 69
64 70
64 71
64 72
64 83
64 84
64 95
65 66
65 74
65 75
65 82
65 87
65 88
65 92
66 67
66 74
66 77
66 86
66 88
66 91
67 68
67 77
67 78
67 82
67 91
67 94
67 95
67 97
67 99
68 69
68 75
68 76
68 80
68 82
68 87
68 89
68 91
69 70
69 77
69 80
69 82
69 84
69 95
69 98
69 99
70 71
70 72
70 74
70 80
70 82
70 85
70 86
70 87
71 72
71 79
71 86
71 94
71 95
72 73
72 96
73 74
73 83
73 86
73 91
73 94
74 75
74 86
74 92
74 95
74 98
75 76
75 79
75 80
75 84
75 87
75 89
75 92
75 95
76 77
76 79
76 86
76 88
76 90
77 78
77 80
77 81
77 85
77 97
78 79
78 82
78 87
78 88
78 95
78 97
78 98
79 80
79 81
79 82
79 88
79 89
79 92
79 93
80 81
80 90
80 95
81 82
81 83
81 84
81 85
81 90
81 92
82 83
82 88
82 91
82 92
82 93
83 84
83 96
84 85
84 90
84 92
84 95
84 97
85 86
86 87
86 88
86 90
86 92
86 99
87 88
87 90
88 89
88 90
88 91
88 93
88 99
89 90
89 95
89 96
89 98
90 91
90 96
91 92
91 93
91 96
91 99
92 93
92 99
93 94
94 95
94 97
95 96
96 97
97 98
98 99
