0 102.3553281345253
1 40.50712194130821
2 119.89409857121221
3 43.81691571633129
4 21.905858413862383
5 77.47428801556106
6 102.880033295821
7 43.35031465488872
8 72.95602929776832
9 94.4987619444167
10 56.002674085982
11 61.19192632704747
12 30.39772765949656
13 32.03825867757443
14 97.14265804709908
15 92.95298377920841
16 110.58912904885037
17 85.685803444202
18 63.169715969757455
19 97.02726879384305
20 113.15151892372255
21 63.40892547346657
22 71.16511870702146
23 21.13578063234927
24 81.26288180045816
25 36.75945008238209
26 111.2527801852623
27 65.99536921639256
28 97.32149032057438
29 53.04910875156699
30 113.3516820231951
31 49.24915663802579
32 76.26275432701806
33 93.5526142078051
34 77.13485560044165
35 114.9254622682776
36 92.3478903178139
37 33.99127032055352
38 79.57788795882826
39 118.94586852097983
40 76.90295103243263
41 87.86654519310179
42 77.7025205443652
43 109.58195691872139
44 54.272106330488285
45 90.65450304142536
46 105.4686154734346
47 113.26415369457017
48 41.15905084586217
49 113.43833682701015
50 23.240350705833993
51 30.775058197176516
52 20.565695733833003
53 78.24770458240278
54 115.85024890146849
55 46.61346961900331
56 115.69736857432906
57 84.18992442254276
58 51.00722147145247
59 55.19430602548717
60 31.488975640498154
61 43.39955286871056
62 103.6425219017503
63 111.55346504671425
64 101.81666881461356
65 68.89920053508845
66 23.760116880018394
67 21.355618009070593
68 78.99477663403076
69 52.655920503240864
70 75.45568337829513
71 95.25678140847695
72 28.817863879670504
73 21.43386961637414
74 102.99105923272775
75 106.05250838770957
76 49.19298241435254
77 60.48533451418178
78 86.15862865557143
79 103.54632170937252
80 113.31730223535143
81 50.68868614459764
82 31.642831885750148
83 61.70206482199422
84 49.39148513408229
85 73.43313137159427
86 109.68358144921596
87 55.39759934429778
88 108.0193034895779
89 99.36666898950898
90 86.06904891496877
91 89.97632913897314
92 35.72919253754493
93 92.064905433385
94 118.3329810911023
95 35.796807927432944
96 68.46353525387956
97 25.744950708854297
98 82.00425982566001
99 52.10970469124521
0 1
0 5
0 7
0 24
0 36
0 71
0 87
0 92
1 2
1 30
1 47
1 63
1 68
1 69
1 75
1 79
1 84
1 86
2 3
2 8
2 16
2 21
2 30
2 37
2 39
2 51
2 55
2 60
2 61
2 62
2 75
2 76
2 80
2 82
2 94
2 99
3 4
3 5
3 14
3 18
3 21
3 22
3 39
3 46
3 47
3 51
3 77
3 78
3 96
4 5
4 11
4 13
4 20
4 23
4 41
4 44
4 47
4 58
4 63
4 71
4 72
4 75
4 79
4 80
5 6
5 18
5 21
5 22
5 28
5 30
5 39
5 43
5 46
5 51
5 59
5 71
5 80
5 87
5 89
5 92
6 7
6 9
6 11
6 30
6 35
6 37
6 47
6 63
6 66
6 72
6 84
6 86
7 8
7 11
7 23
7 32
7 33
7 41
7 42
7 53
7 70
7 76
7 79
7 81
7 83
7 87
7 97
8 9
8 21
8 30
8 33
8 49
8 51
8 67
9 10
9 16
9 23
9 27
9 32
9 38
9 43
9 47
9 63
9 79
9 89
9 95
9 98
10 11
10 13
10 16
10 20
10 21
10 22
10 31
10 37
10 39
10 41
10 45
10 46
10 69
10 70
10 73
10 74
10 87
10 89
10 90
10 98
11 12
11 29
11 31
11 32
11 39
11 46
11 51
11 54
11 57
11 74
11 78
11 80
12 13
12 17
12 21
12 23
12 26
12 35
12 37
12 42
12 43
12 44
12 46
12 54
12 57
12 58
12 61
12 76
12 88
12 91
13 14
13 18
13 43
13 49
13 50
13 53
13 55
13 56
13 57
13 76
13 84
13 88
13 93
14 15
14 16
14 22
14 24
14 25
14 36
14 65
14 73
14 80
14 83
14 87
14 91
15 16
15 18
15 20
15 27
15 34
15 38
15 39
15 41
15 44
15 47
15 49
15 53
15 61
15 64
15 76
15 90
15 97
16 17
16 25
16 28
16 37
16 54
16 67
16 73
16 92
16 96
16 99
17 18
17 22
17 27
17 35
17 39
17 55
17 56
17 70
17 80
18 19
18 24
18 25
18 29
18 30
18 37
18 44
18 62
18 71
18 82
18 87
18 88
18 89
19 20
19 24
19 43
19 62
19 69
19 71
19 78
19 88
19 94
19 99
20 21
20 34
20 40
20 44
20 48
20 57
20 58
20 63
20 67
20 72
20 79
20 84
20 96
20 99
21 22
21 41
21 45
21 51
21 62
21 68
21 69
21 75
21 77
21 80
21 86
21 88
21 97
22 23
22 27
22 32
22 40
22 41
22 42
22 43
22 44
22 50
22 64
22 66
22 70
22 85
22 89
23 24
23 27
23 37
23 47
23 48
23 56
23 60
23 65
24 25
24 30
24 38
24 39
24 44
24 79
24 80
24 83
24 89
24 90
25 26
25 27
25 29
25 31
25 40
25 46
25 54
25 63
25 72
25 77
25 79
25 80
25 85
25 91
25 92
25 94
25 95
26 27
26 30
26 40
26 42
26 53
26 63
26 71
26 74
26 76
26 82
26 83
26 87
26 88
26 90
26 92
26 98
27 28
27 30
27 42
27 45
27 47
27 48
27 63
27 67
27 70
27 71
27 76
27 78
27 81
27 82
27 83
27 96
28 29
28 33
28 41
28 45
28 52
28 57
28 63
28 70
28 72
28 95
28 98
29 30
29 56
29 59
29 62
29 84
29 92
30 31
30 32
30 35
30 39
30 41
30 42
30 72
30 87
30 89
30 99
31 32
31 34
31 35
31 44
31 79
31 81
31 87
31 96
32 33
32 37
32 55
32 78
32 80
32 85
32 93
32 94
33 34
33 43
33 48
33 54
33 71
33 84
33 94
34 35
34 36
34 39
34 45
34 55
34 56
34 65
34 82
34 83
35 36
35 43
35 49
35 57
35 60
35 66
35 67
35 71
35 81
35 95
36 37
36 45
36 60
36 66
36 71
36 73
36 84
36 85
37 38
37 45
37 47
37 49
37 55
37 70
37 74
37 75
37 77
37 81
37 83
37 88
37 94
38 39
38 40
38 48
38 54
38 56
38 73
38 74
38 76
38 80
38 84
38 91
38 96
39 40
39 44
39 45
39 53
39 54
39 56
39 58
39 60
39 61
39 63
39 67
39 69
39 77
39 81
39 84
39 94
39 98
40 41
40 45
40 51
40 63
40 77
40 84
40 86
40 88
41 42
41 45
41 55
41 63
41 64
41 65
41 71
41 76
41 78
41 82
41 94
42 43
42 56
42 66
42 69
42 74
42 75
42 78
42 80
42 83
42 87
42 89
42 94
43 44
43 57
43 86
44 45
44 70
44 85
44 88
44 92
44 98
45 46
45 53
45 71
45 78
45 83
45 86
46 47
46 49
46 66
46 83
46 85
46 92
46 94
47 48
47 49
47 51
47 52
47 54
47 61
47 63
47 76
47 80
47 89
47 92
47 93
47 97
48 49
48 59
48 62
48 66
49 50
49 64
49 68
49 75
49 77
49 85
49 89
49 97
49 98
50 51
50 57
50 64
50 66
50 77
50 83
50 84
50 87
50 92
51 52
51 56
51 62
51 73
51 75
51 78
51 81
51 90
51 93
51 95
52 53
52 56
52 60
52 66
52 76
52 77
52 79
52 87
52 95
52 98
53 54
53 55
53 58
53 60
53 64
53 65
53 70
53 73
53 77
53 80
53 82
53 84
53 86
53 87
54 55
54 66
54 74
54 88
55 56
55 68
55 81
55 88
55 95
56 57
56 58
56 61
56 63
56 64
56 67
56 73
56 85
56 92
57 58
57 59
57 77
57 85
57 87
57 95
58 59
58 60
58 64
58 66
58 76
58 78
58 79
58 96
59 60
59 61
59 65
59 71
59 85
59 92
59 93
60 61
60 72
60 74
60 78
60 81
60 85
60 88
60 93
61 62
61 64
61 70
61 74
61 75
61 79
61 84
61 91
61 94
62 63
62 65
62 74
62 75
62 78
62 80
62 87
62 96
62 98
63 64
63 65
63 77
63 97
63 99
64 65
64 78
64 80
64 81
64 97
65 66
65 76
65 77
65 78
65 82
65 97
66 67
66 68
66 72
66 73
66 77
66 89
66 95
67 68
67 76
67 77
67 80
67 87
67 94
68 69
68 73
68 91
68 96
69 70
69 76
69 77
69 81
69 89
69 90
70 71
70 73
70 77
70 81
70 95
70 99
71 72
71 76
71 82
71 92
71 96
72 73
72 97
72 98
72 99
73 74
73 83
73 98
73 99
74 75
74 78
74 80
74 86
75 76
75 77
75 84
75 89
75 93
75 96
76 77
76 90
77 78
77 96
78 79
78 84
78 92
78 93
79 80
79 83
79 85
79 88
80 81
80 84
80 85
80 93
81 82
81 96
82 83
82 87
82 95
83 84
83 85
83 86
83 93
84 85
84 86
84 89
84 93
84 99
85 86
85 90
85 97
86 87
86 90
86 98
87 88
87 94
87 95
88 89
88 93
88 98
89 90
89 97
90 91
91 92
91 93
92 93
93 94
93 96
94 95
94 99
95 96
96 97
97 98
97 99
98 99
