0 78.0148578160588
1 92.03542459259673
2 38.71599397247624
3 98.07084839193588
4 50.57006224770636
5 47.689648033165646
6 111.82535370479903
7 57.97269051300927
8 108.59450717552168
9 67.02617002641851
10 119.59546304939228
11 59.837704902925964
12 99.77692762859672
13 30.720484418667866
14 55.50499015857416
15 115.60261350260609
16 91.55383212209651
17 91.60676496574735
18 71.1729065419635
19 84.8074506338998
20 103.84320764004252
21 78.75338183323191
22 56.39638222330992
23 44.36709960985006
24 68.92524277944153
25 48.31207536391438
26 70.89778063569716
27 63.04033363631953
28 110.19671436741467
29 32.7550951815128
30 80.10311182354586
31 119.7595794209156
32 109.74844306749972
33 103.49365988924761
34 52.059489638820324
35 57.42602914031113
36 91.06274551006634
37 28.374888587327675
38 105.50932224536105
39 69.34108433869369
40 77.60059201358916
41 75.18331442680099
42 60.17404405142799
43 74.13661467304291
44 100.64573721073938
45 85.02698147066064
46 29.460446847827406
47 46.882800537599415
48 20.49583265758547
49 115.36704312386556
50 113.08776061186488
51 38.993857465782014
52 93.93809517753596
53 31.453681598786222
54 92.54379068300007
55 37.61824094623768
56 67.91985288211305
57 107.06004287070648
58 105.81363782448047
59 86.39142013318612
60 104.42186638046184
61 80.65987340054922
62 79.48458902909435
63 113.74565409373588
64 44.76505942468784
65 101.57332871363539
66 26.11601104310283
67 92.41263866463241
68 102.92884990208452
69 92.10946016990918
70 72.67317317449132
71 84.32131585017147
72 36.93203610825036
73 46.36266234272545
74 71.8591258297769
75 108.78447647596678
76 84.92477420658388
77 84.07440386087173
78 62.338869692395306
79 108.68430278033537
80 68.36285935139367
81 78.85034782134372
82 86.13526421049394
83 79.30827652397895
84 58.483186345395865
85 84.0269618449728
86 41.88623597663779
87 67.55339090608504
88 74.27193975955066
89 86.61057532626005
90 51.188015608799674
91 45.40795770029529
92 30.214648326230723
93 29.96577699942515
94 41.909293296179484
95 110.9366972229798
96 80.34000234652231
97 59.3089135733514
98 107.1463516659237
99 72.43626186077645
0 1
0 8
0 24
0 26
0 34
0 36
0 37
0 42
0 46
0 57
0 61
0 62
0 69
0 76
0 83
0 87
0 91
0 96
0 97
1 2
1 6
1 10
1 22
1 23
1 40
1 41
1 47
1 58
1 63
1 85
2 3
2 19
2 22
2 23
2 31
2 40
2 42
2 46
2 51
2 57
2 61
2 80
2 83
2 91
2 95
3 4
3 10
3 21
3 22
3 44
3 49
3 60
3 61
3 79
3 91
3 99
4 5
4 8
4 14
4 17
4 23
4 39
4 48
4 50
4 72
4 91
5 6
5 7
5 17
5 25
5 26
5 52
5 55
5 60
5 61
5 66
5 68
5 95
6 7
6 8
6 14
6 16
6 17
6 27
6 30
6 39
6 42
6 45
6 46
6 55
6 59
6 61
6 66
6 68
6 73
6 75
6 80
6 84
7 8
7 11
7 34
7 36
7 40
7 64
7 66
7 74
7 84
7 92
8 9
8 11
8 21
8 27
8 36
8 38
8 41
8 52
8 53
8 54
8 66
8 67
8 85
8 87
8 89
8 90
8 93
9 10
9 12
9 18
9 29
9 37
9 40
9 55
9 56
9 58
9 61
9 83
9 86
9 94
10 11
10 19
10 29
10 34
10 38
10 43
10 47
10 52
10 59
10 64
10 83
10 86
10 92
10 94
10 97
10 98
11 12
11 19
11 22
11 27
11 39
11 44
11 56
11 60
11 74
11 76
11 87
11 88
11 92
12 13
12 16
12 18
12 28
12 30
12 42
12 59
12 64
12 73
12 74
12 86
12 89
12 92
12 95
12 97
13 14
13 24
13 26
13 37
13 43
13 47
13 50
13 58
13 67
13 71
13 78
13 88
13 96
14 15
14 17
14 23
14 24
14 27
14 28
14 29
14 38
14 39
14 40
14 41
14 42
14 47
14 49
14 56
14 64
14 68
14 69
14 71
14 76
14 86
14 99
15 16
15 19
15 24
15 25
15 38
15 41
15 42
15 52
15 61
15 66
15 71
15 88
15 90
15 98
15 99
16 17
16 18
16 21
16 30
16 31
16 32
16 37
16 52
16 54
16 65
16 72
16 73
16 77
16 84
16 92
16 96
17 18
17 21
17 27
17 35
17 39
17 42
17 51
17 53
17 62
17 68
17 69
17 70
17 72
18 19
18 21
18 25
18 31
18 38
18 46
18 55
18 56
18 58
18 61
18 67
18 70
18 76
18 93
19 20
19 27
19 59
19 61
19 75
19 82
20 21
20 30
20 55
20 58
20 65
20 69
20 70
20 76
20 79
20 82
20 83
20 84
20 93
21 22
21 24
21 31
21 41
21 47
21 58
21 63
21 65
21 67
21 68
21 74
21 81
21 83
21 84
21 89
21 90
21 96
21 99
22 23
22 26
22 45
22 49
22 68
22 70
22 82
22 84
22 91
22 97
23 24
23 28
23 31
23 38
23 44
23 52
23 56
23 68
23 70
23 75
23 78
23 89
23 90
23 96
23 97
24 25
24 35
24 38
24 39
24 48
24 54
24 57
24 61
24 62
24 63
24 67
24 76
24 81
24 84
24 92
24 97
24 99
25 26
25 30
25 32
25 37
25 51
25 66
25 86
25 90
26 27
26 28
26 36
26 52
26 53
26 62
26 63
26 74
26 85
26 89
26 92
27 28
27 39
27 55
27 71
27 91
27 94
28 29
28 39
28 57
28 58
28 73
28 75
28 76
28 78
28 82
28 96
28 97
29 30
29 38
29 45
29 55
29 59
29 93
29 94
30 31
30 32
30 35
30 42
30 51
30 58
30 59
30 62
30 68
30 69
30 78
30 99
31 32
31 33
31 35
31 43
31 44
31 56
31 63
31 70
31 89
31 91
31 93
31 98
32 33
32 52
32 53
32 62
32 63
32 96
32 99
33 34
33 37
33 39
33 52
33 58
33 59
33 64
33 66
33 72
33 82
33 84
33 90
33 91
34 35
34 44
34 45
34 47
34 58
34 64
34 84
34 87
34 90
34 96
34 99
35 36
35 37
35 47
35 62
35 69
35 93
35 95
36 37
36 40
36 54
36 58
36 60
36 66
36 71
36 74
36 81
36 82
36 83
37 38
37 50
37 51
37 58
37 69
37 95
38 39
38 49
38 56
38 65
38 67
38 71
38 73
38 84
38 92
38 97
39 40
39 42
39 43
39 45
39 80
39 96
39 97
40 41
40 42
40 45
40 57
40 58
40 62
40 65
40 72
40 79
40 86
40 88
40 90
40 93
40 95
40 96
41 42
41 46
41 51
41 57
41 71
41 76
41 80
41 82
41 90
42 43
42 55
42 57
42 65
42 75
42 78
42 84
42 86
42 87
42 94
42 96
43 44
43 46
43 47
43 54
43 65
43 72
43 80
43 81
43 90
43 92
44 45
44 50
44 53
44 62
44 71
44 75
44 76
44 81
44 85
44 98
45 46
45 50
45 60
45 65
45 83
46 47
46 48
46 57
46 65
46 72
47 48
47 55
47 85
47 99
48 49
48 55
48 57
48 68
48 71
48 92
49 50
49 54
49 56
49 63
49 64
49 66
49 81
49 82
49 93
49 95
50 51
50 52
50 62
50 66
50 73
50 83
50 84
50 90
50 93
50 99
51 52
51 55
51 62
51 64
51 66
51 71
51 75
51 78
51 79
51 85
52 53
52 55
52 56
52 57
52 58
52 64
52 65
52 74
52 82
52 85
52 86
52 89
52 97
53 54
53 89
54 55
54 74
54 83
54 98
55 56
55 62
55 72
55 74
55 80
55 82
55 92
55 94
56 57
56 80
56 90
57 58
57 61
57 64
57 70
57 74
57 81
57 90
58 59
58 60
58 86
58 87
58 90
58 92
58 93
59 60
59 62
59 70
59 74
59 88
59 90
59 91
59 99
60 61
60 64
60 70
60 72
60 77
60 94
61 62
61 64
61 70
61 86
61 88
61 89
61 95
62 63
62 69
62 72
62 74
62 82
62 83
63 64
63 70
63 71
63 72
63 78
63 80
63 90
63 99
64 65
64 71
64 75
64 76
64 89
64 92
64 95
65 66
65 68
65 70
65 90
66 67
66 68
66 70
66 72
66 99
67 68
67 70
67 78
67 82
67 85
67 86
67 87
67 91
67 99
68 69
68 71
68 78
68 88
68 91
68 94
68 99
69 70
69 75
69 82
69 99
70 71
70 78
70 81
70 82
70 88
70 90
70 94
71 72
71 77
71 87
71 93
72 73
72 78
72 84
73 74
73 78
73 80
73 82
73 89
73 91
74 75
74 77
74 89
74 94
74 98
75 76
75 93
76 77
76 79
76 82
76 84
76 86
76 88
76 91
76 94
76 96
77 78
77 86
77 88
77 90
77 95
78 79
78 81
78 82
78 88
78 89
79 80
79 97
79 98
80 81
80 84
80 85
80 95
80 98
81 82
81 85
81 87
82 83
82 92
83 84
83 92
84 85
84 86
85 86
85 95
86 87
86 89
86 90
86 93
87 88
88 89
88 95
89 90
89 92
89 97
90 91
91 92
91 96
92 93
93 94
93 98
94 95
95 96
95 97
96 97
97 98
98 99
