0 116.20978281782678
1 96.05000774097854
2 39.936385458735515
3 71.35463448390041
4 99.82727517566494
5 101.05591592599096
6 94.71625729741379
7 78.16823897834372
8 53.918815040307514
9 65.33925101917546
10 50.43010773412045
11 33.75141958552607
12 25.717187859487794
13 109.94591139058099
14 111.89301622246009
15 104.53944038752893
16 32.995329459582905
17 64.75245415927523
18 47.89824181380983
19 37.52525168782216
20 44.406303229658775
21 43.27106643913075
22 65.22981549771222
23 72.56832889572743
24 101.2891409550567
25 23.957180684537466
26 112.1796211796362
27 84.16909020681875
28 65.24535175097024
29 110.33720679204566
30 37.71947937116633
31 43.82522700152417
32 116.5135387674881
33 68.15281456313868
34 99.76391113106695
35 109.02769575620209
36 47.01730011933293
37 66.72207526115284
38 111.36938102357239
39 113.02048879967795
40 88.93413081278297
41 83.84669590237253
42 37.25103394336436
43 50.63977246525193
44 94.73080800188468
45 68.84846818079637
46 104.65804148863954
47 29.864330075994125
48 37.833325904350914
49 96.69695322170892
50 72.43386031011792
51 86.1506585341275
52 34.44713226655081
53 87.69437690437319
54 109.99784937481382
55 37.19253659311312
56 96.5160742565191
57 111.81256480691783
58 74.01984900306195
59 89.43619410685936
60 113.40611192579867
61 44.530669289953856
62 34.719502296477216
63 94.49867461843007
64 25.622498934951793
65 91.90135636357877
66 96.00720082556352
67 93.57841677655853
68 97.71684504011598
69 56.57702081474855
70 74.09379066645572
71 81.01339086498635
72 119.51302298034754
73 73.65650248991105
74 47.73118718600976
75 64.33365792384575
76 64.87868559054931
77 105.4666697301398
78 69.90637616669207
79 97.4714892264836
80 115.49164647804615
81 47.772190758471616
82 35.596272266602305
83 116.23372820097352
84 113.39819764286388
85 66.4106336264099
86 33.101171392867286
87 110.70735881127419
88 40.63297159429521
89 52.97905392461672
90 67.5096526059425
91 27.960755676888688
92 36.767667245513486
93 60.952014718007405
94 34.007930521517
95 110.21940116840113
96 55.97862165616984
97 59.49000446435835
98 36.03183083574106
99 38.63635228972136
0 1
0 45
0 48
1 2
1 48
1 83
2 3
2 35
2 63
3 4
3 8
3 45
4 5
4 83
4 84
5 6
5 16
5 71
6 7
6 35
6 45
6 84
7 8
7 41
7 42
8 9
8 34
8 78
8 98
9 10
9 34
10 11
11 12
11 13
11 21
11 42
11 75
12 13
12 34
13 14
13 16
13 24
13 76
14 15
14 46
15 16
15 28
15 38
15 40
15 41
16 17
17 18
17 85
18 19
18 25
18 91
19 20
19 77
19 79
20 21
20 69
21 22
21 76
21 91
22 23
22 39
22 43
22 60
23 24
23 89
24 25
25 26
26 27
27 28
27 29
27 91
28 29
28 39
28 69
29 30
29 31
29 49
30 31
31 32
31 87
31 93
32 33
32 63
33 34
33 42
33 49
33 73
33 96
34 35
35 36
36 37
36 54
37 38
37 69
38 39
38 46
38 87
39 40
40 41
41 42
42 43
43 44
43 65
43 80
44 45
44 96
45 46
45 87
46 47
46 69
47 48
48 49
49 50
49 59
50 51
50 74
51 52
52 53
52 63
52 76
53 54
54 55
55 56
55 57
55 75
56 57
56 65
56 68
56 74
56 95
57 58
58 59
58 66
59 60
60 61
60 79
60 85
61 62
61 78
62 63
62 88
62 98
63 64
63 97
64 65
65 66
66 67
66 69
66 71
67 68
68 69
68 79
69 70
70 71
70 87
71 72
72 73
72 82
73 74
74 75
75 76
75 87
76 77
76 91
76 95
77 78
78 79
78 84
79 80
80 81
80 93
81 82
82 83
83 84
84 85
85 86
85 95
86 87
87 88
88 89
89 90
89 98
90 91
91 92
91 99
92 93
93 94
93 95
94 95
94 96
95 96
96 97
97 98
97 99
98 99
