0 83.6292092452962
1 72.01184365000765
2 21.139577129344836
3 79.68834937797669
4 110.82629585192713
5 37.92094462514834
6 94.38976121606188
7 53.62657979257132
8 30.03322091539204
9 84.55657546350415
10 70.96812214337236
11 78.50934441908265
12 25.721773315799755
13 25.10615769916807
14 83.3516995478757
15 43.217890622272535
16 82.8383545435026
17 113.1814089231026
18 31.30068024611558
19 81.17896172974206
20 70.9795398410196
21 39.4513058712507
22 27.447968532505644
23 35.31675157574398
24 60.08172455757612
25 113.27804527825917
26 75.86919343258673
27 115.88289313927156
28 56.12885369969442
29 92.5914611890385
30 106.17039551410896
31 112.886333807915
32 45.47995388993654
33 85.4912937360964
34 62.29077133557296
35 24.161252865711397
36 114.64077727718104
37 110.44560554886655
38 50.00302880991315
39 112.5526704651134
40 68.6515811855614
41 68.45749753129886
42 80.00403823346045
43 111.26574781425566
44 105.73567596752935
45 50.20128391122651
46 104.52365280507637
47 55.11622549960178
48 118.4510584335919
49 73.88306277951875
50 34.53970290834997
51 27.235811956871093
52 82.31010356886648
53 25.459657517318515
54 41.97233263819144
55 75.72777505218883
56 61.67992642574646
57 51.8536954459226
58 96.64099435809366
59 72.83437541044796
60 109.74869380615456
61 39.93158423127149
62 61.30262049145636
63 60.36920589635627
64 64.44082883352908
65 99.26498342547809
66 69.74955309423092
67 49.48387065801501
68 45.38668841209637
69 55.07534158421086
70 42.731070773224914
71 20.279893924400564
72 38.39996795412302
73 49.26492236108977
74 54.372448596601515
75 97.34311002251681
76 113.38872809914484
77 42.066644231669784
78 47.800649268302564
79 60.96923364141762
80 59.22362342878358
81 104.59905870402751
82 112.84591489178814
83 90.66565993448505
84 34.80952120717125
85 93.49153936302683
86 80.97369322945607
87 27.45601219500971
88 29.45439286297574
89 102.74882405584061
90 63.01143682820516
91 84.5803289667673
92 97.60202604550292
93 95.15283847998818
94 53.77004846369509
95 32.37517580974298
96 83.09271679248297
97 25.753705238937137
98 54.319822973411384
99 32.434403373283175
0 1
0 21
0 25
0 27
0 34
0 39
0 60
0 67
0 82
0 87
0 95
1 2
1 10
1 14
1 25
1 27
1 39
1 73
1 90
1 91
2 3
2 51
2 53
2 66
2 86
2 95
3 4
3 17
3 22
3 30
3 31
3 40
3 42
3 59
3 66
4 5
4 32
4 38
4 42
4 47
4 58
4 64
4 77
4 79
4 81
5 6
5 14
5 28
5 49
5 55
5 62
5 70
5 89
5 98
6 7
6 13
6 34
6 46
6 49
6 55
6 56
6 57
6 80
6 84
6 87
6 97
7 8
7 13
7 43
7 45
7 59
7 71
7 86
7 95
7 98
8 9
8 32
8 47
8 51
8 52
8 68
8 71
8 75
8 76
8 80
8 90
8 98
8 99
9 10
9 36
9 49
9 58
9 60
9 62
9 70
10 11
10 12
10 19
10 21
10 38
10 65
10 67
10 71
10 90
10 93
10 97
11 12
11 17
11 24
11 29
11 70
11 93
12 13
12 21
12 42
12 50
12 57
12 59
12 63
12 68
12 79
12 95
13 14
13 15
13 32
13 44
13 46
13 60
13 66
13 68
13 73
13 82
14 15
14 23
14 24
14 33
14 34
14 45
14 57
14 63
14 64
14 84
14 93
15 16
15 30
15 31
15 46
15 49
15 53
15 55
15 75
15 78
15 88
15 96
15 98
15 99
16 17
16 38
16 40
16 49
16 59
16 71
16 89
17 18
17 27
17 32
17 66
17 76
17 80
17 86
17 99
18 19
18 21
18 32
18 45
18 51
18 55
19 20
19 29
19 30
19 39
19 57
19 73
20 21
20 28
20 36
20 44
20 75
20 80
20 84
20 86
20 88
21 22
21 33
21 43
21 50
21 82
21 84
21 92
21 99
22 23
22 35
22 48
22 49
22 53
22 56
22 62
22 69
22 77
22 79
22 93
22 98
23 24
23 69
23 75
24 25
24 26
24 37
24 44
24 67
24 76
24 78
25 26
25 43
25 44
25 47
25 50
25 73
25 76
26 27
26 30
26 32
26 33
26 41
26 44
26 74
26 96
27 28
27 37
27 39
27 42
27 46
27 61
27 65
27 71
27 87
27 88
27 95
27 99
28 29
28 37
28 47
28 55
28 72
28 90
28 92
28 94
29 30
29 35
29 40
29 45
29 51
29 52
29 68
29 94
29 98
30 31
30 49
30 51
30 59
30 70
31 32
31 40
31 43
31 45
31 46
31 68
31 72
31 73
31 82
31 85
31 86
32 33
32 39
32 49
32 54
32 57
32 67
32 71
32 73
32 74
32 76
32 90
33 34
33 44
33 49
33 63
33 83
34 35
34 67
34 76
34 77
34 84
34 85
35 36
35 38
35 47
35 52
35 59
35 78
35 82
35 91
36 37
36 38
36 52
36 66
36 69
36 74
36 77
36 78
36 79
36 83
37 38
37 56
37 61
37 90
37 99
38 39
38 44
38 52
38 56
38 58
38 70
38 88
38 95
39 40
39 50
39 55
39 59
39 65
39 77
39 91
39 97
40 41
40 48
40 52
40 56
40 67
40 73
40 82
40 88
40 91
41 42
41 43
41 46
41 47
41 62
41 73
41 92
41 93
41 99
42 43
42 50
42 65
42 76
42 78
42 80
43 44
43 56
43 63
43 71
43 76
43 79
43 81
43 84
43 86
44 45
44 57
44 63
44 74
44 92
44 93
44 96
45 46
45 52
45 55
45 61
45 82
46 47
46 60
46 69
46 73
46 74
46 77
46 81
47 48
47 61
47 70
48 49
48 61
48 73
48 87
49 50
49 85
49 99
50 51
50 56
50 63
50 73
50 80
50 84
50 85
50 90
51 52
51 59
51 60
51 75
51 79
51 84
51 91
52 53
52 59
52 76
52 96
52 97
52 99
53 54
53 61
53 74
53 76
54 55
54 68
54 99
55 56
55 61
55 68
55 81
55 86
55 99
56 57
56 61
56 62
56 63
56 73
56 83
56 92
57 58
57 72
57 90
57 97
58 59
58 66
58 75
58 92
58 96
59 60
59 75
59 86
59 92
59 93
60 61
60 67
60 69
60 71
60 75
60 76
60 83
60 95
61 62
61 67
61 81
61 82
61 83
62 63
62 68
62 69
62 87
62 89
62 95
63 64
63 68
63 77
63 80
64 65
64 68
64 70
64 87
64 88
64 89
64 95
64 98
65 66
65 82
65 83
65 93
65 98
66 67
66 73
66 76
66 80
66 91
66 94
66 95
66 96
67 68
67 91
67 96
68 69
68 79
68 80
68 88
69 70
69 72
69 82
70 71
70 74
70 98
71 72
71 80
71 85
71 88
71 92
71 95
72 73
72 74
72 82
72 92
72 97
73 74
73 79
73 86
74 75
74 84
74 86
74 88
74 91
75 76
75 80
75 82
75 87
76 77
76 85
76 87
76 95
76 98
77 78
77 84
77 90
77 92
77 96
77 97
77 98
78 79
78 93
78 99
79 80
79 81
79 87
79 88
80 81
81 82
81 92
81 98
82 83
82 88
82 97
82 99
83 84
83 89
83 93
84 85
84 88
85 86
85 88
85 98
85 99
86 87
86 88
86 89
86 91
87 88
88 89
88 96
89 90
90 91
90 92
90 97
91 92
91 97
91 99
92 93
92 97
93 94
94 95
95 96
95 97
96 97
97 98
97 99
98 99
