0 102.50650093646345
1 118.25690852022592
2 111.53125368059169
3 77.25218694257431
4 82.76005749381895
5 98.9606659536804
6 54.36485820469055
7 62.02444278149804
8 37.18741971947925
9 69.17326742070964
10 26.602933132330378
11 98.69485091549714
12 41.81534380855985
13 70.83515907241532
14 37.912584857796666
15 78.68601619143723
16 110.9614068603295
17 79.00699496062384
18 112.37529074932876
19 55.17397196485661
20 115.21751546031723
21 96.67671676279556
22 68.04004731225362
23 20.993883633551352
24 118.90525331991134
25 42.00977493382512
26 57.5514565856071
27 51.21945924615268
28 72.96803286048495
29 74.6764588599222
30 49.22588758860857
31 39.911315304761324
32 68.112668219276
33 86.8941392295045
34 73.35908187491209
35 78.59594049644741
36 99.98564742785365
37 66.95112019566392
38 32.08362814818349
39 95.22829903481839
40 23.26704202043937
41 28.2327877470732
42 72.7550023427903
43 96.7075334710623
44 74.78765604884774
45 85.1495245158398
46 54.629919974214936
47 35.45665679330905
48 27.122635729658278
49 48.869881106161486
50 96.51098520702908
51 51.14346106569015
52 93.58745940705906
53 110.39134461510676
54 79.06671814835192
55 22.31135169258042
56 43.15987554151562
57 76.23491856141386
58 89.69623229988817
59 99.50518036873596
60 99.57397787187232
61 22.92875905032499
62 40.09299123203195
63 81.41857470633637
64 92.68031797574383
65 40.44982433510509
66 57.07220184948086
67 38.6556277158897
68 102.1385743759369
69 41.92162808663256
70 45.76159199641002
71 85.8912960636163
72 83.60694778879383
73 27.119873403711864
74 50.9154399801791
75 52.53118964204257
76 95.81514153435053
77 100.71682978438297
78 96.89692933797326
79 104.41284744110737
80 53.25542214085302
81 62.69909410756766
82 69.78399713538872
83 24.6570696028327
84 113.69890930305233
85 108.02236472507381
86 116.08905327729677
87 70.46919085623745
88 72.34189275293906
89 95.3207301909617
90 71.74308248460798
91 84.50663577401635
92 75.10966991736743
93 70.36686208878163
94 102.27977723185454
95 54.37051414474756
96 82.49300537866992
97 58.98344956069973
98 30.565563555612226
99 81.845378822757
0 1
0 50
0 53
0 74
0 96
1 2
1 6
1 18
1 34
1 48
1 69
1 74
1 77
1 86
2 3
2 16
2 40
2 52
3 4
3 16
3 26
3 35
3 42
3 79
3 88
3 93
4 5
4 6
4 24
4 26
4 57
5 6
5 44
5 56
5 74
5 87
5 92
6 7
6 20
6 23
6 68
6 79
6 80
7 8
7 17
7 35
7 44
7 49
7 99
8 9
8 31
8 55
8 80
9 10
9 18
9 19
9 25
9 28
9 36
9 39
9 47
9 64
9 67
9 85
10 11
10 16
10 21
10 28
10 31
10 58
10 61
10 69
10 79
10 88
10 96
10 99
11 12
11 39
11 40
11 45
11 88
12 13
12 41
12 51
12 73
12 97
12 98
13 14
13 24
13 41
13 58
13 66
13 83
13 84
14 15
14 35
14 38
14 69
14 72
15 16
15 28
15 32
15 41
15 44
15 45
15 63
15 76
15 81
16 17
16 32
16 37
16 45
16 65
16 68
16 69
16 77
17 18
17 38
17 54
17 61
17 65
17 71
17 93
17 94
18 19
18 21
18 43
18 46
19 20
19 49
19 85
19 91
19 97
19 98
20 21
20 39
20 46
20 65
20 66
21 22
21 25
21 34
21 67
21 70
21 77
21 84
21 87
21 88
22 23
22 39
22 50
22 51
22 62
22 84
22 96
23 24
23 47
23 52
23 67
23 79
23 93
24 25
24 69
24 83
24 84
25 26
25 41
25 60
25 66
25 89
25 94
25 96
26 27
26 37
26 48
26 53
26 58
26 60
26 71
26 77
26 92
27 28
27 35
28 29
28 60
28 72
29 30
29 31
29 43
29 44
29 57
29 69
29 78
29 96
29 97
30 31
30 33
30 37
30 70
30 82
30 84
30 88
31 32
31 49
31 84
32 33
32 44
32 53
32 59
32 84
33 34
33 61
33 68
33 83
34 35
34 39
34 40
34 49
34 75
35 36
35 54
35 61
35 62
35 70
35 77
35 80
36 37
36 38
36 42
36 50
37 38
37 76
37 81
37 87
37 90
37 91
38 39
38 46
38 54
38 76
38 88
38 93
39 40
39 41
39 72
40 41
40 98
41 42
41 48
41 66
41 77
41 88
42 43
42 44
42 71
42 95
43 44
44 45
44 59
44 69
44 76
44 89
45 46
45 61
45 71
45 77
46 47
46 48
46 56
46 63
46 76
46 81
46 86
47 48
47 67
47 73
47 98
48 49
48 81
48 98
49 50
49 62
49 68
49 95
50 51
51 52
51 60
51 67
51 72
52 53
52 60
52 84
52 86
53 54
53 73
53 91
54 55
54 72
54 76
54 83
55 56
55 66
55 86
56 57
56 90
57 58
57 76
57 83
58 59
59 60
59 77
59 92
60 61
60 83
61 62
61 68
61 71
61 81
61 96
62 63
62 67
63 64
64 65
64 71
64 77
64 91
65 66
66 67
66 73
66 81
66 88
66 90
66 92
67 68
67 69
67 70
67 75
67 87
68 69
68 92
68 95
68 96
68 99
69 70
69 81
69 98
70 71
70 84
71 72
71 74
71 82
71 91
72 73
72 74
72 76
72 89
73 74
73 87
73 90
74 75
74 93
74 98
74 99
75 76
75 98
76 77
76 83
76 86
77 78
77 88
77 96
78 79
78 83
79 80
79 94
80 81
81 82
81 93
82 83
82 93
83 84
84 85
84 89
85 86
86 87
87 88
87 92
88 89
89 90
89 92
90 91
91 92
92 93
93 94
94 95
95 96
96 97
96 99
97 98
98 99
