0 76.08488264159395
1 65.18950431691493
2 66.61328817426778
3 53.63520966789119
4 28.459762001913305
5 88.41266085032878
6 69.85084681951875
7 26.227021326121772
8 84.37879405941786
9 66.0224135282204
10 100.74746181315834
11 94.24524490999639
12 117.95707950603679
13 34.0787543992312
14 108.13501496026213
15 30.653914526789414
16 30.719081236791688
17 100.15588401284658
18 112.71715668811103
19 31.655696411993393
20 76.0245722461821
21 107.28244093997218
22 26.564068552022917
23 38.95355062663306
24 105.16980922473161
25 62.3036929111258
26 57.076904115191454
27 73.76252762760942
28 27.574193634344006
29 102.05737899773423
30 84.36542670743528
31 116.9497444190745
32 102.56032168592982
33 56.008843851426064
34 102.64245818429417
35 93.9969942303461
36 83.45807776922807
37 52.3700169778385
38 46.023946259881086
39 100.92185276368062
40 116.1109676475551
41 106.23064000356557
42 77.03358834176505
43 37.859558973799494
44 53.33559959908777
45 22.85913108291076
46 102.14613030274819
47 100.6993467286632
48 84.48291441648459
49 47.08433125428486
50 92.86359242515947
51 117.98529151807739
52 94.97232402922391
53 90.54826064671575
54 33.103858705770165
55 110.23320154014326
56 64.51765939261284
57 72.62400342128501
58 84.09117315376601
59 91.88139403733523
60 84.73647403239188
61 117.92166204877492
62 56.47330987537375
63 32.28471330196878
64 26.931844947715703
65 63.559269016392285
66 106.05028270803508
67 41.47746101342655
68 119.0585377620788
69 42.754435528966354
70 24.28464654094103
71 48.87236970379843
72 97.23304349475383
73 27.796450571157887
74 77.6735821268322
75 98.62912669667652
76 81.61961119928374
77 35.08740061768057
78 61.09813557897102
79 94.11740230769138
80 89.122107229339
81 117.69483913225297
82 69.42511494024899
83 85.71567958150997
84 36.03415370223308
85 96.7373931271821
86 58.922308184660324
87 111.1286528463223
88 102.64769825924114
89 111.92865859026482
90 65.45785741311104
91 65.4723219648585
92 28.792732873097012
93 103.7335691055056
94 69.98977303341672
95 99.56735802626191
96 84.37867332487221
97 74.84539370011795
98 53.51171277941906
99 119.19765915048451
0 1
0 28
0 42
0 45
1 2
1 30
1 32
1 72
1 87
1 99
2 3
2 44
2 72
3 4
3 9
3 18
3 38
3 60
3 67
3 74
4 5
4 6
4 8
4 16
4 38
4 47
4 73
4 74
4 80
4 83
4 98
5 6
5 37
5 60
6 7
6 8
6 9
6 96
6 99
7 8
7 12
7 14
7 30
7 40
7 41
7 47
7 49
7 79
7 83
7 84
7 89
8 9
8 11
8 30
8 33
8 35
8 36
8 55
8 73
8 99
9 10
9 32
9 36
9 44
9 64
9 76
10 11
10 16
10 21
10 45
10 47
10 67
10 99
11 12
12 13
12 16
12 17
12 21
12 54
12 79
12 88
13 14
13 16
13 55
13 56
13 62
13 72
13 80
13 84
13 89
13 90
13 91
14 15
14 17
14 22
14 26
14 27
14 88
15 16
15 38
15 57
15 68
15 71
15 75
15 76
15 94
16 17
16 24
16 25
16 36
16 38
16 39
16 50
16 71
16 74
17 18
17 26
17 29
17 39
17 65
17 66
18 19
18 30
18 47
18 78
18 98
19 20
19 27
19 43
19 63
19 77
20 21
20 42
20 46
20 72
20 75
20 80
21 22
21 72
21 95
21 99
22 23
22 25
22 41
22 43
22 57
22 71
22 74
22 82
22 90
22 95
22 96
23 24
23 27
23 31
23 33
23 34
23 57
23 84
23 88
24 25
24 39
24 43
24 60
24 80
25 26
25 27
25 51
25 54
25 58
25 59
25 71
26 27
26 33
26 79
27 28
27 48
28 29
28 35
28 44
28 47
28 51
28 65
28 74
28 79
28 83
28 85
28 86
29 30
29 35
29 36
29 42
29 73
29 84
29 97
30 31
30 64
30 70
30 92
31 32
31 52
31 82
31 87
31 97
32 33
32 38
32 53
32 65
32 69
32 72
32 91
32 99
33 34
33 35
33 43
33 51
33 71
33 76
33 85
34 35
34 37
34 39
34 41
34 50
34 59
34 92
35 36
35 46
35 64
35 72
35 85
36 37
36 48
36 87
37 38
37 48
37 52
37 72
37 81
38 39
38 40
38 49
38 55
38 64
38 75
38 85
38 93
39 40
39 48
39 67
39 76
39 95
40 41
40 64
40 68
40 77
41 42
42 43
42 45
42 64
42 70
43 44
43 73
43 75
43 86
43 97
44 45
44 66
44 96
45 46
45 66
45 78
46 47
46 52
46 57
46 61
46 93
47 48
47 93
47 99
48 49
48 92
49 50
49 80
49 82
49 84
50 51
50 57
50 59
50 71
50 74
50 79
50 98
51 52
51 53
51 59
51 98
52 53
52 70
53 54
53 57
53 91
53 96
54 55
54 70
55 56
55 73
55 79
55 82
56 57
56 85
57 58
57 87
58 59
58 77
59 60
59 77
59 89
60 61
60 83
60 84
60 85
60 89
61 62
62 63
62 83
62 90
62 99
63 64
63 73
63 82
64 65
64 86
64 87
64 96
65 66
65 74
66 67
66 71
66 75
66 91
66 93
66 94
66 95
67 68
67 73
67 74
67 79
68 69
68 70
68 90
68 98
69 70
69 91
69 97
70 71
71 72
72 73
72 79
72 82
72 84
72 93
73 74
73 84
73 89
73 99
74 75
74 77
75 76
76 77
76 81
76 91
77 78
77 97
78 79
79 80
80 81
81 82
82 83
82 92
83 84
83 90
84 85
84 87
85 86
85 90
86 87
87 88
88 89
89 90
89 97
90 91
91 92
92 93
93 94
94 95
95 96
96 97
97 98
98 99
