0 54.500568821196076
1 46.33700254948048
2 34.31413145931655
3 52.166339204320636
4 74.36487572166303
5 69.9599278068716
6 77.05990635887196
7 65.92354730945455
8 20.19130614537447
9 58.255245005545056
10 91.10369054426621
11 30.475835005446893
12 80.20027651932361
13 41.362892288607156
14 57.22124169128309
15 32.32316582220832
16 105.22376740091828
17 69.1927954573699
18 39.0857256986964
19 48.890851163583534
20 42.429272852669556
21 54.510578931944366
22 25.46453551480127
23 71.81857315315662
24 119.29714365018093
25 41.31101325471487
26 64.19936048051457
27 32.57721608353122
28 31.247935424134873
29 100.43535939759009
30 101.18054500491522
31 37.887292187270354
32 50.476504402561204
33 41.20520190944406
34 103.24946015648347
35 73.29159701069423
36 65.83479003813858
37 67.78674838237463
38 87.81026099073017
39 87.23867371742446
40 84.01536030687703
41 102.06598484001623
42 103.9050563755184
43 25.162558145547422
44 70.82292698354912
45 41.00653930000108
46 109.60417969940158
47 43.29818444577573
48 87.98123775137151
49 115.77837306661114
50 68.78589431387863
51 95.35073675661974
52 85.70790186951372
53 72.38701131922622
54 46.72753710072963
55 51.64114605715474
56 44.19981226249055
57 99.09924837335771
58 118.40274799671808
59 79.97881284534765
60 118.20706067373348
61 84.65281448808827
62 115.97710629410156
63 90.26658247763875
64 28.03331485910675
65 103.05380850284091
66 32.71711560031824
67 20.721876763107343
68 57.585886372008126
69 85.70714600579025
70 69.37519302517032
71 22.601776179588033
72 65.50875005769045
73 59.69165394092821
74 56.08591734266886
75 82.44882488523757
76 88.96703939620828
77 102.1828862106732
78 107.90646628230174
79 106.12814072742276
80 21.311634469695775
81 85.34310085505307
82 75.35685321526087
83 77.3053914676522
84 74.63765427177013
85 63.43926487757845
86 32.66321063140412
87 94.51908418617089
88 96.16079543172103
89 84.51637515708067
90 105.87999026463497
91 85.62948031846693
92 93.37059522925112
93 92.64472862820743
94 80.6646797074826
95 96.1804489803801
96 37.0799393547691
97 23.576293860577106
98 45.20124487218891
99 49.08936492216236
0 1
0 8
0 11
0 20
0 25
0 26
0 31
0 32
0 36
0 40
0 44
0 45
0 51
0 53
0 60
0 64
0 71
0 77
0 81
0 91
0 92
1 2
1 17
1 20
1 26
1 36
1 38
1 39
1 50
1 55
1 61
1 62
1 69
1 77
1 80
1 85
1 88
1 94
1 96
1 97
1 99
2 3
2 14
2 26
2 28
2 32
2 35
2 39
2 52
2 57
2 60
2 76
2 81
2 89
2 90
2 91
2 94
3 4
3 6
3 7
3 18
3 22
3 24
3 30
3 34
3 50
3 59
3 69
3 75
3 84
3 86
3 91
3 96
4 5
4 6
4 7
4 14
4 16
4 18
4 21
4 35
4 51
4 56
4 58
4 60
4 64
4 65
4 73
4 82
4 85
4 91
4 93
5 6
5 11
5 22
5 38
5 42
5 50
5 57
5 58
5 64
5 65
5 78
5 84
5 89
5 95
5 98
6 7
6 9
6 11
6 15
6 18
6 23
6 35
6 38
6 39
6 40
6 43
6 47
6 58
6 72
6 80
6 89
6 94
6 98
7 8
7 11
7 12
7 14
7 19
7 42
7 50
7 64
7 69
7 72
7 74
7 79
7 97
8 9
8 15
8 16
8 21
8 33
8 38
8 44
8 49
8 56
8 67
8 68
8 71
8 77
8 94
8 99
9 10
9 11
9 12
9 22
9 24
9 27
9 33
9 34
9 60
9 66
9 69
9 71
9 75
9 76
9 87
9 90
9 96
9 98
9 99
10 11
10 16
10 18
10 22
10 26
10 31
10 32
10 33
10 36
10 40
10 54
10 60
10 63
10 64
10 65
10 67
10 79
10 89
10 93
11 12
11 13
11 19
11 21
11 24
11 26
11 32
11 34
11 44
11 53
11 63
11 72
11 85
11 88
11 92
11 95
12 13
12 19
12 25
12 45
12 52
12 57
12 71
12 85
12 86
12 99
13 14
13 20
13 27
13 36
13 41
13 43
13 46
13 58
13 61
13 65
13 71
13 79
13 81
13 99
14 15
14 34
14 39
14 52
14 59
14 61
14 68
14 69
14 70
14 79
14 84
14 90
14 92
15 16
15 24
15 25
15 26
15 27
15 39
15 44
15 48
15 58
15 73
15 86
15 87
15 89
15 91
15 94
15 95
15 96
16 17
16 33
16 43
16 45
16 47
16 48
16 49
16 53
16 56
16 57
16 64
16 68
16 74
16 78
16 80
16 83
16 84
16 88
16 91
16 95
17 18
17 26
17 31
17 49
17 52
17 55
17 57
17 69
17 71
17 83
17 84
17 85
18 19
18 23
18 28
18 42
18 45
18 49
18 51
18 52
18 55
18 60
18 61
18 67
18 68
18 69
18 70
18 74
18 79
18 99
19 20
19 22
19 26
19 29
19 41
19 44
19 47
19 50
19 51
19 59
19 62
19 68
19 69
19 70
19 71
19 83
19 87
19 91
19 94
19 98
20 21
20 24
20 26
20 28
20 29
20 32
20 35
20 36
20 41
20 42
20 45
20 46
20 47
20 52
20 54
20 56
20 66
20 78
20 79
20 89
20 92
20 94
20 96
20 98
21 22
21 26
21 33
21 39
21 43
21 44
21 53
21 55
21 57
21 64
21 67
21 68
21 71
21 74
21 77
21 79
21 94
21 95
22 23
22 25
22 27
22 50
22 55
22 60
22 76
22 84
22 87
22 88
22 91
22 93
22 95
22 97
22 98
22 99
23 24
23 30
23 37
23 46
23 48
23 52
23 57
23 60
23 69
23 74
23 76
23 78
23 91
23 94
23 97
23 98
24 25
24 27
24 28
24 47
24 51
24 54
24 61
24 62
24 63
24 71
24 72
24 78
24 82
24 84
24 92
24 93
25 26
25 37
25 42
25 47
25 49
25 52
25 56
25 71
25 79
25 81
25 91
25 99
26 27
26 35
26 44
26 48
26 49
26 53
26 69
26 70
26 72
26 73
26 74
26 75
26 97
27 28
27 32
27 33
27 35
27 38
27 44
27 45
27 46
27 70
27 73
27 79
27 81
27 98
28 29
28 32
28 46
28 56
28 63
28 65
28 66
28 73
28 82
28 84
28 86
28 91
28 98
28 99
29 30
29 37
29 42
29 43
29 47
29 49
29 53
29 63
29 64
29 76
29 80
29 81
29 86
30 31
30 34
30 40
30 44
30 45
30 53
30 73
30 76
30 80
30 85
30 87
30 95
30 97
30 98
31 32
31 35
31 37
31 52
31 55
31 56
31 68
31 76
31 84
31 87
31 89
31 94
31 98
32 33
32 34
32 35
32 38
32 39
32 50
32 61
32 67
32 77
32 94
32 95
32 96
33 34
33 36
33 39
33 40
33 44
33 52
33 61
33 69
33 70
33 73
33 77
33 78
33 81
33 83
34 35
34 40
34 41
34 47
34 48
34 60
34 67
34 70
34 77
34 78
34 87
34 90
34 95
35 36
35 37
35 41
35 43
35 55
35 58
35 67
35 68
35 69
35 72
35 78
35 81
35 92
35 94
36 37
36 40
36 43
36 48
36 49
36 59
36 65
36 79
36 81
36 91
36 92
37 38
37 40
37 43
37 62
37 69
37 70
37 80
37 81
37 87
37 92
37 96
38 39
38 40
38 44
38 47
38 49
38 55
38 57
38 61
38 65
38 68
38 74
38 77
38 80
38 84
38 87
38 88
38 90
39 40
39 43
39 59
39 60
39 61
39 63
39 64
39 69
39 78
39 80
39 82
39 86
39 87
39 88
39 98
39 99
40 41
40 45
40 50
40 56
40 58
40 66
40 70
40 79
40 87
40 88
40 90
40 93
40 94
40 96
41 42
41 53
41 54
41 58
41 61
41 62
41 63
41 80
41 88
41 89
42 43
42 46
42 55
42 67
42 72
42 74
42 76
42 84
43 44
43 46
43 51
43 64
43 69
43 72
43 85
43 91
43 94
43 99
44 45
44 53
44 59
44 65
44 66
44 68
44 71
44 78
44 84
44 94
44 98
44 99
45 46
45 52
45 56
45 57
45 63
45 64
45 66
45 78
45 82
45 84
45 86
45 88
46 47
46 55
46 56
46 60
46 78
46 83
46 88
46 91
46 94
47 48
47 51
47 60
47 61
47 63
47 76
47 84
47 86
47 91
47 92
47 93
47 98
47 99
48 49
48 54
48 57
48 60
48 65
48 75
48 87
48 89
48 91
48 97
49 50
49 53
49 55
49 62
49 63
49 64
49 68
49 72
49 79
49 86
49 87
49 91
49 93
50 51
50 64
50 67
50 70
50 79
50 86
50 98
51 52
51 57
51 66
51 72
51 80
51 81
51 82
51 84
51 87
51 92
52 53
52 57
52 62
52 65
52 67
52 81
52 82
52 88
52 94
52 98
53 54
53 55
53 57
53 60
53 62
53 69
53 80
53 91
53 98
53 99
54 55
54 56
54 60
54 64
54 66
54 68
54 70
54 71
54 72
54 78
54 84
54 86
54 88
54 96
55 56
55 58
55 70
55 78
55 80
55 81
56 57
56 59
56 60
56 63
56 65
56 67
56 72
56 80
56 89
56 91
56 92
57 58
57 62
57 63
57 78
57 81
57 83
58 59
58 67
58 74
58 80
58 82
58 88
58 90
58 95
59 60
59 63
59 68
59 71
59 82
59 86
59 90
59 92
59 95
59 96
60 61
60 64
60 65
60 67
60 73
60 79
60 84
60 86
60 91
61 62
61 64
61 66
61 67
61 68
61 72
61 96
61 98
62 63
62 75
62 77
62 81
62 88
62 90
62 91
62 92
62 93
62 97
62 98
63 64
63 71
63 82
63 87
63 99
64 65
64 70
64 79
64 82
64 84
64 87
64 94
65 66
65 69
65 79
65 81
65 83
65 84
65 87
65 94
65 98
66 67
66 68
66 70
66 95
66 97
66 99
67 68
67 76
67 87
67 88
67 90
67 95
68 69
68 81
68 92
68 96
69 70
69 71
69 72
69 77
69 82
69 83
69 85
69 88
69 89
69 96
70 71
70 85
70 92
70 95
71 72
71 75
71 76
71 82
71 86
71 88
72 73
72 75
72 77
72 97
73 74
73 76
73 84
73 97
73 99
74 75
74 78
74 83
74 84
74 88
74 89
74 96
75 76
75 92
75 93
75 97
75 99
76 77
76 78
76 81
76 87
76 91
76 96
76 97
77 78
77 84
77 92
78 79
78 84
78 85
78 91
79 80
79 81
79 87
79 92
80 81
80 96
81 82
81 87
81 88
81 93
82 83
82 88
82 95
82 99
83 84
83 85
83 93
83 94
83 95
84 85
84 88
84 90
84 96
84 99
85 86
85 92
85 97
85 99
86 87
86 93
86 96
87 88
87 91
87 94
87 96
88 89
88 90
88 98
89 90
89 96
90 91
90 92
90 95
90 96
91 92
91 99
92 93
93 94
94 95
94 96
95 96
95 98
96 97
97 98
97 99
98 99
