0 79.15096966328841
1 38.211469858734276
2 91.32509199639762
3 89.58882178266492
4 40.2751287333687
5 88.36891869943568
6 114.28231517637394
7 81.90721270175479
8 41.688280705365536
9 45.74640140218422
10 22.117843641161056
11 58.55232419942662
12 82.80230963587505
13 79.307361931943
14 35.5247904814923
15 41.54009107531883
16 69.51165347642122
17 53.37233818064618
18 32.14124008671858
19 89.95272981176987
20 53.98001846271283
21 27.92291287524182
22 75.29764796532368
23 80.49555108568077
24 37.3284602410019
25 91.14068918197056
26 49.17302023011974
27 67.47054634133562
28 117.96721262029195
29 32.436351835849656
30 99.94788987326606
31 24.220537526545154
32 59.03617053663789
33 40.1026619749977
34 99.82727414492837
35 33.03917219758456
36 117.26667283270652
37 86.72926023404068
38 96.21691038166335
39 108.60837822926332
40 22.549878808443562
41 47.64596505408372
42 81.87127998843246
43 111.21633899657452
44 22.594633400482216
45 82.91521369683144
46 23.49203781561269
47 30.325442740601865
48 110.28045407323333
49 101.77316666904775
50 116.04064123306631
51 96.5010957512627
52 32.65886195111923
53 119.92294757355117
54 87.93915720237834
55 110.27862345177078
56 40.02895433738644
57 114.71231863866949
58 68.36831376775882
59 60.236983185198774
60 71.11081445559198
61 80.9821102639111
62 42.032079633370195
63 39.364339225848596
64 86.06292055301604
65 91.25049127129653
66 59.04320368453372
67 58.742011231218136
68 52.9374827168003
69 67.90222906171435
70 37.9942522644848
71 100.6396606153745
72 65.14018762126852
73 82.18082863574836
74 98.81391859055333
75 49.306069540549785
76 117.55856978988838
77 105.03551060964394
78 88.66845531119938
79 87.05615464429073
80 97.24582648225112
81 48.25375316974122
82 118.95330483215763
83 45.696392259586986
84 50.894600854671324
85 50.81411333425655
86 114.33009849466823
87 58.8971234968691
88 75.807846604775
89 85.02294749547177
90 85.79940786032842
91 69.81170764479313
92 43.67162511665309
93 79.7524893697042
94 78.95974466876055
95 110.05882540205018
96 107.1572781308179
97 83.97673870429402
98 115.88847396802768
99 81.12569302793258
0 1
0 26
0 41
0 56
0 58
0 63
0 75
0 78
0 91
1 2
1 10
1 52
1 61
1 81
1 84
1 88
1 93
1 95
2 3
2 20
2 38
2 48
2 49
2 57
2 64
2 65
2 84
2 86
2 87
2 88
3 4
3 8
3 36
3 39
3 41
3 50
3 62
3 65
3 85
3 88
4 5
4 24
4 32
4 34
4 47
4 48
4 50
4 53
4 57
4 59
4 61
4 73
4 96
5 6
5 16
5 23
5 41
5 46
5 51
5 81
5 82
6 7
6 18
6 21
6 24
6 30
6 31
6 48
7 8
7 12
7 24
7 26
7 43
7 53
7 57
7 61
7 65
7 67
7 72
7 93
8 9
8 19
8 20
8 32
8 54
8 57
8 67
8 89
8 96
8 98
9 10
9 19
9 23
9 34
9 42
9 50
9 61
9 84
9 92
9 93
10 11
10 14
10 17
10 19
10 31
10 42
10 60
10 62
10 65
10 66
10 67
10 74
10 84
10 86
10 94
11 12
11 18
11 19
11 23
11 28
11 44
11 51
11 62
11 78
11 94
12 13
12 18
12 29
12 39
12 42
12 43
12 51
12 70
12 81
12 93
13 14
13 24
13 26
13 31
13 44
13 45
13 49
13 64
13 66
13 71
13 72
13 87
13 88
14 15
14 24
14 29
14 46
14 51
14 54
14 57
14 60
14 75
14 81
14 95
15 16
15 17
15 35
15 50
15 52
15 65
15 66
15 76
15 85
16 17
16 25
16 27
16 29
16 34
16 41
16 48
16 52
16 53
16 67
16 78
16 82
16 97
17 18
17 19
17 20
17 25
17 27
17 28
17 30
17 34
17 48
17 54
17 59
17 85
17 94
18 19
18 29
18 30
18 34
18 41
18 51
18 53
18 64
18 76
18 85
18 99
19 20
19 29
19 30
19 37
19 40
19 45
19 51
19 77
19 78
19 87
20 21
20 29
20 34
20 39
20 57
20 61
20 78
20 83
21 22
21 30
21 48
21 52
21 59
21 71
21 73
21 75
21 81
21 85
21 86
22 23
22 33
22 47
22 48
22 60
22 62
22 71
22 72
22 92
23 24
23 38
23 63
23 76
24 25
24 26
24 44
24 47
24 62
24 64
24 82
25 26
25 37
25 46
25 79
25 87
25 90
25 96
25 97
26 27
26 30
26 82
26 89
26 91
27 28
27 38
27 42
27 48
27 56
27 62
28 29
28 34
28 47
28 54
28 58
28 59
28 77
28 95
28 96
28 98
29 30
29 52
29 82
30 31
30 40
30 41
30 57
30 70
31 32
31 36
31 44
31 48
31 53
31 61
31 73
31 79
31 94
32 33
32 76
32 88
32 89
32 90
32 93
32 96
33 34
33 72
33 82
33 90
33 98
34 35
34 40
34 47
34 50
34 56
34 71
34 75
34 85
35 36
35 41
35 59
35 74
35 86
35 87
35 92
36 37
36 43
36 53
36 85
36 89
37 38
37 40
37 49
37 51
37 53
37 56
37 65
37 93
38 39
38 41
38 46
38 51
38 63
38 74
38 93
39 40
39 67
39 72
39 77
40 41
40 46
40 49
40 54
40 61
40 64
40 69
40 85
41 42
41 46
41 48
41 49
41 54
41 57
41 64
41 74
41 75
41 91
42 43
42 62
42 65
42 67
42 75
42 94
43 44
43 49
43 55
43 62
43 70
43 73
43 75
43 96
43 99
44 45
44 49
44 57
44 58
44 60
44 64
44 79
44 84
44 87
44 99
45 46
45 72
46 47
46 67
46 88
47 48
47 51
47 71
47 83
47 86
47 91
48 49
48 59
48 63
48 65
48 66
48 76
48 95
49 50
49 56
49 67
49 70
49 73
49 79
49 85
49 88
49 98
50 51
50 72
50 96
51 52
51 67
51 70
51 73
52 53
52 81
52 82
53 54
53 65
53 73
53 79
53 82
53 85
53 88
53 89
53 93
54 55
54 57
54 69
54 71
54 72
54 77
54 81
55 56
55 72
55 83
55 91
56 57
56 66
56 73
56 83
56 96
56 97
57 58
57 62
57 63
57 64
57 70
57 77
57 95
58 59
58 72
58 91
58 98
59 60
59 73
59 88
60 61
60 77
60 82
61 62
61 63
61 79
61 94
62 63
62 73
62 77
62 84
63 64
63 75
64 65
64 71
64 72
64 75
64 80
64 81
64 83
65 66
65 79
65 95
66 67
66 68
66 89
66 91
67 68
67 81
67 86
67 88
67 91
67 95
68 69
68 74
68 77
68 84
68 99
69 70
69 71
69 77
69 89
69 97
70 71
70 79
70 96
70 98
71 72
71 81
71 82
71 86
71 91
71 97
72 73
72 77
72 82
72 89
72 94
73 74
73 78
73 82
73 88
73 89
73 93
73 95
74 75
74 84
74 95
74 98
74 99
75 76
75 96
75 98
75 99
76 77
76 79
76 82
76 94
76 99
77 78
77 91
77 92
78 79
78 92
79 80
79 89
80 81
80 82
80 92
80 94
81 82
81 83
81 94
81 97
82 83
82 88
82 90
83 84
83 94
84 85
84 94
85 86
85 88
85 93
85 94
85 95
86 87
86 93
86 96
87 88
87 96
88 89
88 94
89 90
89 92
89 94
89 99
90 91
91 92
91 99
92 93
92 99
93 94
94 95
95 96
95 99
96 97
97 98
98 99
