0 50.43620431264107
1 49.29925817988945
2 110.81165574556626
3 30.724791863523297
4 22.563393988930873
5 116.02757393542656
6 54.95178208394868
7 98.53119375585896
8 39.01952410672638
9 108.45214000500543
10 48.95518101061716
11 78.49302855121957
12 50.82077484118565
13 94.1323454359761
14 101.88250254359956
15 110.56437330614715
16 57.00782746833948
17 60.89161293877718
18 97.36942993315228
19 21.508482276164635
20 58.31191802153077
21 105.58070728044005
22 66.53830741752125
23 103.12337604113475
24 47.17045425639437
25 94.47882640728099
26 75.70325380290127
27 115.12195791250822
28 101.94197636185066
29 114.8668457329486
30 87.78295223197817
31 118.96846808959133
32 79.83028270935284
33 86.62336897816175
34 84.55795867653745
35 62.35210416436276
36 57.812834104792564
37 105.13574974670694
38 43.25702111331849
39 50.48246755749945
40 53.77858387731669
41 42.38455304477739
42 45.42957037033118
43 60.020468617790016
44 71.11562013295247
45 41.75143050910914
46 58.659181599280046
47 74.21215680107932
48 49.14911385213887
49 103.91670275364584
50 72.39548525425201
51 43.67193309640395
52 69.11526871666399
53 76.15442715193197
54 88.02963446010166
55 106.26541142968848
56 60.767056996860525
57 25.399057678010056
58 60.31112349471986
59 31.671193698071882
60 78.24275830429758
61 96.64927464562318
62 62.30138355854341
63 91.45466962415043
64 65.48843821865873
65 32.590928954723054
66 99.28223454828968
67 93.86587426680394
68 111.31062050848651
69 57.76248658959026
70 28.38496605161013
71 64.07736125824638
72 102.04565846480494
73 111.15270325093287
74 50.17843504562542
75 95.20692203109397
76 115.86737588921916
77 44.81175797476915
78 26.052234435469316
79 43.22392413421469
80 66.91473944832265
81 92.87336927573048
82 40.95366090554405
83 89.71690769041405
84 99.70651327413027
85 55.32695329636527
86 74.88485234304099
87 50.50403501563074
88 54.71992805755373
89 33.945143576789434
90 68.53910860307899
91 65.19684068316519
92 74.54563270908565
93 103.96353815438847
94 68.55310677162181
95 63.08167904322148
96 96.69128892463141
97 104.42584277001151
98 116.07431986419572
99 64.06214948493434
0 1
0 10
0 13
0 14
0 21
0 23
0 25
0 27
0 30
0 35
0 43
0 50
0 51
0 54
0 57
0 58
0 82
0 83
0 87
0 88
0 91
0 96
1 2
1 8
1 10
1 12
1 17
1 28
1 30
1 34
1 37
1 49
1 50
1 55
1 66
1 68
1 69
1 81
1 83
1 85
2 3
2 6
2 9
2 15
2 37
2 39
2 42
2 43
2 44
2 51
2 55
2 56
2 66
2 67
2 68
2 75
2 81
2 88
3 4
3 16
3 19
3 25
3 29
3 32
3 40
3 42
3 44
3 49
3 55
3 56
3 57
3 63
3 68
3 69
3 75
3 80
3 83
3 92
4 5
4 15
4 23
4 32
4 36
4 37
4 40
4 44
4 69
4 71
4 73
4 77
4 79
4 80
4 85
4 88
4 93
5 6
5 9
5 10
5 26
5 28
5 42
5 49
5 55
5 63
5 70
5 78
5 85
5 89
5 93
5 97
6 7
6 10
6 12
6 13
6 14
6 16
6 18
6 32
6 35
6 43
6 47
6 51
6 54
6 56
6 58
6 61
6 76
6 96
6 97
7 8
7 13
7 18
7 29
7 36
7 41
7 45
7 50
7 54
7 62
7 63
7 74
7 75
7 81
7 82
7 89
7 91
8 9
8 28
8 30
8 31
8 34
8 39
8 57
8 58
8 61
8 64
8 74
8 78
8 79
8 84
8 87
8 99
9 10
9 11
9 12
9 15
9 18
9 26
9 35
9 38
9 45
9 60
9 62
9 66
9 80
9 86
9 94
9 99
10 11
10 15
10 21
10 37
10 47
10 49
10 56
10 60
10 61
10 62
10 71
10 77
10 83
10 94
10 99
11 12
11 13
11 17
11 21
11 22
11 23
11 24
11 26
11 29
11 36
11 43
11 61
11 67
11 72
11 73
11 81
11 89
11 95
12 13
12 14
12 20
12 23
12 27
12 28
12 31
12 34
12 36
12 48
12 50
12 51
12 53
12 55
12 57
12 61
12 63
12 66
12 68
12 72
12 75
12 83
12 96
13 14
13 20
13 26
13 28
13 33
13 43
13 60
13 62
13 65
13 74
13 76
13 77
13 79
13 85
13 89
13 91
13 92
13 97
14 15
14 18
14 19
14 22
14 26
14 27
14 29
14 46
14 49
14 50
14 53
14 55
14 59
14 62
14 78
14 79
14 83
14 92
15 16
15 22
15 31
15 33
15 36
15 38
15 39
15 46
15 52
15 53
15 59
15 66
15 71
15 72
15 78
15 79
15 90
15 99
16 17
16 20
16 21
16 37
16 38
16 47
16 56
16 61
16 63
16 67
16 71
16 75
16 77
16 80
16 82
16 87
16 89
16 90
16 91
16 96
16 99
17 18
17 30
17 31
17 36
17 38
17 43
17 46
17 56
17 58
17 71
17 80
18 19
18 27
18 33
18 37
18 42
18 43
18 47
18 59
18 63
18 69
18 71
18 83
18 84
18 94
19 20
19 29
19 30
19 37
19 38
19 43
19 45
19 59
19 61
19 63
19 72
19 84
19 90
19 93
19 99
20 21
20 22
20 25
20 27
20 33
20 34
20 38
20 41
20 53
20 62
20 74
20 75
20 76
20 79
20 82
20 89
21 22
21 30
21 38
21 41
21 43
21 44
21 45
21 46
21 47
21 51
21 61
21 63
21 69
21 74
21 77
21 86
21 90
21 92
21 96
22 23
22 28
22 29
22 40
22 41
22 42
22 47
22 57
22 66
22 70
22 76
22 77
22 84
22 86
22 91
22 94
22 96
22 98
23 24
23 25
23 35
23 36
23 38
23 46
23 48
23 51
23 55
23 56
23 60
23 64
23 65
23 71
23 73
23 84
23 90
23 93
23 96
23 99
24 25
24 32
24 53
24 57
24 66
24 67
24 69
24 74
24 76
24 91
24 93
24 99
25 26
25 28
25 32
25 35
25 48
25 50
25 51
25 53
25 54
25 69
25 70
25 72
25 73
25 80
25 82
25 91
25 94
25 95
25 98
25 99
26 27
26 31
26 33
26 45
26 62
26 64
26 77
26 79
26 80
26 83
26 84
26 89
26 91
26 92
26 93
26 95
26 96
27 28
27 31
27 34
27 35
27 36
27 37
27 39
27 42
27 47
27 52
27 56
27 64
27 67
27 68
27 70
27 78
27 82
27 89
27 92
28 29
28 32
28 33
28 36
28 38
28 51
28 54
28 55
28 58
28 66
28 76
28 77
28 80
28 90
28 97
28 99
29 30
29 35
29 62
29 63
29 64
29 77
29 93
30 31
30 36
30 38
30 39
30 45
30 51
30 52
30 59
30 69
30 70
30 73
30 82
30 84
30 86
30 87
31 32
31 35
31 41
31 43
31 53
31 57
31 69
31 73
31 94
31 99
32 33
32 48
32 50
32 58
32 72
32 73
32 76
32 85
32 91
33 34
33 45
33 54
33 67
33 78
34 35
34 47
34 53
34 54
34 58
34 61
34 76
35 36
35 38
35 40
35 43
35 48
35 53
35 82
35 89
35 92
35 94
35 97
36 37
36 43
36 49
36 51
36 55
36 62
36 63
36 67
36 69
36 70
36 74
36 75
36 76
36 85
36 87
36 88
37 38
37 40
37 48
37 51
37 53
37 55
37 62
37 67
37 69
37 73
37 78
37 85
37 89
37 94
37 97
37 99
38 39
38 41
38 45
38 51
38 56
38 59
38 80
38 93
39 40
39 43
39 44
39 45
39 46
39 48
39 51
39 53
39 57
39 65
39 80
39 85
39 91
39 94
40 41
40 46
40 47
40 55
40 68
40 71
40 73
40 76
40 77
40 79
40 80
40 85
40 93
40 95
40 97
41 42
41 49
41 64
41 66
41 67
41 73
41 87
41 89
41 96
42 43
42 45
42 55
42 63
42 65
42 73
42 76
42 77
42 78
42 81
42 84
42 91
43 44
43 45
43 47
43 49
43 50
43 53
43 54
43 56
43 59
43 61
43 68
43 69
43 72
43 83
43 90
43 92
44 45
44 46
44 65
44 66
44 75
44 91
45 46
45 54
45 57
45 61
45 62
45 66
45 73
45 77
45 78
45 85
45 86
45 91
46 47
46 63
46 67
46 75
46 76
46 83
46 84
46 86
46 88
46 90
46 98
47 48
47 50
47 57
47 64
47 70
47 72
47 75
47 85
47 91
48 49
48 52
48 58
48 64
48 70
48 72
48 74
48 77
48 82
48 98
49 50
49 54
49 60
49 71
49 73
49 77
49 83
49 86
49 90
49 97
49 98
50 51
50 52
50 69
50 70
50 73
50 78
50 83
50 87
50 89
50 96
50 97
51 52
51 53
51 54
51 58
51 78
52 53
52 55
52 58
52 61
52 66
52 75
52 83
52 84
52 88
52 91
52 94
52 95
52 99
53 54
53 67
53 71
53 74
53 77
53 78
53 99
54 55
54 59
54 61
54 62
54 65
54 66
54 67
54 71
54 78
54 86
54 90
55 56
55 63
55 64
55 69
55 78
55 96
55 97
56 57
56 66
56 70
56 72
56 82
56 87
56 92
57 58
57 61
57 64
57 72
57 79
57 86
57 88
57 98
58 59
58 61
58 67
58 71
58 73
58 77
58 82
58 95
59 60
59 65
59 67
59 69
59 73
59 75
59 79
59 81
60 61
60 65
60 67
60 68
60 80
60 97
61 62
61 71
61 73
61 76
61 78
61 82
61 83
61 85
61 89
61 95
62 63
62 66
62 76
62 83
62 84
62 94
62 95
63 64
63 65
63 83
63 84
63 88
63 99
64 65
64 70
64 78
64 80
64 84
64 86
64 88
64 90
64 91
65 66
65 69
65 70
65 76
65 78
65 89
65 90
65 91
65 92
65 93
65 99
66 67
66 68
66 79
66 80
66 81
66 82
66 83
66 88
66 89
66 97
66 98
67 68
67 79
67 82
67 86
67 92
67 99
68 69
68 75
68 79
68 80
68 86
68 90
68 98
69 70
69 77
69 78
69 92
69 93
69 96
69 98
70 71
70 72
70 73
70 75
70 79
70 86
70 87
70 91
70 95
70 97
71 72
71 85
71 90
72 73
72 77
72 85
72 88
72 95
72 98
73 74
73 80
73 84
73 86
73 88
73 99
74 75
74 88
74 95
75 76
75 78
75 79
75 87
75 88
75 93
76 77
76 86
76 93
76 94
76 95
76 99
77 78
77 89
78 79
78 84
78 85
78 89
78 91
78 94
78 98
78 99
79 80
79 87
80 81
80 82
80 96
80 99
81 82
81 87
81 96
82 83
82 85
82 95
82 98
83 84
83 85
83 86
83 94
84 85
84 90
84 92
84 97
84 99
85 86
85 91
86 87
86 90
86 91
86 97
87 88
87 99
88 89
88 99
89 90
89 92
89 95
89 98
90 91
90 97
91 92
91 96
92 93
92 96
93 94
94 95
94 99
95 96
95 98
96 97
97 98
98 99
