0 51.095917170823384
1 78.76005448271383
2 25.28551758991116
3 38.07459750286448
4 89.55358245384036
5 61.46758816318601
6 71.81339431393408
7 35.702240995324146
8 109.08275238155358
9 79.47884110174641
10 25.993800869748952
11 57.076827082767515
12 111.85311952723471
13 37.850697809379945
14 82.50434256190992
15 113.7896512515071
16 116.41970788751507
17 46.619454284924814
18 105.18593694141104
19 35.1117821597329
20 91.32603028003136
21 42.000243752419166
22 42.24736027440359
23 56.87464469571944
24 40.62539731765949
25 69.38998515705563
26 47.88163854672784
27 97.90030650669408
28 109.31654503459811
29 38.089025766408795
30 34.19869893609812
31 29.25791485976506
32 70.53749209936937
33 61.66055378121351
34 47.78884834147783
35 84.68923744329001
36 28.334120709899885
37 104.97572626015648
38 63.76681805639529
39 56.737543806930404
40 119.91770469015022
41 69.24642899658497
42 116.80626032596271
43 72.43059146784881
44 29.548185973053958
45 59.72642728373399
46 43.45973611872599
47 44.809790343064144
48 32.527724584029585
49 97.26560626667963
50 92.96941483581683
51 52.164097043962286
52 72.26165964295242
53 54.53090865375222
54 74.80879964214384
55 105.51854015525682
56 35.94171051508382
57 20.46146786852057
58 50.35604548693903
59 26.743731375421312
60 35.12884818981056
61 22.404337558123217
62 43.38449454611525
63 74.59408011356146
64 116.36100672803411
65 64.38116651723239
66 39.46627339445983
67 24.04887516244332
68 23.883358349351507
69 72.06499315616584
70 67.91993034241338
71 25.521787818151193
72 111.69665023048755
73 70.30034558076767
74 111.59326223958074
75 44.82072056627788
76 55.34163293066004
77 57.37863429965452
78 69.55759675811314
79 112.18140831310888
80 45.185359993564994
81 81.7848123922743
82 105.70001220564357
83 89.26452327832187
84 52.44776446286719
85 71.76014271479674
86 52.23506727202003
87 96.6974606204714
88 46.80455936927181
89 115.77980985234117
90 101.31784898779578
91 31.55837787925593
92 110.12517762336337
93 42.92307584777089
94 110.22520521010476
95 44.14150636542661
96 34.7521338672244
97 106.11749761321802
98 65.98228366243545
99 36.40909471834622
0 1
0 7
0 14
0 19
0 25
0 40
0 56
0 74
0 76
0 84
0 86
0 93
1 2
1 15
1 25
1 26
1 28
1 29
1 36
1 54
1 55
1 56
1 58
1 59
1 66
1 70
1 71
1 80
1 88
1 96
2 3
2 10
2 16
2 23
2 29
2 30
2 38
2 43
2 44
2 46
2 47
2 48
2 51
2 64
2 65
2 68
2 83
2 92
3 4
3 11
3 18
3 19
3 26
3 29
3 30
3 32
3 76
3 84
3 86
3 87
3 93
3 95
4 5
4 17
4 22
4 32
4 39
4 43
4 51
4 63
4 67
4 68
4 69
4 93
5 6
5 21
5 24
5 27
5 28
5 31
5 36
5 49
5 79
5 81
5 91
6 7
6 8
6 16
6 18
6 35
6 37
6 43
6 57
6 67
7 8
7 17
7 25
7 29
7 33
7 44
7 53
7 76
8 9
8 17
8 28
8 36
8 39
8 40
8 55
8 57
8 58
8 59
8 62
8 72
8 74
8 81
8 83
8 86
8 94
9 10
9 11
9 27
9 34
9 41
9 42
9 50
9 54
9 56
9 57
9 59
9 62
9 65
9 68
9 72
9 75
9 81
9 83
9 85
9 95
10 11
10 17
10 29
10 32
10 41
10 43
10 48
10 50
10 57
10 65
10 70
10 78
10 83
10 84
10 90
10 95
11 12
11 22
11 27
11 32
11 34
11 37
11 39
11 49
11 61
11 62
11 66
11 73
11 98
12 13
12 14
12 27
12 29
12 31
12 60
12 69
12 72
12 73
12 75
12 77
12 81
12 92
12 94
13 14
13 28
13 29
13 40
13 46
13 55
13 59
13 62
13 64
13 77
13 80
13 83
13 86
13 94
14 15
14 17
14 26
14 34
14 71
14 83
14 93
14 97
14 99
15 16
15 18
15 19
15 32
15 41
15 47
15 60
15 63
15 73
15 74
15 79
15 81
15 87
15 88
15 99
16 17
16 26
16 44
16 57
16 71
16 73
16 86
16 90
16 97
16 99
17 18
17 29
17 32
17 41
17 47
17 59
17 63
17 68
17 69
17 70
17 75
17 78
17 82
17 88
17 96
18 19
18 23
18 25
18 27
18 49
18 51
18 62
18 74
18 78
18 80
18 89
18 91
18 96
19 20
19 24
19 30
19 31
19 39
19 44
19 59
19 70
19 76
19 85
19 90
19 92
19 98
20 21
20 32
20 35
20 39
20 46
20 59
20 63
20 71
20 76
20 87
20 92
21 22
21 33
21 35
21 43
21 44
21 54
21 55
21 57
21 62
21 64
21 67
21 79
21 98
21 99
22 23
22 25
22 37
22 39
22 45
22 46
22 58
22 62
22 65
22 72
22 76
22 78
22 93
22 94
23 24
23 28
23 36
23 42
23 45
23 58
23 67
23 77
23 82
23 84
23 87
23 89
23 96
24 25
24 40
24 42
24 44
24 47
24 58
24 62
24 63
24 81
24 90
24 96
24 99
25 26
25 38
25 53
25 85
26 27
26 33
26 37
26 42
26 45
26 51
26 74
26 76
26 87
27 28
27 31
27 34
27 36
27 42
27 59
27 67
27 72
27 78
27 86
27 87
27 88
27 89
27 91
27 92
28 29
28 30
28 40
28 48
28 62
28 69
28 73
28 83
28 90
28 91
29 30
29 31
29 32
29 37
29 48
29 50
29 51
29 64
29 65
29 71
29 74
29 75
29 80
29 83
29 85
29 87
29 88
29 95
29 97
30 31
30 37
30 54
30 58
30 63
30 64
30 68
30 78
30 85
30 93
30 95
31 32
31 41
31 50
31 53
31 54
31 62
31 63
31 83
31 93
31 95
32 33
32 35
32 42
32 47
32 52
32 59
32 76
32 77
32 82
32 83
32 88
32 90
33 34
33 39
33 45
33 47
33 50
33 52
33 65
33 81
33 87
33 92
34 35
34 37
34 47
34 49
34 50
34 51
34 70
34 71
34 75
34 77
34 92
34 94
34 96
35 36
35 41
35 65
35 68
35 97
36 37
36 40
36 50
36 60
36 63
36 65
36 79
37 38
37 39
37 43
37 63
37 66
37 73
37 75
37 88
38 39
38 42
38 48
38 58
38 66
38 68
38 84
38 88
38 97
39 40
39 46
39 72
39 78
39 80
39 89
39 95
39 99
40 41
40 48
40 50
40 53
40 69
40 82
40 86
40 89
40 92
40 96
40 97
41 42
41 44
41 49
41 50
41 58
41 59
41 62
41 64
41 72
41 74
41 76
41 85
41 96
42 43
42 49
42 53
42 55
42 61
42 74
42 97
43 44
43 54
43 56
43 60
43 61
43 63
43 79
43 82
43 86
43 88
43 92
43 96
43 98
44 45
44 52
44 59
44 64
44 71
44 82
45 46
45 47
45 54
45 61
45 65
45 69
45 72
45 74
45 78
45 80
45 90
45 94
45 97
46 47
46 50
46 60
46 62
46 77
46 80
46 90
46 91
46 94
47 48
47 87
47 93
48 49
48 50
48 53
48 57
48 59
48 62
48 67
48 70
48 78
48 80
48 90
48 91
48 95
49 50
49 51
49 76
49 88
49 92
49 95
50 51
50 52
50 53
50 55
50 56
50 75
50 77
50 84
50 97
51 52
51 55
51 59
51 65
51 71
51 73
51 84
51 86
51 93
51 95
51 97
52 53
52 57
52 58
52 60
52 68
52 73
52 80
52 83
52 85
52 87
52 99
53 54
53 59
53 60
53 64
53 68
53 76
53 78
53 79
53 81
53 85
54 55
54 56
54 58
54 66
54 69
54 74
54 75
54 76
54 79
54 84
55 56
55 63
55 67
55 79
55 94
55 96
56 57
56 77
56 97
57 58
57 64
57 73
57 80
57 84
57 93
58 59
58 68
58 89
58 90
58 93
58 99
59 60
59 72
59 78
59 89
59 91
59 92
60 61
60 65
60 68
60 79
60 90
60 93
60 98
61 62
61 63
61 72
61 77
61 82
61 87
61 95
61 96
62 63
62 64
62 70
62 75
62 86
62 94
62 98
63 64
63 79
64 65
64 71
64 73
64 74
64 92
64 93
64 97
65 66
65 68
65 70
65 82
65 85
66 67
66 68
66 78
66 81
66 84
66 87
66 94
67 68
67 70
67 92
68 69
68 78
69 70
69 73
69 74
69 81
69 83
69 85
69 88
70 71
70 74
70 78
70 79
70 80
70 89
71 72
71 74
71 78
71 86
71 89
71 94
71 98
71 99
72 73
72 78
72 86
72 88
73 74
73 75
73 80
73 82
73 95
74 75
74 78
74 79
74 89
74 90
75 76
75 84
75 90
75 92
75 93
75 94
75 99
76 77
76 78
77 78
77 79
77 97
78 79
78 80
78 81
78 92
78 95
79 80
79 89
79 99
80 81
80 82
80 99
81 82
81 91
81 96
81 98
81 99
82 83
82 84
82 88
82 98
83 84
83 94
84 85
84 93
84 95
85 86
85 92
86 87
86 92
86 95
87 88
87 91
87 98
87 99
88 89
88 92
89 90
90 91
91 92
91 96
92 93
92 97
93 94
94 95
95 96
96 97
97 98
98 99
