0 88.04661358772171
1 90.25159619081192
2 99.8208098686746
3 79.56918573905565
4 28.444064525565384
5 44.696428366818324
6 21.101876713701465
7 76.72903948072579
8 79.97439503200007
9 66.59914662939562
10 70.45765115000525
11 30.87610897852203
12 82.47488828108501
13 32.050864461108056
14 74.7757086680405
15 20.71070758352806
16 91.63039497607649
17 20.25215037458959
18 27.893336459913094
19 74.61817338506565
20 88.38055188692063
21 52.48653788538137
22 73.79209664816531
23 52.944609587954346
24 62.48327101179497
25 57.59180708331877
26 106.28419169244967
27 80.90517232493535
28 31.88309450030215
29 57.34025001601819
30 26.184888866327576
31 81.83503284198477
32 75.25557975930826
33 66.01810459560772
34 39.2504103762394
35 50.43447204721977
36 48.9466468640818
37 102.4982224556009
38 48.570886585526274
39 48.72602149713488
40 31.498363324349615
41 20.22891750592543
42 93.64308716930105
43 103.63294335120224
44 89.05038707046883
45 70.81593114895466
46 115.00781850106844
47 34.40476335683674
48 83.12888556171609
49 30.25323430355778
50 78.12204555463552
51 40.55696400578757
52 48.682438575526405
53 33.3624095922936
54 73.04591690143843
55 36.55836178423945
56 54.697092323854974
57 81.62918267489684
58 117.56007312415173
59 28.19109715949996
60 22.320337728708644
61 112.37962609457546
62 30.48872482853124
63 87.32457797762585
64 116.14650733665647
65 43.117430545865304
66 109.28920205288902
67 96.78608115440247
68 43.163713355406145
69 33.84758065583128
70 41.378759359486
71 105.07721423078868
72 90.83508647233761
73 42.34063320242361
74 102.20465932697898
75 51.87673672749525
76 110.88476914893295
77 82.54575249860424
78 44.72364607407202
79 99.58672572173678
80 108.58174280657917
81 34.73951822348102
82 64.74210570085324
83 33.620451599859166
84 28.66223301660685
85 97.50147899721364
86 34.4783684563148
87 74.69671282062347
88 38.50411663880629
89 116.23625099700999
90 32.74377677126931
91 80.09683577111466
92 96.76436041106624
93 70.71596484126124
94 64.29923164809497
95 97.6568971064867
96 61.41323208225893
97 54.995698630717534
98 53.22919655266765
99 76.20917548196631
0 1
0 13
0 17
0 31
0 33
0 41
0 42
0 60
0 61
0 63
0 67
0 69
0 99
1 2
1 3
1 11
1 15
1 23
1 25
1 32
1 52
1 58
1 62
1 68
1 88
1 94
1 98
2 3
2 5
2 10
2 32
2 36
2 40
2 42
2 55
2 71
2 75
2 87
2 97
3 4
3 8
3 12
3 61
3 73
3 74
3 76
3 86
3 93
3 95
4 5
4 18
4 19
4 42
4 45
4 54
4 72
4 86
5 6
5 7
5 14
5 15
5 16
5 21
5 31
5 37
5 41
5 56
5 62
5 69
5 84
5 86
5 91
6 7
6 12
6 32
6 52
6 61
6 69
6 73
6 83
6 89
6 92
6 95
6 97
7 8
7 17
7 30
7 39
7 66
7 67
7 72
8 9
8 15
8 33
8 35
8 43
8 46
8 48
8 52
8 62
8 87
9 10
9 16
9 34
9 42
9 43
9 57
9 78
9 82
9 98
10 11
10 18
10 24
10 46
10 71
10 80
10 83
10 96
11 12
11 16
11 36
11 49
11 53
11 58
11 61
11 64
11 82
12 13
12 38
12 40
12 56
12 63
12 75
12 81
12 89
12 90
12 95
13 14
13 16
13 31
13 37
13 70
13 73
13 86
13 99
14 15
14 17
14 24
14 28
14 31
14 50
14 69
14 80
14 87
14 93
14 94
14 98
15 16
15 24
15 25
15 41
15 42
15 60
15 65
15 68
15 84
15 98
16 17
16 18
16 23
16 27
16 32
16 33
16 45
16 48
16 62
16 91
16 94
16 95
17 18
17 24
17 33
17 46
17 52
17 61
17 68
17 71
17 75
17 79
17 83
17 96
17 97
18 19
18 54
18 66
18 71
18 72
18 73
18 75
18 88
19 20
19 49
19 53
19 82
19 92
20 21
20 63
20 65
20 89
20 96
21 22
21 27
21 36
21 50
21 60
21 72
21 94
22 23
22 26
22 31
22 47
22 49
22 63
22 66
22 87
23 24
23 25
23 45
23 54
23 63
23 66
23 67
23 81
23 84
23 86
24 25
24 29
24 30
24 51
24 59
24 60
24 65
24 88
24 91
24 92
25 26
25 27
25 33
25 34
25 95
26 27
26 50
26 52
26 59
26 71
26 78
26 88
26 90
26 91
26 98
27 28
27 35
27 45
27 62
27 63
27 85
27 97
28 29
28 33
28 39
28 54
28 58
28 61
28 85
28 91
29 30
29 46
29 63
29 79
30 31
30 37
30 47
30 54
30 60
30 72
30 73
31 32
31 33
31 34
31 38
31 40
31 42
31 45
31 49
31 52
31 69
31 74
31 85
31 86
32 33
32 41
32 43
32 69
32 71
32 83
33 34
33 40
33 45
33 90
34 35
34 41
34 50
34 70
34 72
34 73
34 82
34 96
35 36
35 49
35 52
35 53
35 58
35 69
35 71
35 76
35 77
35 78
35 79
35 83
35 85
35 88
35 89
36 37
36 57
36 66
36 77
36 90
36 96
36 98
37 38
37 72
37 77
37 85
37 92
38 39
38 55
38 64
38 68
38 82
38 88
38 90
38 94
38 96
38 97
38 99
39 40
39 47
39 51
39 52
39 77
39 80
39 89
39 90
40 41
40 42
40 47
40 53
40 59
40 68
40 72
40 74
40 81
40 96
41 42
41 45
41 46
41 52
41 53
41 59
41 73
41 77
41 85
41 90
41 97
42 43
42 49
42 54
42 56
42 62
42 70
42 78
42 81
42 84
42 91
42 92
43 44
43 55
43 79
43 94
44 45
44 80
44 82
44 94
44 97
45 46
45 65
45 77
45 81
45 85
45 92
46 47
46 49
46 50
46 72
46 84
47 48
47 78
47 89
47 94
48 49
48 69
48 71
48 75
48 81
48 96
48 97
49 50
49 51
49 56
49 76
49 77
49 84
49 92
50 51
50 53
50 66
50 78
50 82
50 90
50 91
51 52
51 58
51 59
51 62
51 72
51 92
51 99
52 53
52 85
52 96
53 54
53 60
54 55
54 63
54 64
54 73
54 80
54 99
55 56
55 59
55 65
55 70
55 81
55 82
55 84
55 86
55 87
55 94
55 96
55 99
56 57
56 59
56 62
56 63
56 71
56 73
56 74
56 78
56 86
57 58
57 95
58 59
58 83
59 60
59 74
59 90
59 91
59 92
59 95
60 61
61 62
61 84
62 63
62 64
62 68
62 69
62 78
63 64
63 69
64 65
64 78
64 86
64 93
64 97
65 66
65 71
65 85
65 93
65 95
66 67
66 77
66 95
66 99
67 68
67 75
67 87
67 91
67 99
68 69
68 72
68 74
68 93
69 70
69 71
69 75
69 77
69 82
69 90
70 71
70 76
70 91
70 92
71 72
71 78
71 93
71 98
72 73
72 75
72 86
72 90
72 94
72 97
72 98
73 74
73 83
73 84
74 75
74 97
75 76
75 96
76 77
76 87
76 88
76 89
77 78
77 83
77 94
78 79
78 93
78 97
79 80
79 81
79 86
79 89
80 81
80 88
81 82
82 83
82 86
83 84
83 85
84 85
84 97
84 99
85 86
85 98
86 87
86 90
86 93
86 97
87 88
87 91
87 95
87 99
88 89
88 92
89 90
89 91
90 91
91 92
91 95
92 93
93 94
93 98
94 95
94 99
95 96
96 97
97 98
98 99
