0 29.064242244983422
1 102.75521283193225
2 41.07216369870602
3 36.178376297473065
4 88.70423230758206
5 94.0558031087106
6 63.84419785551439
7 92.31213522208313
8 75.65887234900487
9 87.31112272760127
10 111.86478487629535
11 89.61636901166605
12 110.15658269996176
13 118.08763453396598
14 58.24958394542717
15 20.165111606661995
16 69.23037154556604
17 47.38719963984968
18 88.60198204641588
19 106.40417532830949
20 82.21461422120385
21 29.30698370346097
22 33.41138482801774
23 111.36633467224665
24 72.97653225051351
25 26.713529899337427
26 58.19850959149841
27 44.595080393236685
28 65.46261478059378
29 61.164501639852524
30 23.739785460324917
31 28.965529255443762
32 80.17528822950149
33 92.0030669043089
34 91.30073042188519
35 116.34499344326865
36 88.35537546228548
37 81.36618885404789
38 88.53071925477377
39 65.914644774625
40 57.931013512401535
41 116.78963043400262
42 70.51928568635638
43 27.977545243337158
44 20.7038439351154
45 31.15877171379381
46 107.48674973294327
47 108.20731184992441
48 113.77846125912862
49 80.94581142861091
50 105.67957474267814
51 22.545522765672313
52 99.90126692936275
53 117.9903147911762
54 21.263579750219414
55 91.33491289378196
56 51.1600032756427
57 117.52145415698463
58 58.355714003173325
59 62.77927699006611
60 88.40543572682068
61 105.6867226700388
62 51.8078325056822
63 100.44996308701245
64 104.79178207758093
65 63.54331057976969
66 22.953527413786684
67 117.31269239303727
68 65.99264898307274
69 71.28470162035569
70 62.25169826015685
71 89.62736292734158
72 71.93440714301468
73 96.41649934109329
74 36.60827368948962
75 38.07740839414742
76 85.29904780653314
77 22.661871128411065
78 41.13010215264855
79 20.61419566858789
80 80.58381246719355
81 62.56840517467971
82 115.16266678978712
83 41.755832898519756
84 44.164909845996874
85 96.10460537557557
86 20.686014605239038
87 46.45866436504495
88 60.59791972675714
89 29.97562508048163
90 37.49085526909471
91 33.183662790726515
92 53.29756103654825
93 77.9542521862239
94 64.02950680754263
95 90.4088098017466
96 108.77468616831574
97 21.214605253345436
98 25.43398031568294
99 33.59245971473474
0 1
0 30
0 32
0 67
0 73
0 78
0 81
0 82
1 2
1 17
1 19
1 26
1 28
1 40
1 44
1 61
1 83
1 90
2 3
2 19
2 51
2 52
2 53
2 59
2 69
2 80
2 84
2 86
2 92
3 4
3 12
3 13
3 23
3 24
3 45
3 53
3 68
3 72
3 89
4 5
4 16
4 43
4 56
4 57
4 73
4 81
4 85
5 6
5 25
5 40
5 69
5 86
5 90
6 7
6 30
6 40
6 68
7 8
7 43
7 44
7 56
7 63
7 96
7 97
8 9
8 21
8 31
8 73
8 82
8 83
8 84
8 93
9 10
9 22
9 25
9 36
9 40
9 52
9 69
9 79
9 94
10 11
10 30
10 58
10 70
11 12
11 24
11 25
11 34
11 45
11 49
11 64
11 75
11 82
11 85
11 90
12 13
12 69
12 71
12 76
12 86
13 14
13 16
13 37
14 15
14 24
14 32
14 46
14 71
14 78
15 16
15 30
15 33
15 37
15 51
15 66
15 68
15 98
16 17
16 28
16 44
16 61
16 63
16 66
16 89
16 95
17 18
17 37
17 49
17 71
18 19
18 49
18 67
18 84
19 20
19 53
19 58
19 60
19 61
19 78
20 21
20 42
20 67
20 95
21 22
21 28
21 42
22 23
22 46
22 51
22 66
23 24
23 29
23 45
23 46
23 50
24 25
24 28
24 42
24 50
24 58
24 74
24 77
25 26
25 34
25 50
25 52
26 27
26 74
26 78
26 84
26 85
27 28
27 36
27 72
27 87
28 29
28 38
28 53
28 71
28 94
29 30
29 36
29 54
29 67
29 69
30 31
30 32
30 34
30 44
30 54
30 61
30 84
31 32
31 47
31 53
31 66
31 84
31 93
32 33
32 52
32 56
32 88
33 34
33 46
33 51
33 52
34 35
34 36
34 41
34 68
34 85
34 91
34 99
35 36
35 37
35 85
35 87
35 93
36 37
36 39
36 41
36 46
36 54
36 85
36 91
36 96
37 38
37 59
38 39
38 46
38 65
38 66
38 84
38 97
39 40
39 53
39 59
39 68
39 72
39 73
39 77
39 92
40 41
40 42
40 47
40 54
40 76
40 93
41 42
41 70
41 71
41 81
42 43
42 47
42 56
42 60
42 63
42 71
42 72
43 44
43 54
43 72
43 88
43 92
44 45
44 59
44 85
44 92
45 46
45 70
45 84
46 47
46 48
46 91
46 92
47 48
47 66
47 79
47 85
47 95
47 98
48 49
48 57
48 58
48 61
48 71
48 91
48 99
49 50
49 53
49 62
49 77
49 79
49 91
49 93
50 51
50 91
50 96
51 52
51 95
52 53
53 54
53 56
53 62
53 80
53 95
53 99
54 55
54 77
54 79
54 85
54 93
55 56
55 68
55 71
55 73
55 85
55 89
56 57
56 98
57 58
57 70
57 73
57 75
58 59
58 68
59 60
60 61
60 79
60 84
61 62
61 78
62 63
62 73
63 64
64 65
64 83
65 66
65 72
65 82
65 91
66 67
66 71
66 96
67 68
67 72
68 69
68 94
69 70
69 77
69 78
69 80
69 81
69 93
70 71
70 91
70 93
70 99
71 72
71 76
72 73
72 95
73 74
73 99
74 75
75 76
75 79
76 77
76 91
77 78
77 95
78 79
79 80
79 81
80 81
80 99
81 82
82 83
83 84
84 85
85 86
85 98
86 87
87 88
87 95
88 89
89 90
89 91
90 91
91 92
91 98
92 93
92 99
93 94
94 95
95 96
96 97
97 98
98 99
