0 55.214605654509135
1 57.86791617035695
2 38.755274176786415
3 68.4458342422561
4 39.773529791197305
5 41.043550291103685
6 68.15375284435297
7 105.6589122297011
8 88.35210652547484
9 35.2871455626603
10 114.29325600329119
11 33.79456529329184
12 41.846949061453714
13 33.4618802482821
14 85.10914797300109
15 41.007232583915666
16 95.62168521308892
17 74.2290691536262
18 117.71275192463335
19 69.9498247323242
20 44.987706103765504
21 117.01016405572962
22 70.86882956379918
23 39.03855837035966
24 74.75850746180024
25 73.04396498004203
26 111.23080419314064
27 28.054302446597084
28 105.55155915839285
29 68.61632657383575
30 39.25960697759693
31 20.61274161746745
32 95.54681020045267
33 100.2310362514503
34 38.34969959388759
35 93.78964133774248
36 110.57109403334495
37 78.30693754461524
38 46.408517918645224
39 46.06637789453987
40 117.66286209945588
41 45.927780630110654
42 42.98318072817194
43 58.76477287441396
44 27.68180488466566
45 102.23772467901418
46 117.00100528183056
47 93.26923781082975
48 111.06309218203154
49 56.26676234652489
50 30.28800571795551
51 36.58809582416585
52 37.476157148594716
53 86.28679699534035
54 20.252235144821277
55 21.184845989503224
56 44.93299950457779
57 82.240465032186
58 91.46643702941911
59 61.51411616219656
60 26.801276374292407
61 104.35125424156827
62 30.357185218313287
63 69.32583389599876
64 36.21249603674233
65 99.71480666619148
66 39.80531201188326
67 32.55518142826472
68 46.51583555277046
69 80.48778112075996
70 31.185090226724427
71 68.4947037036469
72 73.71327116933116
73 82.23196993046562
74 30.217294476695503
75 90.94891486340936
76 62.221812257864904
77 89.03786564450685
78 49.98391898106685
79 63.20060349904061
80 58.84384562686276
81 33.243168858308685
82 59.549977048672
83 43.87199824400213
84 51.48672321262267
85 51.87826492054987
86 29.860491223030486
87 71.14277112658681
88 28.95788607655904
89 109.41196409282384
90 69.92840455742945
91 72.29091396016926
92 26.071962148396047
93 76.93733311256689
94 75.80182928079428
95 30.151228348277677
96 54.34146683703459
97 91.62875732569499
98 102.3966800055564
99 85.84027811977597
100 82.68285825577136
101 107.1178415838076
102 34.003414455417406
103 107.9753982643313
104 24.854853703765748
105 85.37710778024667
106 73.12426435915367
107 112.61937597006875
108 110.75610419142615
109 73.76693054948075
110 89.26995137396584
111 75.31123884661125
112 67.24445233617547
113 57.092461821181864
114 69.44261605147287
115 36.79755451496838
116 110.80014486300878
117 73.83379319230903
118 90.2542588192202
119 67.45752455228154
120 59.140565513815226
121 38.15394973079984
122 87.97774046699051
123 21.919053072728705
124 101.80417819130909
125 114.85573529144763
126 37.299926779965276
127 84.99190537745108
128 30.756541356776896
129 53.149865321006075
130 62.1443556463488
131 82.79794527840521
132 21.23139110931083
133 96.91322249505224
134 92.65335301630081
135 108.85737308309041
136 70.30498885531244
137 54.05744591307126
138 51.267219892584585
139 93.89377998137125
140 46.11203356862002
141 25.694554561402043
142 97.81079962903186
143 30.249737875942323
144 74.14663758838822
145 66.97758549078657
146 88.59530442227837
147 47.05856250482924
148 88.75198734047326
149 75.81077646368963
150 107.76607026159134
151 20.696771353741386
152 107.68749934969973
153 83.06510675461129
154 110.47439772023745
155 96.54570320563188
156 45.57241822571675
157 48.50147238890579
158 76.92445959942397
159 92.7196137820577
160 68.0399465588352
161 50.29521519670516
162 113.94378972361658
163 54.17154723421254
164 102.59618857752753
165 92.87202495878283
166 56.44858101069083
167 26.46709033620876
168 64.46332568803618
169 47.7067586892669
170 115.02266496239962
171 22.52012658904306
172 26.096582243422954
173 84.80303264188224
174 87.80170238653969
175 62.71353959096121
176 57.59973920869545
177 48.76291943136205
178 104.9517820016301
179 79.08173718954691
180 91.92404490736199
181 82.67243862752606
182 102.25422359194854
183 87.61081155745377
184 23.520622483679002
185 105.46995802137121
186 26.656149523641997
187 49.215990257525064
188 32.02650758470365
189 104.03103954374161
190 61.118909939168766
191 59.58502141372715
192 33.59973346339255
193 109.89464320576413
194 118.69422945702169
195 30.82994892666078
196 101.67893888135517
197 92.37200552101538
198 96.48050242878767
199 53.768722933815084
200 66.2281793765061
201 114.72099079662108
202 98.9593692949134
203 58.66196435243211
204 95.93776753062377
205 68.13498238141986
206 37.18536014863052
207 24.359082546376
208 91.38711838982412
209 119.48693115250427
210 85.39903349747588
211 21.061882591701103
212 68.83575599905299
213 83.08547823542477
214 29.856704166515595
215 110.29273218392233
216 94.0937418017632
217 54.14153244039033
218 76.01750110337468
219 67.15817319437332
220 33.833006162834614
221 22.21008514938894
222 89.70116077539163
223 34.62787812833678
224 27.736181449447578
225 116.56340428867348
226 35.42762701226511
227 67.3026723830805
228 49.039675610903245
229 22.268225500057184
230 40.872153310303844
231 73.02431197623608
232 113.31295459940695
233 45.68091575447295
234 60.21729457507358
235 114.68354168216995
236 115.72604757834321
237 101.1409908153937
238 31.15581878903408
239 91.7119612795743
240 25.59257237543533
241 36.83482911845423
242 20.396203892690185
243 80.99703726934754
244 43.63559490603405
245 117.11773664104456
246 30.74507533684126
247 80.33856712545943
248 32.208947090395206
249 31.024016958010648
250 99.18859291249935
251 64.06877510281922
252 61.61662515080968
253 102.26105562099892
254 49.867413084077484
255 30.087159738188213
256 76.70819994860987
257 34.67482899428556
258 78.43754838934896
259 90.31506549059316
260 77.08817331908949
261 38.9907200611097
262 35.03210229738949
263 32.45392309276306
264 21.562527582428064
265 51.57479330021776
266 41.8864896442814
267 59.93495670624648
268 112.85573605377915
269 74.02727651374659
270 28.66240260915163
271 99.0770816249351
272 92.16672963466172
273 33.6112235804962
274 93.60350379431038
275 47.723632098334875
276 74.79249065059965
277 88.83585161474487
278 101.87839185497603
279 28.00744845581093
280 87.83301487228779
281 81.95541040508428
282 113.81410570081287
283 97.39776080967037
284 28.901623281022275
285 70.71085096586552
286 95.19607512492618
287 66.81124213903517
288 50.79973796200492
289 55.3329748127225
290 99.40807225255509
291 72.32343537777618
292 91.27535987907869
293 53.64214084131035
294 26.908369441479966
295 47.89579719248326
296 109.26967768751332
297 67.02102863845678
298 61.38599203120541
299 50.537320919659045
300 59.46638888927468
301 23.10334608273324
302 53.913595612603906
303 96.44881789078586
304 35.49346329056721
305 77.2127818214203
306 76.5111166454185
307 76.95165289749849
308 38.78722835468331
309 103.90290984064664
310 94.75710769071337
311 36.381770033238965
312 84.9138185752544
313 112.39018516756194
314 115.4321659572138
315 110.63368358147751
316 42.053216856691684
317 75.23850009788981
318 49.65168935070652
319 44.668038556737386
320 107.38619692994035
321 68.3452793709291
322 94.54271148469411
323 30.050228362457062
324 66.28472921425062
325 82.09542129904509
326 77.24231856058236
327 29.46651350856895
328 46.49147467115671
329 78.49082461209528
330 23.842749226634055
331 84.16791724612561
332 74.88423312416643
333 37.12964954908162
334 112.88096040521097
335 32.421171899004534
336 67.95629598043914
337 54.10087930216584
338 48.068101839203386
339 102.29978852522261
340 38.80385098021915
341 32.17610425657094
342 38.1769797510117
343 80.52733508485642
344 83.19673311310453
345 28.121935818565174
346 103.35325917518077
347 100.5888381571059
348 115.21898866340828
349 103.52278884085712
350 36.58881945600419
351 37.955172929230386
352 59.00082311247556
353 59.19522294145163
354 36.693300841213166
355 48.01917152901713
356 67.22372906872279
357 20.091429024744972
358 94.82257381094901
359 33.22114258428299
360 29.365691647200634
361 77.53083275585371
362 60.470509038418626
363 79.84534953163069
364 53.063560356375156
365 88.66523462656664
366 34.80304852680451
367 62.09792196633802
368 50.504805088609345
369 79.27426608215495
370 39.31130267590041
371 71.33059126946003
372 38.421071872845175
373 95.30439176650634
374 85.98297346206147
375 91.65351757453547
376 65.04103387860351
377 101.00604153403299
378 31.53912858961856
379 109.68442458364898
380 110.27028682239505
381 27.08993747807549
382 32.75597505140155
383 115.81012236858584
384 66.4011241843782
385 31.014985363281056
386 32.48891775938695
387 27.090429579385706
388 95.8151908736537
389 43.3366243846762
390 96.73892173011876
391 37.81340261174537
392 79.42721842216355
393 38.98582409381737
394 91.94873118057096
395 82.71469986108066
396 115.02812950722206
397 90.41540433534554
398 38.689291784059435
399 80.0027871594107
400 98.22102984192045
401 30.74171424064545
402 102.9942502219118
403 106.58563463004894
404 20.303683207787298
405 79.326145365141
406 89.82316872388125
407 46.27342096311301
408 47.236316970587154
409 59.68232292043277
410 84.48168322693013
411 43.23570050394154
412 101.74364338780768
413 70.16124738210449
414 47.29949498693522
415 87.62038234734264
416 56.6352727915647
417 51.55809737476104
418 104.46477820806393
419 57.995769507143784
420 61.58871826282381
421 32.600715066910865
422 93.63621365248733
423 46.155816143229
424 67.92445434147089
425 24.221331997308734
426 116.80150519535464
427 93.83268773760435
428 86.3125893302837
429 76.57937350370594
430 24.823926738409334
431 77.98957702110079
432 110.885875797489
433 108.99467610142592
434 108.21607648215267
435 91.62066551309398
436 69.89395586757564
437 72.26682302620102
438 96.90267368802353
439 80.36402691031228
440 117.81889297151523
441 105.29769325453597
442 78.08190781773358
443 111.73713679683475
444 66.78216649447344
445 103.50076440829035
446 25.76747873179856
447 73.43362033643822
448 66.10851048006981
449 25.17209827948909
450 98.19115079133506
451 119.87371223311177
452 78.07209533225497
453 23.814310999826663
454 99.96828339856789
455 112.07987015521672
456 65.13572385995666
457 109.3463147867985
458 24.776437455466763
459 24.952829634382596
460 99.4038655299889
461 109.19792713245917
462 91.26988529382004
463 28.152352100258618
464 28.545522683229635
465 21.479945810271744
466 60.05041304376498
467 82.04076275834112
468 84.10304565275442
469 26.736605670879303
470 72.73751655606765
471 28.526360740470594
472 97.88819897894726
473 52.22881754630327
474 85.52876116117936
475 98.14757955046427
476 100.07695522990106
477 63.26292477943688
478 79.1136749132055
479 99.36782832555258
480 108.64955944812569
481 89.77119547486322
482 114.40226228403465
483 103.80468312335
484 83.98270570317177
485 83.16658411348409
486 69.2518385146904
487 91.99615860359381
488 114.68568056396526
489 38.43580827553282
490 35.223568341071015
491 78.31058401784557
492 21.182581035299656
493 109.50107168128193
494 75.37271098906636
495 90.73557740337345
496 112.07783559114085
497 92.07230340353696
498 44.17430201328942
499 41.53549603908132
500 105.00240284535296
501 47.528066801232114
502 48.90856755296427
503 88.14563492905471
504 28.423206539199246
505 93.80476899406654
506 88.17809423330594
507 50.17539601677027
508 53.80850295789048
509 94.8402207145146
510 37.701394069641566
511 118.0214846566782
512 68.57702125972506
513 38.80891541246066
514 66.12519161884144
515 61.34617927096576
516 89.41892066505349
517 107.20292400318424
518 54.32038168755268
519 21.55455962404035
520 32.86171007586623
521 101.75358762638614
522 60.47427786843095
523 51.40851909514111
524 105.3644528040628
525 114.25569715839995
526 20.26445778114441
527 47.044285159465765
528 48.75875717161001
529 95.54719054171346
530 96.49709987578571
531 102.91407321365445
532 78.51517916465366
533 104.21382164447871
534 95.81543445081859
535 108.55142276402725
536 82.0988239930648
537 93.0296873023561
538 51.43154333595057
539 97.56364031005597
540 102.58810846525238
541 21.71084854850593
542 30.30741432606323
543 53.88370728952225
544 118.76578934175835
545 68.25076685187474
546 60.80879702846335
547 78.0679177789396
548 47.051521963885676
549 47.92258800509111
550 92.57810272897771
551 117.30437436193358
552 32.93034525202682
553 38.97481617019816
554 94.22019318118834
555 66.80146305273847
556 69.94170539116823
557 57.11322617175542
558 66.36760410237403
559 57.3542200761154
560 82.82873298280208
561 117.05334191203589
562 97.78938023636587
563 54.14050742099164
564 38.10763509548884
565 68.74419157099152
566 20.430367405899425
567 105.17779810707164
568 100.10230068418132
569 98.30542843156007
570 25.61544746004691
571 94.37520308679792
572 33.39927257989546
573 39.28637659628865
574 88.12588744162623
575 73.74441190978615
576 63.71345589321557
577 48.54688660568723
578 107.45260630744815
579 72.08699037594538
580 48.31509516061848
581 62.87636654554433
582 116.25379626517427
583 103.35449150675308
584 74.45365791145588
585 67.40871098791712
586 24.89208747347383
587 26.881662118141783
588 99.62447594853941
589 74.95727825386489
590 67.8989538789854
591 43.82200135929592
592 71.05909995967446
593 36.58546766756329
594 93.31185481564992
595 49.36876815740945
596 113.48053715825392
597 78.04484802318935
598 89.05217906933842
599 98.72349787908769
600 53.94964048062222
601 84.1542296212742
602 71.85974664994217
603 86.2779735189143
604 60.53911304283624
605 33.7593880570744
606 73.77224821017523
607 82.10446444950968
608 107.60670724598802
609 21.60470949882766
610 48.7357253279166
611 117.60303330586024
612 44.5994442237797
613 90.26423545185558
614 87.65476191713302
615 63.033540278086406
616 37.60568371953124
617 35.221190983878465
618 74.03879567682401
619 93.66393601390033
620 73.2822121470723
621 39.251322638276946
622 34.37354090246663
623 98.39528510573803
624 63.318500587494725
625 38.456884084725914
626 37.44425458461535
627 44.97793421604918
628 64.26057194272687
629 21.61448214893395
630 75.06013526803603
631 79.31208640833256
632 32.30200523820495
633 116.94135392455473
634 112.97689117105614
635 102.82999418898149
636 65.5597678318089
637 25.951148133234252
638 35.287110822217485
639 41.58584292064083
640 47.3877479104055
641 22.761611878371607
642 118.14575288828934
643 93.43336331713326
644 93.44099159345554
645 49.03301012575036
646 59.42071379424862
647 115.55004974462783
648 22.488810191353252
649 99.65753427230963
650 59.706112638234025
651 93.5708337841477
652 116.38509282284497
653 112.38632693821087
654 97.10854549436962
655 115.72291067654469
656 108.13929446765539
657 45.772193767232864
658 63.314264916155985
659 60.60735742965796
660 38.691754553952165
661 54.122450965597565
662 31.667871390070378
663 95.6520977993487
664 52.78211416598006
665 45.597760446674734
666 109.34074955995307
667 74.76461039751553
668 62.20980034752028
669 40.15924916991132
670 85.14018646105104
671 118.34178770020584
672 90.8206892305156
673 27.75757486737746
674 22.107675072916848
675 56.54814978746954
676 29.71419351896169
677 63.97400604980315
678 59.77767992965761
679 117.65260106512578
680 73.45019337983354
681 30.265037426479612
682 84.81570508178429
683 47.21779148378634
684 78.44541919353412
685 29.02842854946586
686 100.72718621167074
687 51.06505787414815
688 83.28395535485625
689 79.89992449925744
690 77.42640895510567
691 65.19181486497003
692 57.32682998007324
693 33.00643581758838
694 89.67728977112571
695 69.19719804593052
696 98.7906614456425
697 117.342749624435
698 59.76551704694264
699 76.27563623405948
700 86.37560795266609
701 98.00528298925278
702 104.23418637026097
703 52.46696410893703
704 99.5579697043305
705 24.707839050555506
706 47.11278084586415
707 40.605566359418006
708 61.82293341730168
709 115.82068476524051
710 102.791919969499
711 90.28998755243974
712 28.398164505500063
713 37.115673610261695
714 50.54401649221562
715 24.198288750084856
716 35.45903028921835
717 102.46657960376926
718 119.66263725663455
719 103.20341194237659
720 51.31148048774494
721 44.94518933277715
722 79.29096265322954
723 87.99666287973307
724 21.718677812926252
725 81.07010567675354
726 80.2324783150756
727 33.306346026504016
728 81.32271336184638
729 118.40662675939771
730 27.384607959932623
731 92.30250462952282
732 111.02282492301183
733 37.282477834383855
734 70.90872231351224
735 53.40761046126864
736 57.206747364396584
737 111.07556251269833
738 91.84756609629576
739 79.48694592872039
740 92.89194093612818
741 116.34633151471157
742 23.623817902729975
743 70.27137063977803
744 93.11862950825041
745 24.02874065141222
746 94.70116790068514
747 22.869001276455883
748 117.34671130512987
749 55.96020719581505
750 99.66192688769723
751 22.35130956754016
752 40.14379880197025
753 37.22235300790729
754 106.0528657063958
755 54.65299751272812
756 48.11172181151112
757 74.08076293391764
758 82.5736026650049
759 97.40394444122244
760 25.784120706209894
761 39.75335251260407
762 90.52957979324901
763 110.81542821186265
764 86.13773173146704
765 55.8033699585817
766 114.94421932780064
767 20.371701389022782
768 62.39532084309937
769 115.64447030894357
770 24.322633586041192
771 55.83193302495692
772 66.9581890374916
773 108.4616855738719
774 38.78180496579268
775 86.9264302589999
776 40.59148089256334
777 66.79352587865584
778 55.109876924444514
779 75.13496408957613
780 60.39559487635473
781 79.08686802236673
782 24.289855574388255
783 43.06390462355571
784 48.63217504541612
785 79.72767192367338
786 102.12061796311552
787 48.192806305621794
788 26.13333983799168
789 53.36700595422755
790 96.7908240787348
791 36.13999410182334
792 83.80791814280421
793 67.80319973228512
794 118.60902933677912
795 40.10054861336499
796 103.66866172445644
797 80.24745174512034
798 96.5658228887683
799 87.73910557716
800 46.83952696863942
801 45.49152218895895
802 64.00161115108286
803 74.57364997576614
804 40.16230486516284
805 91.312617149096
806 31.376244176791296
807 63.76553198272417
808 35.30700398477466
809 116.39195792025458
810 57.984345886608786
811 76.23472178799005
812 84.7005597448298
813 109.08990339388943
814 106.43288770269122
815 42.14831193785872
816 77.12361724619704
817 81.61196577375114
818 113.79519110677263
819 95.08413241827638
820 102.48526075517978
821 63.416384554445855
822 41.57819830536748
823 103.55025604459524
824 70.07074182756489
825 100.15541810468257
826 72.98750109857235
827 51.04510105161599
828 87.46740221035556
829 60.008835100805854
830 110.44729601773528
831 95.47173344124603
832 118.40914320388588
833 57.95955536168255
834 88.930043453483
835 61.47384705231653
836 76.93997502402047
837 70.37776888493194
838 61.373362925913675
839 45.13987069710877
840 82.58228058264999
841 27.221263345454368
842 31.309189051473314
843 39.525482133475066
844 96.60565513084273
845 37.226106539639844
846 104.80306451455924
847 21.57377825193439
848 83.02728157295007
849 22.65326273264529
850 108.89893773015065
851 76.2662212351957
852 89.63497808782564
853 114.47305585277299
854 76.9875852651724
855 72.21640358506043
856 24.109223558374342
857 86.31087533554049
858 32.86439609997032
859 44.422561401609286
860 108.23060933150059
861 86.04389436041498
862 114.71493464265374
863 84.52369560826033
864 29.194309829268352
865 57.62995445468208
866 67.86431241804581
867 86.65805447742319
868 71.213349741851
869 32.5662245661753
870 100.84913229420188
871 47.901638489017486
872 102.87759297748653
873 110.3166206982284
874 43.21831999922457
875 76.26828491609673
876 116.1454941846226
877 40.11335750273068
878 65.44191443972724
879 116.38182375205537
880 61.380882038004366
881 62.72945991555871
882 21.404493331907787
883 63.18468224566105
884 99.50715213550848
885 70.13543900108266
886 52.182556121769636
887 97.42618368588359
888 97.13640168895066
889 93.39473148668083
890 46.15287359268519
891 43.17781450200765
892 23.44120393721763
893 34.718939365984966
894 84.95147290077821
895 117.25147071063051
896 68.57191226506278
897 118.29529502395313
898 117.40053270953462
899 113.15075119747085
900 92.58245634437465
901 46.3151558407302
902 94.24319442856753
903 38.06417055397375
904 31.11284175978899
905 111.5738283145945
906 65.37386470515392
907 100.4131413894708
908 29.486661221504598
909 36.07830162109152
910 88.224350389008
911 27.59641675510323
912 50.41708865215069
913 76.29097974044211
914 21.063681665813455
915 78.82664235569959
916 102.17502139875259
917 59.953871779802085
918 78.19229476637753
919 106.33356528626432
920 63.85812645480097
921 96.87907643220478
922 105.35875761875545
923 109.71229750195971
924 42.309787200890355
925 36.6578620965425
926 93.19998583363281
927 22.824046730705597
928 81.27201144992199
929 29.932009787988207
930 84.10346546381147
931 70.4105057146598
932 57.51659075105864
933 86.68748123592843
934 43.61275452654927
935 32.46210935803692
936 40.983934195152074
937 114.97194271013917
938 61.34507797163267
939 58.38420686110877
940 66.36912081973963
941 66.50398814782352
942 118.36258381139476
943 80.13410555355132
944 62.12994681356574
945 111.83342815268897
946 108.03642046251377
947 83.75591000339442
948 109.55180245674381
949 117.02827054555382
950 25.665507125170155
951 112.11889843467151
952 59.289473122284534
953 96.30560046977807
954 48.45944841337918
955 88.16916444207152
956 115.71604170839593
957 70.58978963082602
958 111.96779394462337
959 67.63308059915155
960 110.44423137856793
961 70.67304033321358
962 51.63541749034461
963 52.865144113870784
964 25.54574063589779
965 85.46952852760974
966 118.88650001568945
967 25.411560231510936
968 94.2792027749944
969 70.79594565227706
970 99.98723341052614
971 83.86492683320245
972 102.54762878094954
973 102.17754500687002
974 62.91002720276383
975 105.71419980680884
976 37.84127173729133
977 76.37024428166276
978 32.51963646452272
979 87.14811729498213
980 84.08210064838764
981 40.60578459086179
982 47.62433083916371
983 53.14907975457132
984 40.57114060904348
985 56.008245932935445
986 84.78282225934718
987 71.71843928697798
988 51.15014036965008
989 82.19675238369832
990 43.23037855999161
991 50.70306412634068
992 65.72418128468371
993 103.78049068207132
994 72.88515276817392
995 43.446902070781704
996 20.45198213863411
997 106.2686781102218
998 93.11849030311751
999 40.370239884601375
0 1
0 42
0 66
0 169
0 967
1 2
1 63
1 242
1 339
1 431
1 454
1 469
1 542
1 670
1 682
1 710
2 3
2 202
2 600
2 657
2 664
2 784
2 844
3 4
3 42
3 134
3 296
3 561
3 577
3 972
4 5
4 83
4 106
4 187
4 205
4 410
4 465
4 802
4 807
4 840
5 6
5 66
5 283
5 555
5 614
5 807
6 7
6 417
6 577
6 834
6 862
6 935
7 8
7 89
7 576
8 9
8 468
8 846
9 10
9 196
9 204
9 352
9 475
9 529
9 558
9 581
10 11
10 102
10 340
10 621
10 690
10 855
10 941
11 12
11 287
11 354
11 453
11 683
11 791
11 962
12 13
12 224
12 300
12 564
12 648
12 993
13 14
13 79
13 253
13 421
13 440
13 669
13 754
13 848
14 15
14 220
14 296
14 318
14 343
14 582
14 684
15 16
15 36
15 341
15 386
15 469
15 513
15 587
15 626
15 750
15 783
15 963
16 17
16 87
16 97
16 124
16 276
16 299
16 337
16 387
16 474
16 616
17 18
17 49
17 204
17 313
17 355
17 370
17 768
17 898
17 958
18 19
18 158
18 198
18 299
18 329
18 432
18 499
18 538
18 561
18 976
18 998
19 20
19 100
19 159
19 516
19 720
20 21
20 235
20 353
20 413
20 960
21 22
21 345
21 418
21 693
21 702
21 858
21 911
22 23
22 168
22 264
22 966
23 24
23 471
23 710
23 831
23 868
23 963
23 983
24 25
24 494
24 643
24 655
24 712
24 789
25 26
25 75
25 120
25 195
25 355
25 415
25 485
25 669
25 794
25 851
25 868
25 975
26 27
26 891
27 28
27 194
27 265
27 272
27 287
27 343
27 347
27 448
27 548
27 580
27 799
27 941
28 29
28 379
28 423
28 427
28 656
28 866
29 30
29 226
29 896
30 31
30 188
30 335
30 465
30 640
30 705
30 789
30 918
31 32
31 252
31 756
31 792
32 33
32 156
32 630
32 733
32 767
33 34
33 455
33 488
33 552
33 651
33 766
33 864
34 35
34 226
34 417
34 513
34 546
34 925
35 36
35 50
35 164
35 300
35 424
35 837
36 37
36 67
36 613
36 635
36 836
37 38
37 57
37 167
37 212
37 376
37 436
37 494
37 727
37 828
38 39
38 47
38 420
38 582
39 40
39 96
39 234
39 262
39 346
39 350
39 579
39 940
40 41
40 98
40 308
40 360
40 518
40 680
40 793
40 860
41 42
41 75
41 346
41 644
41 730
41 820
41 915
42 43
42 146
42 326
42 422
42 554
42 599
42 771
43 44
43 72
43 115
43 177
43 381
43 489
43 601
43 638
43 661
44 45
44 69
44 271
44 303
44 312
44 677
44 758
45 46
45 166
45 309
45 603
46 47
46 166
46 278
46 329
46 375
46 772
46 787
46 985
47 48
47 263
47 288
47 381
47 403
47 540
47 756
47 827
47 829
47 833
47 919
48 49
48 71
48 173
48 188
48 225
48 389
48 435
48 552
48 728
49 50
49 102
49 261
49 375
50 51
50 125
50 753
50 876
51 52
51 148
51 203
51 414
51 445
51 665
51 688
51 821
52 53
52 349
52 537
52 679
52 724
52 907
53 54
53 265
53 382
53 459
53 629
53 638
53 719
53 988
54 55
54 105
54 192
54 196
54 212
54 527
55 56
55 87
55 203
55 795
56 57
56 324
56 406
56 503
56 761
57 58
57 87
57 168
57 267
57 311
57 903
58 59
58 100
58 194
58 322
58 836
58 956
59 60
59 180
59 613
59 649
60 61
60 129
60 393
60 492
60 530
60 565
60 775
60 795
60 854
61 62
61 69
61 223
61 379
62 63
62 245
62 371
62 460
62 540
62 636
63 64
63 99
63 118
63 261
63 461
63 471
63 680
64 65
64 83
64 181
64 253
64 298
65 66
65 181
65 188
65 557
65 800
66 67
66 143
66 218
66 320
66 466
66 543
66 636
66 645
66 685
66 801
67 68
67 114
67 166
67 187
67 344
67 587
67 656
67 729
67 948
68 69
68 130
68 229
68 672
68 772
69 70
69 287
69 441
69 447
69 641
69 805
70 71
70 382
70 565
70 709
70 735
70 772
70 784
71 72
71 167
71 344
71 374
71 987
72 73
72 398
72 475
72 824
72 873
72 924
72 958
73 74
73 422
73 427
73 498
73 665
73 967
74 75
74 167
74 216
74 407
74 672
74 717
75 76
75 717
75 768
75 980
76 77
76 154
76 350
76 375
76 540
77 78
77 273
77 322
77 585
78 79
78 126
78 177
78 198
78 287
78 404
78 682
78 737
78 817
78 866
78 908
79 80
79 250
79 364
79 440
79 508
79 525
79 757
79 974
80 81
80 240
80 250
80 437
80 517
80 525
80 627
80 709
80 749
80 889
81 82
81 109
81 200
81 219
81 723
82 83
82 346
82 400
82 801
82 928
83 84
83 106
83 426
83 455
83 506
83 630
83 699
83 701
83 781
83 893
83 987
84 85
84 704
84 937
85 86
85 276
85 300
85 416
85 549
85 599
85 704
85 709
85 808
85 964
86 87
86 230
86 277
86 795
87 88
87 146
87 196
87 206
87 348
87 568
87 611
87 782
87 974
88 89
88 276
88 287
88 512
88 671
89 90
89 185
89 221
89 258
89 382
89 466
89 545
89 671
89 736
89 763
89 804
89 842
90 91
90 142
90 150
90 164
90 416
90 653
90 756
90 953
91 92
91 302
91 480
91 481
91 636
91 711
92 93
92 116
92 150
92 519
92 620
92 777
92 863
93 94
93 160
93 221
93 412
93 422
93 424
93 644
93 794
93 918
93 991
94 95
94 465
94 545
94 739
95 96
95 464
95 496
95 585
95 714
95 852
95 872
96 97
96 101
96 169
96 203
96 206
96 259
96 356
96 409
96 509
96 625
96 774
97 98
97 163
97 229
97 232
97 498
97 744
97 906
97 915
98 99
98 300
98 493
98 585
98 693
98 851
99 100
99 106
99 363
99 619
100 101
100 120
100 187
100 240
100 376
100 416
100 483
100 575
101 102
101 182
101 280
101 513
101 521
101 754
101 958
101 985
102 103
102 139
102 616
102 693
103 104
103 226
103 303
103 529
103 794
104 105
104 468
104 802
104 896
105 106
105 326
105 468
105 482
105 498
105 594
105 657
105 685
105 800
106 107
106 520
106 707
106 736
107 108
107 170
107 351
107 403
107 439
107 466
107 632
107 849
107 966
107 985
107 992
108 109
108 491
108 580
108 636
108 817
108 903
108 992
109 110
109 619
109 699
110 111
110 367
110 391
110 398
110 635
110 825
111 112
111 121
111 155
111 410
111 549
111 560
111 648
112 113
112 215
112 438
112 567
112 613
113 114
113 161
113 228
113 263
113 341
113 398
113 466
113 689
113 948
114 115
114 119
114 278
114 322
114 379
114 712
114 782
114 873
115 116
115 149
115 200
115 272
115 567
116 117
116 227
116 289
116 352
116 406
116 418
116 707
116 752
116 836
117 118
117 276
117 285
117 290
117 417
117 537
118 119
118 392
118 495
118 699
118 702
118 779
119 120
119 408
119 563
119 590
119 853
119 970
120 121
120 162
120 367
120 383
120 512
120 758
120 853
121 122
121 184
121 546
121 655
121 686
122 123
122 580
122 934
122 991
123 124
123 234
123 304
123 322
123 325
123 431
123 465
123 471
123 773
123 891
123 936
124 125
124 188
124 707
124 799
125 126
125 142
125 342
125 445
126 127
126 174
126 313
126 462
126 473
126 731
126 862
127 128
127 324
127 348
127 440
127 490
127 525
127 855
127 885
128 129
128 250
128 425
128 450
128 475
128 625
128 644
128 670
128 746
129 130
129 651
129 738
129 907
129 961
130 131
130 158
130 175
130 326
130 512
130 553
130 629
130 644
130 904
130 907
131 132
131 156
131 214
131 267
131 321
131 425
132 133
132 395
132 406
132 973
133 134
133 337
133 805
134 135
134 584
135 136
135 281
135 599
136 137
136 220
136 270
136 421
136 511
136 741
136 901
136 939
137 138
137 356
137 452
137 627
137 701
137 804
137 943
137 949
137 951
138 139
138 663
138 726
139 140
139 170
139 251
139 615
139 811
139 869
139 951
140 141
140 162
140 260
140 441
140 504
141 142
141 210
141 218
141 638
141 690
142 143
142 285
142 309
142 417
142 566
142 668
142 690
143 144
143 159
143 480
144 145
144 165
144 575
144 637
144 892
145 146
145 279
145 293
145 673
146 147
146 384
146 646
147 148
147 180
147 296
147 531
147 586
147 663
147 708
148 149
148 187
148 543
148 644
149 150
149 188
149 233
149 310
149 413
149 594
149 813
149 882
149 939
150 151
150 211
150 220
150 228
150 346
150 580
150 672
150 673
150 829
151 152
151 341
151 767
151 872
152 153
152 528
152 850
152 861
152 896
153 154
153 589
153 685
153 700
153 843
154 155
154 167
154 352
154 788
154 880
154 977
155 156
155 202
155 266
155 353
155 540
155 561
156 157
156 373
156 693
156 729
157 158
157 314
157 724
158 159
158 276
158 726
158 745
158 839
158 934
159 160
159 189
159 222
159 250
159 541
159 676
160 161
160 349
160 358
160 444
160 463
160 686
160 805
161 162
161 328
161 611
161 995
162 163
162 475
162 580
162 590
162 668
163 164
163 170
163 179
163 447
163 785
163 790
163 974
164 165
164 347
164 380
164 779
165 166
165 234
165 345
165 466
165 533
166 167
166 286
166 314
166 748
166 904
166 920
167 168
167 291
167 490
167 610
167 884
168 169
168 182
168 286
168 439
168 540
168 712
168 804
169 170
169 304
169 400
169 518
169 530
169 593
169 778
170 171
170 222
170 355
170 465
170 493
170 698
170 746
170 856
171 172
171 307
171 389
172 173
172 354
172 468
172 668
173 174
173 230
173 349
173 545
173 647
173 840
173 907
174 175
174 443
174 444
174 920
175 176
175 602
175 756
175 845
175 951
176 177
176 185
176 312
176 920
177 178
177 460
177 760
177 880
177 920
177 981
178 179
178 210
178 240
178 575
178 666
178 751
178 810
178 944
179 180
179 301
179 426
179 514
179 520
179 526
179 754
180 181
180 185
180 222
180 286
180 550
180 567
180 868
180 901
180 903
180 915
181 182
181 226
181 311
181 433
181 695
181 745
181 861
182 183
182 299
182 677
182 728
183 184
183 499
183 814
184 185
184 277
184 361
184 557
184 721
184 900
184 943
184 990
185 186
185 508
185 528
185 532
185 540
185 611
185 648
185 828
185 905
185 942
186 187
186 192
186 351
186 413
186 675
186 719
186 806
186 920
186 952
186 961
187 188
187 194
187 246
187 518
187 538
187 757
187 873
188 189
188 248
188 856
189 190
189 326
189 338
189 497
189 565
189 763
189 936
190 191
190 254
190 639
190 673
191 192
191 527
191 985
192 193
192 251
192 367
192 471
192 711
192 977
192 999
193 194
193 596
194 195
194 273
194 867
195 196
195 491
195 675
195 722
195 734
195 744
195 826
195 885
196 197
196 466
196 852
196 911
197 198
197 257
197 446
197 510
197 555
197 559
198 199
198 523
198 785
198 942
199 200
199 276
199 330
199 339
199 350
199 454
199 651
199 730
199 771
199 841
199 876
199 984
200 201
200 442
200 594
200 608
200 690
200 782
200 826
200 844
200 961
201 202
201 249
201 740
202 203
202 328
202 441
202 695
202 731
202 910
203 204
203 408
203 635
204 205
204 701
204 781
204 944
205 206
205 431
205 591
205 857
205 942
206 207
206 583
207 208
207 238
207 638
207 874
208 209
208 302
208 345
208 506
208 580
208 776
208 799
209 210
209 247
209 419
209 433
209 703
209 947
210 211
210 583
210 675
210 921
211 212
211 223
211 315
212 213
212 227
212 242
212 249
212 257
212 312
212 591
212 668
212 682
212 833
212 891
212 940
212 998
213 214
213 254
213 256
213 510
213 512
213 585
213 789
213 960
214 215
214 409
214 599
214 821
215 216
215 422
215 461
215 478
215 511
215 582
215 682
216 217
216 378
216 589
216 779
216 903
217 218
217 258
217 407
217 585
217 858
218 219
218 382
218 659
218 804
219 220
219 544
219 588
219 725
219 742
220 221
220 561
221 222
221 254
221 504
222 223
222 328
222 419
222 434
222 436
222 723
222 863
222 887
222 904
222 971
223 224
223 370
223 426
223 477
223 570
223 610
223 974
224 225
224 226
224 560
224 598
224 599
224 712
224 727
224 729
225 226
225 345
226 227
226 367
226 412
226 519
226 533
226 542
226 707
226 777
226 849
227 228
227 327
227 589
227 748
227 897
228 229
228 310
228 601
228 654
228 844
228 854
229 230
229 440
229 468
229 648
230 231
230 685
230 813
230 846
231 232
231 296
231 630
231 738
231 960
232 233
232 403
232 618
232 686
232 718
233 234
233 529
233 536
234 235
234 551
234 559
234 842
235 236
235 288
235 376
235 577
235 716
235 760
236 237
236 403
236 504
236 523
237 238
237 620
237 711
237 757
238 239
238 340
238 637
238 643
238 773
238 876
239 240
239 350
239 488
239 509
239 723
239 982
240 241
240 488
240 543
240 761
240 872
241 242
241 549
241 680
241 744
241 751
242 243
242 466
242 499
242 513
242 521
242 586
242 793
242 918
242 974
243 244
243 280
243 399
243 622
243 650
243 998
244 245
244 716
244 784
244 923
245 246
245 281
245 961
246 247
246 302
246 311
246 335
246 509
246 799
246 980
246 989
247 248
247 610
247 685
247 767
247 865
247 897
247 933
248 249
248 309
248 544
248 595
248 765
248 876
248 981
249 250
249 293
249 463
249 533
249 711
250 251
250 325
250 388
250 428
250 585
250 634
250 817
251 252
251 368
251 910
251 926
252 253
252 960
252 980
253 254
253 512
253 742
253 791
254 255
254 266
254 611
254 882
255 256
255 445
255 546
255 603
255 737
256 257
256 415
256 597
256 618
256 752
256 814
256 945
256 997
256 999
257 258
257 280
257 305
257 676
257 851
257 873
257 932
258 259
258 302
258 602
258 865
259 260
259 396
259 709
259 913
260 261
260 338
260 830
260 856
260 923
261 262
261 382
261 383
261 404
261 763
262 263
262 302
262 350
262 379
262 501
262 685
262 760
262 862
262 913
262 997
263 264
263 327
263 452
263 560
263 576
263 711
263 741
263 842
264 265
264 444
264 669
264 781
264 814
264 849
264 856
264 966
265 266
265 277
265 294
265 439
265 500
265 797
265 833
266 267
266 482
266 693
266 959
267 268
267 270
267 295
267 296
267 588
268 269
268 630
268 910
269 270
269 322
269 381
269 402
269 870
270 271
270 465
270 489
270 666
270 710
270 884
270 952
271 272
271 345
271 751
271 824
272 273
272 300
272 479
272 521
272 588
272 817
273 274
273 618
273 673
273 724
274 275
274 376
274 566
274 707
274 764
274 800
275 276
275 323
275 448
275 493
275 844
276 277
276 341
276 432
276 473
276 567
276 744
276 845
276 982
277 278
277 401
277 514
277 775
278 279
278 398
278 410
278 707
279 280
279 543
279 583
279 588
279 595
279 602
279 616
279 793
279 901
280 281
280 310
280 492
280 504
280 568
280 595
280 650
281 282
281 775
281 801
281 923
282 283
282 426
282 515
282 519
282 590
282 958
283 284
283 509
283 547
283 834
283 874
283 885
283 930
284 285
284 291
284 329
284 454
284 476
284 756
284 814
284 974
285 286
285 306
285 577
285 610
285 777
286 287
286 567
286 722
287 288
287 372
287 440
287 623
287 728
287 945
288 289
288 385
288 538
288 784
289 290
289 411
289 565
289 684
289 751
289 932
290 291
290 597
291 292
291 775
292 293
292 534
292 702
293 294
293 347
293 418
293 476
293 538
293 549
293 592
293 683
293 780
293 829
293 888
294 295
294 322
294 349
294 361
294 654
295 296
295 376
295 473
295 612
295 652
295 696
295 970
295 986
295 989
296 297
296 322
296 601
296 707
296 723
297 298
297 785
297 805
297 937
298 299
298 351
298 562
298 598
298 771
299 300
299 335
299 455
299 675
299 760
299 867
299 962
300 301
300 302
300 490
300 576
300 634
300 746
300 919
301 302
302 303
302 341
302 346
302 402
302 414
302 570
303 304
303 377
303 791
304 305
304 512
304 532
304 839
305 306
305 608
305 694
305 941
306 307
306 338
306 395
306 514
306 672
306 733
306 939
306 982
307 308
307 310
307 684
307 757
307 890
307 967
308 309
308 475
308 523
309 310
309 357
310 311
310 424
310 621
310 678
310 724
310 734
310 736
310 831
310 856
311 312
311 379
311 676
311 970
312 313
312 357
312 430
312 600
312 673
312 831
312 912
312 939
313 314
313 342
313 716
314 315
314 654
315 316
315 346
315 549
315 642
315 656
316 317
316 439
317 318
317 409
317 565
317 575
318 319
318 437
318 586
318 599
318 628
319 320
319 334
319 492
319 571
319 726
319 748
319 877
319 975
320 321
320 432
320 447
320 484
320 560
320 624
320 645
320 665
320 790
320 857
321 322
321 865
322 323
322 358
322 416
322 745
322 834
322 838
322 872
323 324
323 566
323 609
323 896
323 936
324 325
324 362
324 384
324 632
324 650
324 678
324 753
324 835
324 842
324 876
324 919
325 326
325 451
325 598
325 693
325 803
326 327
326 514
326 568
326 644
326 841
326 914
326 920
327 328
327 423
327 554
328 329
328 482
328 607
328 666
328 668
328 763
328 858
328 876
329 330
329 364
329 857
330 331
330 480
330 848
330 946
330 996
331 332
331 428
331 597
331 633
331 740
331 784
331 894
332 333
332 367
332 805
332 938
333 334
333 494
333 802
333 913
334 335
334 457
334 545
334 660
334 743
335 336
335 428
335 546
335 653
335 951
336 337
336 607
336 663
336 715
337 338
337 611
337 889
338 339
338 504
338 531
338 596
338 620
338 759
338 994
339 340
339 379
339 462
339 528
339 773
339 806
340 341
340 888
340 896
341 342
341 350
341 657
341 879
341 891
341 985
342 343
342 633
342 900
342 926
342 953
343 344
343 375
343 397
343 459
343 554
343 742
344 345
344 596
344 694
345 346
345 628
345 660
345 778
345 959
346 347
347 348
347 401
347 456
347 496
347 629
347 646
347 910
348 349
348 377
348 566
348 571
348 597
348 713
348 722
348 870
349 350
349 448
349 577
349 601
349 657
349 682
349 857
350 351
350 593
350 656
351 352
351 557
351 593
351 595
352 353
352 617
352 684
352 696
352 744
352 898
352 910
353 354
353 476
353 479
353 500
353 529
353 532
353 611
353 953
354 355
354 371
354 642
354 715
354 853
354 961
355 356
355 394
355 857
355 913
355 995
356 357
356 468
356 664
356 943
357 358
357 471
357 924
358 359
358 438
358 631
358 664
359 360
359 500
359 618
360 361
360 549
360 732
360 785
360 957
361 362
361 363
361 458
361 617
361 642
361 715
361 866
361 912
362 363
362 723
362 769
363 364
363 460
363 489
363 545
363 574
364 365
364 590
364 943
364 950
364 991
365 366
365 371
365 580
365 813
365 826
365 832
366 367
366 404
366 479
366 794
366 900
367 368
367 701
368 369
368 430
368 434
368 456
368 617
368 738
368 814
368 918
368 979
368 987
369 370
369 419
369 587
369 615
370 371
370 487
370 530
370 531
370 533
370 542
371 372
371 377
371 547
371 815
371 864
372 373
373 374
373 663
373 737
373 867
374 375
374 602
374 745
375 376
375 438
375 647
376 377
376 694
376 729
377 378
377 973
378 379
378 394
378 465
378 941
378 946
378 993
379 380
379 686
379 804
379 828
380 381
380 860
381 382
381 427
381 588
381 713
381 760
382 383
382 865
382 904
382 914
382 929
382 953
383 384
383 415
383 487
383 971
384 385
384 490
384 667
384 700
385 386
385 650
385 667
385 983
386 387
386 598
386 975
387 388
387 491
387 565
387 672
387 711
387 721
387 850
387 993
388 389
388 516
388 826
388 930
388 934
389 390
389 434
389 779
389 807
390 391
390 461
390 542
391 392
391 511
391 836
391 881
391 942
392 393
392 824
392 868
393 394
393 619
393 704
393 950
394 395
394 520
394 785
394 962
395 396
395 459
395 547
395 797
396 397
396 424
396 494
396 727
396 735
396 739
396 838
397 398
397 408
397 428
397 443
397 458
397 472
397 520
397 528
397 637
397 665
397 814
397 922
398 399
398 547
399 400
399 474
399 778
399 944
399 958
399 966
399 983
400 401
400 409
400 430
400 558
401 402
401 866
401 940
402 403
402 425
402 782
403 404
403 672
403 990
404 405
404 515
404 568
404 663
404 713
405 406
405 420
405 703
405 867
405 949
406 407
406 589
406 644
406 907
406 927
406 990
407 408
407 788
407 946
407 992
408 409
408 473
408 477
408 633
408 635
408 983
408 999
409 410
409 470
409 633
409 850
409 977
409 997
410 411
410 596
410 804
411 412
411 458
411 715
411 944
412 413
412 796
413 414
413 675
414 415
414 751
414 887
415 416
415 975
416 417
416 492
416 559
416 793
416 821
416 894
417 418
417 559
417 613
417 685
417 698
417 704
417 856
417 878
418 419
418 465
418 970
418 992
419 420
419 632
420 421
420 493
420 532
420 687
420 755
420 797
420 835
421 422
421 605
421 682
421 709
422 423
422 507
422 658
422 678
422 769
422 789
422 842
422 955
423 424
423 708
423 873
424 425
424 456
424 653
424 793
424 988
425 426
425 643
425 711
425 969
426 427
426 578
426 910
427 428
427 662
427 962
428 429
428 686
428 695
428 874
429 430
429 468
429 562
429 720
429 943
430 431
430 707
430 778
430 827
431 432
431 521
431 592
431 746
431 814
431 998
432 433
432 437
432 454
432 589
432 753
432 777
432 838
432 876
432 967
433 434
433 649
433 746
433 976
434 435
434 438
434 527
434 657
434 965
435 436
435 600
435 884
435 940
436 437
436 731
436 820
436 925
437 438
437 612
437 679
437 894
438 439
438 483
438 696
438 700
438 853
438 908
439 440
439 706
439 784
439 865
439 968
439 992
440 441
441 442
441 590
441 831
441 899
442 443
442 724
443 444
443 513
443 560
443 842
444 445
444 562
444 652
444 727
444 908
444 933
445 446
445 600
445 660
445 688
445 991
446 447
446 464
446 502
446 703
446 788
446 840
446 911
446 953
447 448
447 503
447 602
447 875
448 449
448 480
448 586
448 800
448 845
449 450
449 587
449 615
449 793
449 842
450 451
450 582
450 850
450 969
451 452
451 455
451 720
451 883
451 927
452 453
452 633
452 718
452 918
452 954
453 454
453 585
453 692
453 903
453 936
453 991
454 455
454 838
454 904
454 937
455 456
455 592
455 666
455 968
456 457
456 550
456 808
456 927
456 961
457 458
457 669
457 727
457 769
457 803
457 895
458 459
458 463
458 942
459 460
459 530
460 461
460 840
460 968
461 462
461 684
461 690
461 707
461 711
462 463
462 484
462 818
463 464
463 849
463 884
463 986
464 465
464 627
464 670
464 844
464 938
465 466
465 816
465 845
466 467
466 526
466 556
466 596
466 691
466 729
466 877
467 468
467 547
467 597
467 631
467 639
467 698
467 737
467 824
468 469
468 471
468 579
468 589
468 603
468 732
468 914
469 470
469 521
469 577
469 837
469 935
470 471
470 635
470 751
471 472
471 528
471 559
471 615
471 701
471 887
471 917
471 922
472 473
472 516
472 583
472 713
472 737
472 761
472 842
472 904
472 905
472 965
473 474
473 688
473 719
473 755
474 475
474 508
475 476
475 719
475 730
475 732
476 477
476 796
476 935
476 939
477 478
477 654
477 714
477 965
478 479
478 703
479 480
479 512
479 577
479 587
479 801
479 808
480 481
480 486
480 811
480 869
481 482
481 741
481 763
482 483
482 599
482 653
482 720
482 752
482 798
483 484
483 643
483 852
484 485
484 566
484 852
484 904
484 998
485 486
485 507
485 584
485 730
485 752
485 889
485 933
486 487
486 492
486 496
486 635
486 857
486 985
487 488
487 521
487 967
487 978
488 489
488 801
488 833
488 902
488 918
489 490
489 556
489 686
489 825
489 952
490 491
490 534
490 856
491 492
491 537
491 569
491 694
491 850
491 863
491 877
491 913
492 493
492 526
492 544
492 558
492 611
492 858
492 913
493 494
493 768
493 938
493 957
494 495
495 496
495 627
495 743
495 983
495 999
496 497
497 498
497 818
497 865
498 499
499 500
499 505
499 668
499 674
500 501
500 524
500 552
500 713
500 797
500 914
501 502
501 661
501 685
501 775
501 910
502 503
502 908
502 964
503 504
503 686
503 792
503 811
504 505
504 589
504 655
504 784
505 506
505 639
505 745
505 802
505 892
506 507
506 628
506 816
506 920
506 994
507 508
507 628
507 755
507 906
507 910
507 931
507 960
508 509
508 556
508 582
508 610
508 613
509 510
509 975
510 511
510 524
510 529
510 772
510 829
510 927
510 952
511 512
511 626
511 641
511 654
511 675
511 681
511 683
511 803
511 914
511 997
512 513
512 682
512 704
512 735
512 740
513 514
513 815
513 917
514 515
514 820
514 863
514 929
515 516
515 522
515 649
516 517
516 680
516 687
516 708
516 715
516 752
516 795
516 853
516 877
517 518
517 543
517 605
517 753
518 519
518 586
518 597
518 658
518 666
518 689
518 745
519 520
519 638
519 644
519 840
519 984
520 521
520 639
521 522
521 683
522 523
522 687
522 960
522 995
523 524
523 542
523 556
524 525
524 828
524 915
525 526
525 769
526 527
526 780
526 781
526 856
527 528
527 748
527 834
527 837
528 529
528 718
529 530
529 532
529 734
529 876
530 531
531 532
531 539
531 626
531 656
531 674
531 750
531 848
531 949
532 533
532 547
532 803
532 896
532 925
532 981
533 534
533 557
533 735
533 894
533 959
534 535
534 920
534 970
535 536
535 692
535 742
536 537
536 756
536 879
537 538
537 564
537 631
537 845
537 865
538 539
538 549
538 685
538 723
538 962
539 540
539 543
540 541
540 799
540 862
540 983
541 542
541 633
541 778
541 795
541 805
541 849
542 543
542 550
542 579
542 758
542 802
542 882
542 988
543 544
543 588
543 693
543 720
543 858
544 545
544 664
544 754
544 999
545 546
545 718
545 894
546 547
547 548
547 593
547 635
547 751
547 851
548 549
548 623
548 722
549 550
549 656
549 754
549 798
550 551
550 836
551 552
551 599
551 638
551 673
551 810
551 868
552 553
552 554
552 557
552 780
553 554
553 693
553 770
553 920
554 555
554 561
554 779
554 828
554 899
554 911
554 942
555 556
555 708
555 774
555 931
556 557
556 891
556 914
556 952
557 558
557 765
557 983
558 559
558 712
558 895
559 560
559 606
559 718
559 980
560 561
560 710
560 794
560 859
560 916
561 562
561 669
562 563
562 639
562 694
562 919
562 937
562 990
563 564
564 565
564 629
564 641
564 722
564 796
564 962
565 566
566 567
566 590
566 795
566 831
567 568
567 632
568 569
568 579
568 791
569 570
569 624
569 740
570 571
570 590
570 637
570 811
570 983
571 572
571 578
571 786
571 861
572 573
572 676
572 876
572 893
573 574
573 895
574 575
574 827
575 576
575 821
575 899
575 932
576 577
576 835
577 578
577 756
577 775
578 579
578 778
578 885
578 895
579 580
579 864
580 581
580 708
580 724
580 755
580 986
581 582
581 933
581 990
582 583
582 914
583 584
583 684
584 585
584 634
584 666
584 716
585 586
585 669
586 587
586 666
586 748
586 938
587 588
587 610
587 641
587 690
587 812
587 850
588 589
588 702
589 590
589 764
589 859
589 897
589 946
589 970
590 591
590 948
591 592
591 675
591 687
591 869
591 914
592 593
592 602
592 664
592 740
592 857
592 863
593 594
593 608
593 948
593 959
594 595
594 720
594 913
595 596
596 597
596 604
596 866
597 598
598 599
598 659
599 600
599 706
600 601
600 686
600 820
600 971
601 602
601 604
601 765
601 767
601 894
602 603
602 869
603 604
603 626
603 646
603 859
604 605
604 755
604 999
605 606
605 833
606 607
606 621
606 645
606 646
606 663
606 806
606 972
607 608
607 817
607 895
608 609
608 860
608 910
609 610
609 613
609 936
610 611
611 612
611 693
611 719
611 868
612 613
612 619
612 638
612 694
612 880
613 614
613 673
613 712
613 854
613 871
614 615
614 676
614 894
614 916
615 616
615 732
615 972
616 617
616 759
616 815
617 618
617 819
617 874
617 949
618 619
618 804
618 911
619 620
619 896
619 922
620 621
620 630
620 654
620 878
621 622
621 687
621 705
621 748
622 623
622 724
623 624
623 650
623 762
623 896
623 973
623 980
623 986
624 625
624 821
624 839
625 626
625 818
625 858
626 627
626 942
626 962
627 628
627 629
627 640
627 927
628 629
628 872
629 630
629 765
629 904
629 954
630 631
630 644
630 706
630 762
630 887
630 925
630 950
631 632
631 696
631 714
631 822
632 633
632 987
633 634
633 705
633 754
634 635
634 905
635 636
635 671
635 712
635 731
635 956
635 987
636 637
636 738
636 774
636 807
636 811
636 993
637 638
637 954
638 639
639 640
640 641
641 642
641 783
641 992
642 643
642 681
642 792
642 853
642 949
643 644
644 645
644 708
644 773
645 646
646 647
646 919
647 648
647 703
647 712
648 649
648 712
648 726
648 896
648 948
648 949
649 650
649 682
649 766
649 784
649 962
650 651
650 785
650 790
650 795
650 839
650 888
651 652
651 818
651 911
652 653
652 689
652 789
653 654
653 900
654 655
654 656
654 791
654 818
655 656
655 713
656 657
656 922
657 658
657 710
657 874
657 902
658 659
658 670
658 718
658 884
659 660
659 952
659 999
660 661
660 789
660 858
661 662
661 848
662 663
663 664
663 787
663 807
663 950
664 665
664 691
665 666
665 684
666 667
666 757
666 820
666 846
666 882
666 903
667 668
667 824
667 912
668 669
668 762
668 824
668 883
668 935
669 670
669 688
669 863
669 891
670 671
671 672
671 898
672 673
672 993
673 674
673 700
674 675
675 676
675 916
675 992
676 677
676 792
676 919
676 989
677 678
677 729
677 948
678 679
678 820
678 834
678 943
678 948
679 680
679 682
679 697
680 681
680 688
680 806
680 827
681 682
681 949
682 683
682 716
682 999
683 684
683 942
684 685
684 773
684 805
684 841
684 970
685 686
686 687
686 845
687 688
688 689
688 828
688 849
689 690
690 691
691 692
691 784
691 803
692 693
693 694
693 807
693 854
694 695
694 738
694 786
694 837
694 962
695 696
695 697
695 945
695 948
696 697
697 698
697 729
697 970
698 699
699 700
699 893
699 958
700 701
700 833
701 702
701 741
701 935
702 703
702 803
703 704
704 705
704 774
704 803
705 706
705 733
705 737
705 936
706 707
706 768
706 801
707 708
707 746
707 858
708 709
708 859
709 710
710 711
710 793
710 874
711 712
711 767
712 713
712 962
713 714
714 715
714 753
714 871
715 716
716 717
716 734
717 718
717 752
717 759
717 899
718 719
718 842
719 720
719 735
719 871
719 932
720 721
720 807
721 722
721 728
722 723
722 876
723 724
723 773
724 725
724 776
725 726
725 854
726 727
726 810
726 979
727 728
728 729
728 842
729 730
730 731
730 823
731 732
731 847
731 849
732 733
733 734
733 781
733 957
734 735
734 979
735 736
735 788
735 827
735 999
736 737
736 919
737 738
737 812
738 739
738 851
739 740
739 849
740 741
740 915
741 742
741 798
741 829
741 871
742 743
742 826
742 905
742 939
743 744
744 745
744 941
745 746
745 826
746 747
746 761
746 787
746 928
746 960
747 748
747 837
747 902
748 749
748 761
748 928
748 966
749 750
749 912
750 751
751 752
751 874
751 907
752 753
752 935
753 754
754 755
754 780
754 809
754 856
755 756
755 968
756 757
756 852
757 758
757 852
757 997
758 759
758 762
758 913
759 760
759 773
759 927
760 761
761 762
761 959
762 763
762 859
762 949
763 764
763 784
763 841
764 765
764 840
765 766
766 767
767 768
767 842
768 769
768 920
768 961
769 770
769 771
769 871
769 889
770 771
770 778
770 860
771 772
772 773
773 774
774 775
774 785
774 828
774 926
775 776
776 777
776 799
777 778
777 861
778 779
778 959
779 780
780 781
780 785
781 782
782 783
782 873
783 784
783 882
784 785
784 792
785 786
785 905
786 787
786 813
786 864
786 909
786 982
787 788
787 888
787 963
788 789
789 790
789 913
790 791
790 792
790 839
790 976
790 985
791 792
791 823
791 993
792 793
792 846
792 868
793 794
794 795
794 935
794 973
794 988
795 796
796 797
796 984
797 798
798 799
798 935
799 800
799 987
800 801
800 972
801 802
801 922
801 959
802 803
803 804
803 807
803 898
804 805
804 950
804 968
805 806
805 865
805 927
805 961
806 807
806 808
807 808
807 875
807 965
807 985
808 809
808 984
809 810
809 919
809 953
810 811
810 834
810 840
810 976
811 812
812 813
813 814
813 833
814 815
814 937
814 965
814 997
815 816
815 876
816 817
816 940
817 818
818 819
819 820
819 920
820 821
820 904
820 931
821 822
822 823
823 824
823 883
824 825
824 859
824 860
824 990
825 826
826 827
826 905
827 828
827 881
827 971
828 829
829 830
829 858
830 831
830 914
830 952
830 972
831 832
831 848
831 986
832 833
832 933
833 834
834 835
835 836
835 869
836 837
837 838
837 885
837 996
838 839
839 840
840 841
841 842
841 864
841 969
842 843
842 850
843 844
843 952
844 845
844 938
845 846
845 866
845 940
846 847
846 877
846 990
847 848
847 935
848 849
849 850
849 900
850 851
850 874
850 939
850 987
851 852
852 853
852 983
853 854
853 899
854 855
855 856
856 857
857 858
858 859
858 875
859 860
859 887
860 861
861 862
861 921
861 960
862 863
862 955
862 961
863 864
864 865
865 866
865 878
865 912
865 965
866 867
867 868
868 869
868 928
869 870
870 871
871 872
871 903
872 873
872 874
872 949
873 874
874 875
875 876
875 948
876 877
877 878
878 879
878 930
879 880
879 990
880 881
881 882
882 883
882 905
882 969
883 884
883 987
884 885
884 891
885 886
885 940
886 887
887 888
888 889
888 951
889 890
890 891
890 982
890 993
890 999
891 892
892 893
893 894
894 895
894 939
895 896
896 897
897 898
898 899
898 990
899 900
899 993
899 994
900 901
900 946
901 902
901 951
902 903
902 924
903 904
904 905
904 934
905 906
905 970
906 907
907 908
908 909
908 953
908 985
909 910
910 911
911 912
912 913
913 914
914 915
914 978
915 916
915 928
915 998
916 917
916 920
917 918
917 985
917 999
918 919
919 920
920 921
921 922
922 923
922 961
923 924
924 925
925 926
926 927
926 956
927 928
928 929
929 930
930 931
930 968
931 932
932 933
932 962
933 934
933 976
934 935
935 936
936 937
936 994
937 938
937 977
938 939
939 940
940 941
941 942
942 943
943 944
943 975
944 945
945 946
946 947
947 948
947 985
948 949
948 984
949 950
950 951
951 952
952 953
952 985
953 954
954 955
955 956
956 957
956 999
957 958
958 959
959 960
960 961
961 962
961 964
962 963
963 964
964 965
965 966
966 967
967 968
968 969
969 970
970 971
971 972
971 979
971 992
972 973
973 974
974 975
975 976
976 977
976 986
977 978
978 979
979 980
980 981
981 982
982 983
982 984
983 984
984 985
985 986
986 987
987 988
988 989
989 990
990 991
991 992
992 993
993 994
994 995
995 996
996 997
997 998
998 999
