0 30.967421206293423
1 88.87717765892154
2 53.32489059624248
3 106.43349195186603
4 106.30723983979502
5 109.9407278724905
6 88.17735904670464
7 106.14864313176365
8 119.61659127320692
9 27.870780294756443
10 69.1273764888567
11 117.02839608562338
12 85.98736761174507
13 41.638711367502026
14 79.22884088666402
15 29.73378889106649
16 51.08851198365491
17 76.13675931951532
18 79.65844261708034
19 29.630761106138834
20 82.54201890090664
21 67.96179849694366
22 42.21453250770779
23 75.01094514404357
24 47.10376238358205
25 21.10810719150227
26 89.302036278595
27 25.655128295473
28 51.02041312649225
29 26.859298776520355
30 24.682853252657825
31 61.390850839823585
32 114.78125911150978
33 46.173486048071894
34 108.68130550516477
35 73.36204090798617
36 25.456506043126645
37 59.98464936106179
38 30.069370159478414
39 106.92000544983591
40 59.911212907329
41 103.09707001730814
42 53.51657418925495
43 84.36144815505457
44 100.40671482845941
45 110.72865783111413
46 76.27462640192203
47 38.18067064217941
48 70.44902886197133
49 23.262823840254637
50 110.67692644053989
51 41.06945103583896
52 103.2164029186673
53 114.39751631935835
54 20.068384769093875
55 27.589534535517082
56 117.495786612933
57 30.633913659882012
58 74.94100108014939
59 64.25906919961716
60 116.78074682698251
61 55.926210748673434
62 63.33589994403572
63 39.735715669098774
64 46.03089235967232
65 44.31777931250147
66 84.98266013790868
67 114.84560557970887
68 37.56561798372488
69 95.51796124712075
70 82.18187394709392
71 93.39866349863685
72 52.66259180297681
73 83.62758856472647
74 112.09713300547911
75 49.04727233828491
76 78.65408916698738
77 87.6003122962618
78 44.90768391725656
79 70.88664671074004
80 72.66189341401179
81 113.53062572849107
82 80.18324423130042
83 71.06167199842469
84 52.58420824820687
85 43.488496012098295
86 109.87754479286292
87 31.336400321733773
88 23.54558890197231
89 93.37428368822138
90 20.49740186110586
91 52.39877867626283
92 93.74366148775725
93 113.14669382056924
94 119.28919979016075
95 109.61459528642388
96 77.47395828401068
97 116.78025573109348
98 89.6949058811367
99 112.01104234685276
100 105.08693110683573
101 86.437840043462
102 29.864784104778913
103 107.46172020908337
104 59.72880097782075
105 55.59758652871993
106 104.67426484369871
107 76.36123050920779
108 38.94060438850818
109 39.252536777317246
110 46.47746889069445
111 108.51905005809004
112 95.53741980862767
113 45.80515109405024
114 72.74009289817398
115 63.568639869902306
116 46.66243381877746
117 74.90779883204867
118 49.72953913740004
119 73.87926539946304
120 52.508162843119806
121 78.25426651036801
122 20.600253700446974
123 60.774311037145225
124 56.91977795339305
125 36.206151173200055
126 33.49749834374732
127 99.80139183531891
128 50.94317601910311
129 82.14197768902324
130 50.71283608984512
131 88.86584233686325
132 67.35306200934309
133 88.5457730476442
134 93.45983945306978
135 44.23067904185008
136 39.29397669882161
137 114.10569885598191
138 78.49863769230775
139 73.7024767208994
140 59.38987073041081
141 99.47230138867162
142 32.62311890648572
143 53.76402278267964
144 57.02546460687919
145 90.82981684388244
146 28.93472271243215
147 67.98103180183213
148 70.97529389928633
149 65.06288262708719
150 74.86192932055943
151 47.701575369226276
152 32.154013808318595
153 28.054884990559376
154 96.04472485770397
155 92.88333580864999
156 86.98416312264689
157 58.53315032431376
158 102.48843074302096
159 40.825154649456444
160 85.72526442296777
161 73.8800114855493
162 93.8015041258704
163 93.64577898586398
164 32.08079951663874
165 101.45771998929533
166 58.867030777316415
167 111.54410221206432
168 40.49722420399614
169 49.24911939431348
170 51.957772519408664
171 28.191617153260427
172 75.7918878223741
173 82.994825596076
174 82.0898712945149
175 47.04918524123654
176 56.094330714287885
177 33.51163526303433
178 35.32033392589332
179 32.96663620381876
180 84.55812712625661
181 77.50574206297011
182 60.72872766956299
183 22.115168122127187
184 37.89807901316813
185 57.94828427877819
186 89.98354205234408
187 35.11880755147427
188 80.53023571678776
189 35.95960703432881
190 27.67893132175557
191 93.19272944352785
192 91.93984249028951
193 95.15259582653965
194 45.03762090729914
195 105.16257236351457
196 91.8750086814414
197 51.51426163890202
198 33.11098929669707
199 114.43026332606541
200 23.0615327374082
201 57.15874451883713
202 23.267455443986634
203 69.26836745295451
204 104.35696777729817
205 24.663748152717584
206 62.54546324084803
207 107.26626977967722
208 98.60968064631503
209 40.20635661640748
210 39.35750207374536
211 25.31801501945908
212 48.96129994385238
213 78.34308349541826
214 91.0667941719182
215 40.23292144746935
216 24.928619641380017
217 79.0329002101465
218 89.11839909591892
219 31.866613701074783
220 85.32366944022503
221 98.38092190106221
222 89.69164210172349
223 100.61141681733461
224 108.9183360986402
225 98.58428982790133
226 58.250964751335886
227 64.1515374791201
228 65.73253813537653
229 99.69075921994074
230 24.90740828831664
231 64.57980188080946
232 101.92266711483109
233 76.03433501213269
234 104.16313686856792
235 56.28920001506288
236 89.46962289197813
237 43.59127803631549
238 117.39653674115704
239 97.49380848072735
240 48.21343228497555
241 51.0036419253686
242 89.35556341676198
243 73.80015594400658
244 82.25411935712964
245 56.64646743217717
246 50.96225158025856
247 40.941403993135026
248 85.33613718362093
249 46.86860870533909
250 69.89136142639381
251 85.6032317213418
252 60.556300984014335
253 26.416144149076874
254 47.671311226861896
255 68.21163113240928
256 68.58288214699579
257 91.05113629270039
258 67.46578562923565
259 29.619252331779137
260 65.54612483285311
261 74.50751270342195
262 50.22943677162798
263 114.81838707649952
264 116.85808946426135
265 47.17966788608946
266 78.59134737568438
267 91.12501249889368
268 76.44248799297756
269 32.318344268629424
270 77.60504839702138
271 115.71976167942665
272 102.20266990914217
273 97.01220184421786
274 99.41403353860281
275 37.9981309750291
276 38.02873264677118
277 69.86246775888398
278 44.91688449843572
279 105.87354149965414
280 30.24227673783935
281 35.01188150399062
282 69.67626654465766
283 81.99339259126661
284 62.10003393154395
285 53.06813132120963
286 63.60120071066487
287 65.76954635012001
288 83.8252434975953
289 63.4658134398817
290 64.34221873446192
291 60.1911965307385
292 87.60830065758563
293 29.93991351449862
294 62.874100387472275
295 118.57936710058391
296 27.115854516871444
297 101.03770049721652
298 86.40109164512539
299 55.75877436457856
300 109.27021633294066
301 70.97476547900689
302 98.50467213417838
303 110.56418708429781
304 92.40855261714634
305 42.64496720162489
306 39.36401141448137
307 102.1647538454797
308 109.40403341681491
309 114.22283580781134
310 39.914550761069584
311 31.38127297598963
312 96.92872919200529
313 33.55094525086376
314 82.97014568518736
315 39.98772231239617
316 52.76074899721477
317 90.38369891181523
318 51.61950200668507
319 55.92976906439437
320 61.88570193858704
321 45.56278849563418
322 100.61768054198062
323 20.459427541179913
324 29.11530238187722
325 28.328608042416842
326 110.02868688686154
327 114.37642623486391
328 31.043521661768647
329 68.22571864320454
330 32.03526956580879
331 74.88319464382398
332 53.383392250711154
333 66.43939450848549
334 21.617208253766698
335 22.001895859999536
336 111.07522163179209
337 52.90423756285197
338 49.709585342478036
339 94.06823037871555
340 58.02957248525973
341 20.15464542763094
342 33.4875797745824
343 25.50819532692265
344 80.96614868054014
345 72.64093499408214
346 82.58461456680307
347 86.92041508125534
348 37.53221016730093
349 81.11377484288798
350 52.33572959982268
351 47.42797763430159
352 42.731975361061764
353 85.68348059798153
354 115.54827865112784
355 112.33022153974893
356 29.670971567619056
357 48.28964066136963
358 112.8371766957738
359 35.276243825246816
360 110.71705396223803
361 115.57049248259733
362 118.22206642774252
363 103.49836028086915
364 43.402433773166905
365 116.50028275793368
366 61.46899285609928
367 47.08510610227631
368 61.73869605697001
369 85.66684208543516
370 81.56923775726604
371 28.839821136975306
372 68.08946318673568
373 72.69045779721571
374 46.78319209238753
375 29.96223219482484
376 93.34304061095337
377 71.03905103612439
378 65.83728537757789
379 58.60687703197569
380 23.849966742991196
381 75.37356921387348
382 32.14713434165297
383 73.31359298160208
384 62.43812189756969
385 55.56141513320538
386 88.35022349112286
387 31.371734014122318
388 37.790665270631635
389 117.62462394597003
390 71.96662616876145
391 43.371152133911735
392 101.56973691602401
393 107.14344623803747
394 104.6663747789536
395 39.50941209887591
396 55.89150005993229
397 99.01482851744329
398 117.40729720615204
399 30.66609966566939
400 35.1057913585419
401 108.96928584623333
402 61.61725488671488
403 77.82149699180452
404 25.306284067471246
405 56.87847171080965
406 42.62989254051709
407 67.08828380245009
408 42.59468880602704
409 109.63971913757952
410 25.743176152044494
411 24.441386742730845
412 106.84526171642364
413 32.30271611180315
414 107.55510672747
415 94.17242442885212
416 41.56343847270226
417 80.10737695468143
418 115.64122400783296
419 48.16166073510469
420 102.40516264718664
421 71.23088690751129
422 98.17358995810775
423 89.25178413319169
424 87.02107225616683
425 90.29579399937025
426 91.74118834274006
427 61.324183885944784
428 107.11239177003885
429 86.06993907929633
430 110.41673343204644
431 81.11988085387304
432 109.93302033636122
433 43.29292187298029
434 82.02512336997755
435 62.41359059666189
436 20.944984933021576
437 28.192687646771997
438 68.60388457740436
439 111.8408846188359
440 41.93204427551058
441 30.00974215273458
442 47.20611158023401
443 37.49475611470055
444 79.59893902913349
445 46.72543516546726
446 94.48159097667218
447 26.34933081119882
448 98.53137760759616
449 92.19456993470892
450 113.88190309457674
451 114.63489016055716
452 89.36456597259352
453 34.011632543453075
454 67.8705214037706
455 96.479738063262
456 118.1056929859938
457 106.69371166206338
458 29.17901567896131
459 90.45087165598238
460 75.77847415285677
461 83.14218875311212
462 44.935669536757544
463 111.06682505180682
464 78.90550191940304
465 28.849095236159414
466 115.40295258008095
467 72.92245717275125
468 80.8168007191066
469 107.94304985710846
470 25.095470125033874
471 88.75686288784972
472 41.37064267255061
473 57.92345650803976
474 28.210134620056774
475 109.61197672240284
476 68.39534822279761
477 100.81068453142049
478 82.58547862405119
479 95.17087451012328
480 88.0084482056892
481 112.44376794817262
482 46.817202964643506
483 95.43115770197139
484 22.942213953243833
485 28.78609277920409
486 103.69218074643581
487 71.06023491177714
488 58.102260905246126
489 28.353491356762532
490 49.76328378704483
491 79.09568391058824
492 50.80856176853629
493 93.25796682271093
494 95.67262690095785
495 103.09534561161055
496 99.51586139272624
497 117.86430390468504
498 54.740867516722865
499 112.40812970691813
500 119.28315232393287
501 103.68562161208617
502 58.37546616389807
503 93.92798860833581
504 84.85950424125649
505 51.89789203333476
506 26.010906561283193
507 111.50988739818078
508 92.97625542297247
509 40.732330643793475
510 34.57902334523574
511 113.16798033006145
512 64.28312565170197
513 54.00847963977868
514 77.91778642599357
515 24.24270632403706
516 52.33858349025579
517 109.199695703363
518 80.0620332822868
519 35.91476285499146
520 52.16238239012817
521 118.67668880079506
522 28.019743571637818
523 22.760496743819076
524 104.08083934376505
525 106.15364375689984
526 119.42269454966731
527 100.4845447198908
528 69.94314440801003
529 91.86535103341588
530 78.35041995299153
531 65.53197452207527
532 118.25954632292863
533 54.63272207435849
534 78.66159934874102
535 41.97363976818404
536 92.4100460577238
537 76.7279217347912
538 28.327119382982538
539 97.87481685724433
540 51.79474128431621
541 78.3292855540792
542 110.54424274361905
543 83.29859325743762
544 69.64474589187091
545 52.36009866265851
546 47.82144448895196
547 85.16194006615765
548 43.18519628599634
549 117.63420039293365
550 53.75866875192871
551 90.35374591326703
552 21.939508154608472
553 118.48528443324803
554 63.9078756807881
555 97.84051527994671
556 88.18676660877709
557 112.43571544104604
558 91.88392292980687
559 22.92686761772871
560 29.931713485225856
561 103.96450656389413
562 39.80599399414952
563 92.40434573004111
564 31.219495917633125
565 102.06309930840595
566 103.18491589799238
567 38.013449579418484
568 67.22497974242573
569 102.02142535142939
570 49.53189954279411
571 57.46025500744715
572 32.26911122926852
573 117.76567146553822
574 117.24933243074445
575 27.170323181182027
576 47.762432669265536
577 20.07306024996615
578 76.77450732666324
579 119.02908091672775
580 94.04852582313188
581 68.11787234420439
582 119.48219875010001
583 94.54919807794916
584 85.21783934471424
585 57.056846412691215
586 91.51230267711844
587 24.22192356281569
588 59.18497456619423
589 42.74097609338538
590 69.47374637248714
591 107.2507631536813
592 86.67017021881246
593 46.14466323714949
594 82.88621349906305
595 47.432246017371796
596 112.19841543502525
597 84.73207684041573
598 24.256193345846615
599 74.63996898697619
600 27.82722593641068
601 25.734444343467217
602 51.84420915849509
603 88.18449929961903
604 46.03680754937583
605 107.19098415001683
606 82.46506408794275
607 38.26311680786762
608 82.06398191826673
609 26.609998159004558
610 92.07324219703061
611 54.77982307970691
612 77.93390471620846
613 54.235632454066646
614 90.42066493872579
615 79.00737036019035
616 100.54124294605161
617 88.15967461591981
618 112.73418370013633
619 52.87954226831101
620 24.355184484138185
621 31.896654300956765
622 76.14537761562002
623 73.1433357686152
624 65.67024209359309
625 41.54448850868332
626 81.51534838404396
627 23.16698184325761
628 69.79753010054219
629 59.28170804127106
630 102.33234372617441
631 53.8913220994343
632 65.18881722910005
633 22.706331292733644
634 91.52026395337495
635 97.22831188123955
636 89.20830399775197
637 115.40023587566884
638 54.281189860963025
639 60.151904617401755
640 59.11478527459359
641 103.10690347799718
642 80.5052711086932
643 65.7929980445355
644 108.78942945552838
645 82.03921680467492
646 103.81644614238412
647 79.04141758381293
648 36.842143721997026
649 51.087965870851534
650 55.98263483304708
651 78.47449423993504
652 114.95210640024614
653 108.08058817108498
654 115.20421909033645
655 113.87300530364986
656 86.64570245577642
657 61.743579816214655
658 104.7047183189887
659 119.15181304948419
660 46.18778320339482
661 45.6509457832306
662 84.08281116849872
663 34.22385901203405
664 24.859799968498947
665 118.19491606688855
666 90.04492475204844
667 26.132580102873387
668 27.621021615693614
669 33.49412254906402
670 25.42286053817743
671 89.7292616022921
672 56.9967256456526
673 72.15827635480784
674 65.79096799790713
675 51.238211716373314
676 33.00986850378835
677 27.957320429358827
678 51.53266134595286
679 94.24405511988783
680 68.07044185639168
681 56.6969691311402
682 59.86612302000556
683 76.95184506493972
684 83.959346938912
685 106.98136956295393
686 106.1242611688883
687 112.01216122016534
688 64.39127148497681
689 69.0476336309998
690 106.4941012663945
691 35.769620724315914
692 21.113742144296147
693 97.48577968658242
694 45.45599072812544
695 102.48481496269825
696 114.09715283521311
697 86.41165298466211
698 30.323122131352527
699 100.89596994655399
700 107.09323301089573
701 101.5391748385484
702 82.56701876934127
703 105.4280579486286
704 58.68708656446142
705 102.60228554877027
706 111.02486223841973
707 42.423529602582946
708 45.940560334433655
709 21.70577423361863
710 35.61958051536642
711 72.96019960256507
712 92.82241010713926
713 98.43813655296985
714 81.88388270763896
715 68.13827382531008
716 28.843317501056656
717 110.95850657310214
718 46.36450462693706
719 80.15982464291992
720 34.661526479460505
721 83.77358060901058
722 40.89313792255636
723 93.09055159705076
724 40.89750336560259
725 97.5494065213816
726 59.745634177758106
727 70.88496539022938
728 33.99367896690485
729 74.05678027455204
730 77.8712412106369
731 107.07258131681228
732 88.67796402796388
733 60.22791116024968
734 80.6588150086236
735 20.44411903029139
736 90.43745893586899
737 89.30592388469846
738 46.1170604052664
739 34.14309978686528
740 33.38133717451554
741 54.19768205551466
742 48.88103281066895
743 21.7596502505685
744 78.9696136840746
745 88.3942853751907
746 32.117311997472726
747 103.33971739918657
748 39.307138356079044
749 113.20257298240259
750 98.18534920570097
751 26.664288423954556
752 105.04979910287557
753 76.53475985766056
754 101.82274249175745
755 74.71968217661335
756 72.44260063421649
757 78.13238310032324
758 90.65724276059655
759 98.97128434526905
760 36.606919316903635
761 48.85448437639829
762 27.00854406748672
763 89.86960817458286
764 108.91690473215228
765 27.53900295754059
766 42.22800594877366
767 60.95888279545522
768 85.1526496454211
769 57.95016556954197
770 20.234632648309617
771 41.024835880568716
772 38.09041335729056
773 110.45358492067588
774 80.44080325066787
775 39.90972138738762
776 33.287799206922834
777 118.3147512312875
778 31.921384072046855
779 77.93903450632615
780 70.04454459645217
781 106.89536999650016
782 100.46501234895341
783 46.34579632204592
784 30.867093865136706
785 85.52606973320235
786 88.05649893182743
787 96.64467283186454
788 82.23790922666944
789 66.46277954414481
790 110.37448713805458
791 40.59959731332191
792 107.08805893476509
793 73.08804077362893
794 72.04857166434846
795 79.24498712271033
796 65.09431331505012
797 100.39742545187019
798 81.70536822897733
799 69.3620515651587
800 70.76958458029037
801 94.81511643098973
802 79.24303520109382
803 78.87806160350837
804 51.288297889207044
805 27.511625669837418
806 46.30904614139365
807 78.8479110967854
808 96.08581383810987
809 45.65054481410914
810 97.61605899356121
811 68.9936611853956
812 38.49379544508055
813 99.3700853785462
814 105.51592745092474
815 36.2191808314368
816 116.02098611421337
817 58.8091205007702
818 93.16208290420383
819 101.08342522467201
820 40.361551976850556
821 55.11633738990561
822 42.62560982861359
823 115.90723888065706
824 70.81083510947519
825 102.13498351024118
826 103.49054763780114
827 40.005062755261726
828 25.49092335302951
829 81.33461174635632
830 54.739096123965474
831 32.474256125331365
832 83.63621351285137
833 101.56517793964802
834 68.14750495002305
835 71.04116765824324
836 29.161707389420528
837 77.33768713681718
838 44.948689936391865
839 26.654556839789784
840 60.83450839682475
841 104.5895118933594
842 49.177675013424036
843 97.83326217344533
844 47.59157946483827
845 51.27143954341672
846 40.90115737789429
847 36.21652820518581
848 38.89452636091133
849 21.597391837299778
850 20.44264982385156
851 75.33173117481346
852 49.484808676496144
853 97.4266295619116
854 30.749826529088665
855 108.2857092826223
856 25.50043545437063
857 108.00225421868595
858 29.210786930704895
859 46.90224145843939
860 64.63785292833816
861 30.148613262371658
862 32.51121897716081
863 34.769700819840295
864 106.89041982713321
865 75.0342041531668
866 58.53447523769326
867 79.72926897688237
868 34.36746152044477
869 74.73556348157584
870 37.841843959660466
871 117.5254869738663
872 118.79563935549471
873 42.09147880445577
874 43.93037303688435
875 117.65739308872543
876 33.526914180171566
877 40.71585437620173
878 96.25079346115035
879 94.90982894988494
880 103.22515540699621
881 68.54139368720953
882 22.87826053461462
883 95.61094424915018
884 98.8760213778601
885 27.895208794240048
886 30.763741219469136
887 86.35333430471962
888 98.36241126574939
889 27.861363441210223
890 20.65409883641385
891 84.73263813344187
892 23.57050369190856
893 40.56425458819423
894 101.0539951644958
895 36.598831367807506
896 33.83892316722055
897 112.0106486020822
898 101.01297564747647
899 62.38186085030396
900 102.53639667272523
901 110.25710954406426
902 55.056204010999934
903 66.24468307543204
904 28.650778659370207
905 78.92342364189108
906 35.237487187522504
907 26.133155535449774
908 38.49506246250784
909 52.451595601133214
910 35.078366783407894
911 60.23364359406727
912 113.98360643480086
913 81.01381556968175
914 68.06726414372932
915 95.91561745065947
916 43.40449261833257
917 107.60176685660633
918 29.427745249010616
919 50.927912145164726
920 28.211588273778112
921 37.58353891268357
922 84.02519935621518
923 73.43375160406043
924 95.08247370974107
925 41.893290190303205
926 85.56632878250144
927 77.4109836819469
928 56.33619288899636
929 39.0227294295817
930 102.65604110133046
931 53.01047542990357
932 33.77726810081265
933 108.11239504094839
934 25.81146132412474
935 27.656930713970134
936 111.13022242852234
937 95.69462100303424
938 56.19296107624381
939 102.99284811074106
940 108.4514358771485
941 92.01894383524846
942 31.597253877291113
943 95.2077494576342
944 78.25280448912969
945 69.39469115963412
946 28.16772891258231
947 61.86117257243408
948 107.54441083967792
949 94.61429713299185
950 87.31242424543686
951 106.99938151160121
952 72.60095541418677
953 50.27489060723079
954 56.4801090281356
955 118.18209867355317
956 33.97946025100334
957 25.694560007087407
958 99.7301688275318
959 103.97704051001065
960 78.16334549313657
961 67.12357702240453
962 29.442115369673232
963 68.54634009198726
964 109.18065988264621
965 109.07987105579174
966 34.045698486258615
967 81.1404780492536
968 68.64189407190531
969 43.89180349573713
970 28.31275103175607
971 72.63162821491761
972 115.86549542245875
973 24.91034068260855
974 32.5370783259964
975 118.65980120485686
976 31.10678570320135
977 40.35654834005901
978 94.83883328686241
979 49.53155502304985
980 114.37873147631812
981 39.399242671639705
982 106.86496837690268
983 60.702464758369736
984 39.95058824516299
985 39.81156423646483
986 27.31756751955447
987 84.4908917674155
988 92.33316741900711
989 97.4341424348508
990 20.02691768821399
991 23.61208993888108
992 53.40705733179482
993 71.67640585612938
994 33.69646240436697
995 40.18802723399733
996 32.32288482055305
997 78.41651604014166
998 98.98181106223315
999 40.07969331098218
0 1
0 853
1 2
1 285
1 474
1 998
2 3
2 237
2 430
2 431
2 642
3 4
3 111
4 5
4 231
4 701
5 6
5 192
6 7
6 790
7 8
7 402
7 756
8 9
8 13
8 167
9 10
9 931
10 11
10 12
10 22
10 953
11 12
11 281
11 659
11 795
12 13
12 222
12 422
13 14
13 752
14 15
14 331
14 692
14 777
14 809
15 16
15 70
15 84
15 355
15 572
16 17
16 100
16 358
16 370
17 18
17 319
17 538
18 19
18 641
18 773
19 20
20 21
21 22
21 987
22 23
22 449
22 590
23 24
23 181
23 299
23 352
24 25
25 26
26 27
26 68
27 28
27 542
27 609
28 29
28 568
29 30
29 133
29 315
30 31
30 422
30 951
31 32
32 33
32 202
32 536
33 34
33 140
33 184
34 35
34 613
34 942
35 36
35 116
35 576
36 37
36 133
36 385
37 38
37 527
38 39
38 764
39 40
39 72
39 409
39 535
40 41
40 750
40 835
41 42
41 512
41 571
41 788
42 43
42 391
42 498
43 44
43 48
43 435
43 561
43 727
44 45
44 91
44 163
45 46
45 665
45 788
45 822
46 47
46 243
47 48
47 533
47 638
47 830
48 49
49 50
49 774
50 51
50 277
50 642
51 52
51 548
52 53
53 54
53 863
54 55
54 743
55 56
55 628
55 663
56 57
56 169
56 614
56 719
56 811
56 814
56 903
57 58
57 364
57 726
58 59
58 821
59 60
59 75
59 347
59 430
60 61
60 759
60 960
61 62
61 260
61 458
61 638
61 933
62 63
62 331
63 64
63 256
63 641
64 65
64 718
64 739
64 778
64 784
65 66
66 67
66 373
66 967
67 68
67 244
68 69
68 403
68 721
69 70
69 524
69 972
70 71
70 611
71 72
72 73
72 176
73 74
73 77
73 202
73 213
73 303
73 616
74 75
74 993
75 76
76 77
76 454
76 466
77 78
77 171
77 395
77 587
77 659
78 79
78 576
78 610
78 633
78 912
79 80
79 496
79 886
80 81
80 84
80 137
80 411
80 580
80 663
80 664
80 809
80 903
80 941
81 82
81 105
81 203
81 417
81 963
81 968
82 83
82 120
83 84
83 441
83 746
83 813
84 85
84 438
84 461
84 608
84 977
85 86
85 508
85 913
86 87
86 852
87 88
88 89
88 356
89 90
89 186
90 91
90 335
90 975
91 92
91 116
92 93
93 94
93 736
94 95
94 387
94 596
95 96
96 97
96 419
97 98
97 337
97 401
98 99
98 670
98 846
99 100
99 559
99 818
99 939
100 101
100 133
100 180
100 395
101 102
101 323
101 611
102 103
102 247
102 381
102 443
102 632
103 104
103 253
103 568
104 105
105 106
105 324
105 462
105 594
105 603
106 107
106 270
106 354
106 677
107 108
107 132
108 109
109 110
109 327
109 979
110 111
111 112
111 141
111 447
112 113
112 705
113 114
113 795
114 115
114 316
114 472
114 684
115 116
115 418
116 117
116 797
117 118
117 126
117 597
118 119
118 645
119 120
119 530
119 648
120 121
120 378
121 122
121 131
121 686
122 123
122 863
123 124
123 355
123 453
124 125
124 567
124 835
125 126
125 144
125 321
125 955
126 127
126 230
126 666
127 128
127 554
128 129
128 500
128 755
129 130
129 148
129 179
129 212
129 451
130 131
130 549
130 553
131 132
131 172
131 344
132 133
132 934
133 134
133 300
133 381
133 934
134 135
134 240
134 768
134 806
135 136
135 229
135 280
135 332
135 832
136 137
136 817
137 138
137 172
138 139
138 528
138 603
138 826
138 909
139 140
140 141
141 142
141 244
141 320
141 462
141 987
142 143
142 283
142 806
143 144
143 314
144 145
144 321
145 146
145 329
145 353
145 480
146 147
146 848
146 893
147 148
147 259
147 319
147 820
148 149
148 287
148 744
149 150
149 826
150 151
150 959
151 152
151 357
151 604
152 153
153 154
153 411
154 155
154 270
154 642
155 156
155 650
155 674
156 157
156 841
156 962
157 158
157 816
158 159
158 793
159 160
159 253
159 613
160 161
160 754
160 772
161 162
161 769
162 163
162 344
163 164
163 533
164 165
164 372
164 430
165 166
165 549
165 935
166 167
166 748
166 892
167 168
167 399
167 786
168 169
168 827
169 170
170 171
170 305
170 855
171 172
171 219
171 456
171 493
172 173
172 995
173 174
173 474
173 793
174 175
174 183
174 272
174 353
174 444
175 176
176 177
176 234
176 265
177 178
178 179
178 323
178 582
178 622
178 743
178 918
179 180
179 631
179 678
180 181
180 212
180 994
181 182
181 251
181 892
182 183
182 319
183 184
183 678
184 185
184 715
185 186
186 187
186 907
187 188
188 189
188 984
189 190
189 598
189 734
189 806
189 958
190 191
190 401
190 790
190 863
191 192
191 278
191 289
192 193
192 420
192 584
193 194
194 195
194 316
195 196
196 197
196 391
196 416
197 198
197 618
198 199
199 200
199 791
199 980
200 201
200 625
200 737
200 818
200 849
201 202
201 221
201 418
202 203
202 270
202 523
202 710
203 204
203 467
203 783
204 205
204 243
204 260
204 880
205 206
205 326
205 771
205 973
206 207
206 515
207 208
207 577
207 730
208 209
208 451
209 210
209 285
209 909
210 211
210 549
210 628
211 212
211 987
212 213
212 821
213 214
213 665
213 918
214 215
214 425
214 668
215 216
216 217
217 218
217 441
218 219
218 567
218 583
218 623
219 220
220 221
220 443
220 472
220 529
221 222
222 223
222 278
223 224
223 464
224 225
224 371
224 636
224 883
225 226
225 538
225 694
226 227
226 669
226 741
227 228
227 276
227 825
228 229
228 236
228 272
229 230
230 231
230 538
230 549
230 565
231 232
231 295
232 233
232 578
232 596
232 966
233 234
233 653
233 956
234 235
235 236
235 368
235 703
236 237
236 238
236 976
236 991
237 238
237 874
237 998
238 239
238 673
238 731
238 973
239 240
240 241
240 743
240 890
241 242
241 398
241 417
242 243
242 616
243 244
243 736
244 245
244 716
245 246
245 706
245 895
246 247
246 992
247 248
247 966
248 249
248 445
249 250
249 970
250 251
251 252
251 750
252 253
252 523
253 254
253 612
254 255
254 512
255 256
255 710
256 257
256 407
256 864
257 258
257 266
258 259
258 368
258 514
259 260
259 696
260 261
260 394
260 519
260 531
260 802
260 884
261 262
261 341
261 478
262 263
262 404
262 937
262 950
263 264
263 423
263 859
264 265
264 266
264 602
265 266
265 911
266 267
267 268
267 360
268 269
268 290
268 499
268 842
269 270
269 499
269 905
270 271
270 460
271 272
272 273
272 498
273 274
273 499
273 878
273 929
274 275
274 626
275 276
276 277
276 359
277 278
277 796
278 279
278 863
279 280
279 326
280 281
280 741
281 282
281 369
281 446
281 841
282 283
282 919
283 284
283 405
283 781
283 801
284 285
284 542
284 861
284 976
285 286
285 829
286 287
286 484
287 288
288 289
288 765
288 787
288 857
288 911
289 290
289 639
290 291
290 333
290 455
291 292
291 388
291 785
292 293
293 294
294 295
294 411
294 524
295 296
295 569
295 620
295 913
296 297
296 650
296 695
296 972
297 298
297 566
297 615
297 719
298 299
298 748
299 300
300 301
301 302
301 424
301 629
301 922
302 303
302 487
302 659
303 304
304 305
304 422
304 484
305 306
305 440
306 307
306 314
306 744
307 308
308 309
308 723
309 310
310 311
310 794
311 312
311 365
312 313
312 645
313 314
313 389
313 815
314 315
314 707
314 908
315 316
316 317
317 318
317 328
317 607
317 635
317 858
318 319
318 325
318 618
318 651
318 959
319 320
320 321
321 322
322 323
323 324
323 637
323 894
324 325
324 997
325 326
325 572
325 803
326 327
327 328
328 329
328 558
328 785
329 330
329 761
330 331
330 402
330 599
330 980
331 332
332 333
333 334
333 874
334 335
334 985
335 336
335 895
336 337
337 338
337 391
337 400
337 616
337 714
338 339
339 340
339 722
339 805
339 815
339 976
340 341
340 509
340 635
340 648
341 342
342 343
343 344
343 940
344 345
344 482
344 715
345 346
345 468
346 347
346 659
347 348
347 989
348 349
349 350
349 374
350 351
350 467
350 492
350 648
350 998
351 352
352 353
352 531
352 763
353 354
354 355
354 734
355 356
355 437
355 763
356 357
357 358
358 359
359 360
359 417
359 428
359 492
359 641
359 835
360 361
361 362
361 488
362 363
363 364
363 975
364 365
364 411
364 886
365 366
365 433
365 696
365 799
365 954
366 367
366 646
366 658
366 809
367 368
367 820
367 857
368 369
368 441
368 695
369 370
369 395
369 410
369 419
369 851
370 371
370 456
370 783
371 372
372 373
372 588
372 970
373 374
373 991
374 375
375 376
376 377
376 410
377 378
377 550
378 379
379 380
379 455
380 381
380 506
380 549
380 758
381 382
381 953
382 383
382 602
383 384
383 710
384 385
385 386
385 430
385 465
386 387
386 553
387 388
387 648
387 703
388 389
388 961
389 390
389 798
390 391
391 392
392 393
393 394
393 552
393 982
394 395
395 396
395 957
396 397
397 398
397 458
397 784
398 399
398 649
399 400
400 401
401 402
402 403
402 586
402 676
402 877
402 971
403 404
403 784
404 405
404 525
405 406
406 407
406 500
406 595
406 610
406 728
407 408
407 786
407 850
408 409
408 686
408 889
408 954
409 410
409 524
409 695
409 926
410 411
411 412
412 413
412 652
412 670
412 705
412 804
413 414
413 880
414 415
414 588
415 416
416 417
416 535
417 418
417 507
417 605
417 641
418 419
418 599
418 601
419 420
419 740
420 421
421 422
421 651
422 423
422 770
422 882
423 424
423 501
423 582
423 618
424 425
424 958
425 426
425 860
426 427
427 428
428 429
428 550
429 430
429 663
430 431
430 494
431 432
431 857
431 990
432 433
433 434
433 571
433 631
434 435
435 436
435 856
436 437
436 719
437 438
437 626
438 439
438 627
438 851
438 856
439 440
440 441
441 442
441 529
441 732
441 977
442 443
443 444
444 445
444 569
445 446
445 619
446 447
447 448
447 587
447 690
448 449
448 691
448 786
449 450
450 451
450 558
451 452
451 823
452 453
452 535
453 454
453 593
454 455
454 581
454 980
455 456
455 798
455 804
456 457
457 458
457 716
457 984
458 459
458 602
458 638
459 460
459 656
460 461
460 551
461 462
461 923
462 463
462 467
462 698
462 836
463 464
463 514
463 577
463 652
463 900
464 465
464 538
464 578
464 833
465 466
466 467
466 523
467 468
467 747
467 841
468 469
468 697
468 812
469 470
469 515
469 545
470 471
470 555
470 577
470 969
471 472
471 515
471 651
472 473
472 958
473 474
473 791
474 475
474 576
475 476
475 992
476 477
476 559
477 478
477 508
477 959
478 479
478 757
479 480
479 805
480 481
481 482
482 483
482 612
483 484
484 485
485 486
485 698
486 487
486 503
487 488
488 489
488 707
488 743
488 850
488 873
489 490
489 536
490 491
491 492
491 724
491 734
492 493
492 751
493 494
493 629
494 495
494 499
495 496
496 497
496 838
497 498
497 554
497 813
498 499
498 590
499 500
499 955
500 501
501 502
502 503
503 504
503 870
504 505
504 875
505 506
505 877
506 507
506 942
507 508
508 509
508 510
508 761
509 510
509 624
510 511
511 512
511 835
512 513
513 514
514 515
515 516
515 782
515 957
516 517
517 518
517 766
518 519
519 520
519 593
519 753
520 521
520 694
521 522
522 523
523 524
523 702
524 525
525 526
526 527
526 713
527 528
527 748
528 529
528 972
529 530
529 777
530 531
530 680
531 532
531 570
532 533
532 901
532 947
533 534
533 737
534 535
535 536
535 817
536 537
536 950
537 538
538 539
539 540
539 559
539 731
539 848
540 541
541 542
542 543
542 790
542 962
543 544
544 545
545 546
545 675
545 702
545 761
545 826
546 547
546 693
547 548
547 744
547 767
548 549
549 550
549 762
549 876
550 551
550 972
551 552
551 562
552 553
553 554
554 555
554 685
555 556
555 627
556 557
557 558
558 559
558 738
558 983
559 560
559 657
559 868
560 561
560 871
560 925
561 562
561 747
562 563
563 564
563 708
563 806
564 565
564 794
565 566
565 604
566 567
566 984
567 568
567 708
567 995
568 569
568 774
569 570
569 657
569 935
570 571
570 575
571 572
572 573
572 630
572 653
572 830
572 841
573 574
574 575
575 576
576 577
576 994
577 578
578 579
579 580
579 900
579 925
580 581
580 796
581 582
581 651
582 583
583 584
583 953
584 585
584 925
585 586
585 779
585 967
586 587
586 724
587 588
588 589
589 590
590 591
591 592
592 593
593 594
594 595
594 659
594 934
594 944
594 965
594 994
595 596
595 659
595 784
596 597
597 598
597 783
598 599
598 727
598 921
599 600
600 601
601 602
601 675
601 752
601 765
602 603
603 604
603 747
604 605
604 707
604 915
604 960
605 606
605 626
606 607
606 675
607 608
608 609
609 610
610 611
610 914
611 612
611 966
612 613
612 973
613 614
614 615
615 616
615 884
616 617
616 948
617 618
618 619
619 620
619 984
620 621
620 781
620 865
621 622
622 623
623 624
624 625
624 750
624 754
625 626
626 627
626 882
627 628
628 629
628 762
628 771
629 630
630 631
631 632
631 670
631 847
632 633
633 634
633 896
634 635
635 636
635 761
635 937
636 637
637 638
637 908
637 964
638 639
638 690
639 640
640 641
640 762
641 642
641 905
642 643
643 644
644 645
644 686
645 646
646 647
647 648
647 924
648 649
649 650
649 720
650 651
651 652
652 653
653 654
653 784
654 655
654 708
655 656
656 657
656 676
657 658
658 659
658 832
659 660
659 864
659 970
660 661
661 662
662 663
662 738
663 664
663 980
664 665
664 819
665 666
665 945
666 667
666 952
667 668
667 836
668 669
669 670
670 671
670 718
671 672
672 673
673 674
673 718
673 857
674 675
674 950
675 676
676 677
676 894
677 678
677 998
678 679
679 680
680 681
680 698
681 682
681 744
682 683
682 823
683 684
684 685
684 744
684 926
685 686
686 687
686 970
686 972
687 688
687 703
688 689
688 760
688 904
689 690
689 729
689 731
690 691
691 692
691 695
691 928
692 693
692 937
693 694
693 852
694 695
694 955
695 696
695 816
696 697
697 698
698 699
698 710
699 700
700 701
701 702
702 703
702 742
703 704
704 705
704 865
705 706
706 707
707 708
707 919
707 978
708 709
708 782
709 710
709 843
710 711
710 802
711 712
711 861
712 713
713 714
714 715
715 716
715 804
716 717
716 984
717 718
717 725
718 719
719 720
720 721
721 722
721 834
722 723
722 854
723 724
724 725
725 726
725 808
725 892
726 727
727 728
727 908
728 729
728 857
728 887
729 730
729 902
729 973
730 731
730 907
731 732
732 733
733 734
734 735
735 736
736 737
736 900
737 738
737 900
737 944
738 739
739 740
739 895
740 741
741 742
742 743
743 744
744 745
745 746
745 769
746 747
747 748
748 749
748 761
749 750
750 751
751 752
751 756
752 753
753 754
753 771
753 822
754 755
754 920
755 756
756 757
757 758
758 759
758 836
758 970
759 760
760 761
760 776
761 762
762 763
763 764
764 765
764 952
765 766
766 767
766 914
766 997
767 768
768 769
769 770
769 771
769 960
770 771
771 772
771 789
772 773
773 774
774 775
775 776
776 777
777 778
778 779
779 780
780 781
781 782
782 783
783 784
784 785
784 821
785 786
786 787
787 788
788 789
788 811
788 842
788 895
789 790
790 791
790 904
791 792
792 793
792 843
793 794
794 795
795 796
796 797
797 798
798 799
798 880
799 800
799 823
800 801
801 802
801 924
802 803
802 943
802 971
803 804
803 923
804 805
805 806
806 807
807 808
808 809
809 810
810 811
811 812
812 813
813 814
814 815
815 816
815 874
816 817
817 818
818 819
819 820
820 821
821 822
821 893
822 823
822 951
823 824
824 825
824 930
825 826
826 827
827 828
828 829
829 830
830 831
831 832
831 964
832 833
833 834
834 835
835 836
836 837
837 838
838 839
838 841
839 840
840 841
841 842
842 843
843 844
844 845
845 846
845 906
846 847
847 848
848 849
848 857
849 850
850 851
850 963
851 852
852 853
853 854
853 873
854 855
855 856
855 997
856 857
857 858
857 958
858 859
858 879
859 860
860 861
861 862
862 863
863 864
864 865
865 866
865 999
866 867
866 967
866 979
867 868
868 869
869 870
870 871
871 872
872 873
873 874
874 875
874 900
875 876
876 877
877 878
878 879
879 880
880 881
881 882
881 949
882 883
883 884
883 929
884 885
885 886
886 887
886 907
887 888
888 889
889 890
890 891
891 892
892 893
893 894
894 895
895 896
896 897
897 898
898 899
898 919
899 900
900 901
900 992
901 902
902 903
903 904
904 905
905 906
906 907
907 908
908 909
909 910
910 911
911 912
912 913
913 914
914 915
915 916
916 917
917 918
918 919
919 920
920 921
921 922
922 923
923 924
924 925
925 926
925 931
925 974
926 927
927 928
928 929
929 930
930 931
931 932
932 933
933 934
934 935
935 936
936 937
937 938
938 939
939 940
940 941
941 942
942 943
943 944
944 945
945 946
946 947
947 948
948 949
949 950
950 951
951 952
952 953
953 954
954 955
955 956
956 957
956 984
957 958
958 959
959 960
960 961
961 962
962 963
963 964
963 994
964 965
965 966
966 967
967 968
968 969
969 970
970 971
971 972
972 973
973 974
974 975
975 976
976 977
976 981
977 978
978 979
979 980
980 981
981 982
982 983
983 984
984 985
985 986
986 987
987 988
988 989
989 990
990 991
991 992
992 993
993 994
994 995
995 996
996 997
997 998
998 999
