0 69.80655315439316
1 26.577799183299604
2 78.32796946119896
3 64.71878476314888
4 25.436315425851824
5 97.87757483511247
6 35.59132875316066
7 44.22544547253864
8 42.10152096571397
9 43.62519815481207
10 46.8690408802544
11 53.24206448398388
12 59.97634827319748
13 81.00612276169238
14 47.93250040818075
15 106.29092275342248
16 97.46725174026213
17 94.9217803708112
18 102.29871318052328
19 48.04034716701982
20 61.2149260894043
21 61.99582253026849
22 96.57434583594765
23 113.93666318367482
24 48.979678488497335
25 108.8310656885223
26 114.01183873962685
27 26.00391142197897
28 74.68571259228578
29 23.75853856688866
30 64.43006507403696
31 100.13279928256102
32 112.18496689155234
33 56.2613115739297
34 67.49963044626895
35 70.18415335829805
36 49.71139316840329
37 106.32229660806223
38 83.36563246265675
39 66.36110799536785
40 70.53158322413304
41 27.136550151873287
42 59.678270075932375
43 20.55817299909433
44 26.957943612932414
45 38.94502850466118
46 117.32443148048104
47 109.77421532359682
48 54.675664790239196
49 79.18819258560626
50 28.50097803273333
51 90.18027607420828
52 82.24498288385995
53 94.74418599664342
54 50.243151307433514
55 119.0620997922831
56 26.6752883778835
57 115.70781198477822
58 64.11914638973786
59 109.6111034397857
60 30.127888264398614
61 36.98284601969764
62 38.524571819906086
63 114.41647233265847
64 85.08930562720649
65 73.90172386391639
66 73.85817329536016
67 87.51493832173426
68 115.76723100063057
69 51.15293792801794
70 112.8328491952646
71 31.983698447757497
72 31.99631176090097
73 30.488011858213753
74 98.27362526506263
75 100.31588351394984
76 48.60120708297656
77 81.99620401843671
78 38.976953418041866
79 78.1968543952882
80 67.94943072744624
81 56.1765990922457
82 100.55332742801674
83 48.803480335331344
84 56.336675627739744
85 119.60355577762073
86 72.64784229752252
87 104.37757654984375
88 105.88250928309817
89 75.67300769301738
90 76.53105220636971
91 44.578419008169675
92 62.774411727038014
93 103.73338433843642
94 67.77504340568746
95 76.99830387441554
96 119.98335016401283
97 114.846426959531
98 57.5773863802089
99 114.2289651610524
0 1
0 11
0 20
0 25
0 27
0 30
0 36
0 57
0 59
0 81
0 82
0 88
1 2
1 11
1 21
1 26
1 58
1 59
1 60
1 61
1 64
1 66
1 76
1 82
1 90
2 3
2 7
2 17
2 32
2 37
2 39
2 46
2 62
2 65
2 73
2 78
2 79
2 82
2 87
2 92
2 94
2 99
3 4
3 9
3 10
3 23
3 24
3 30
3 37
3 40
3 53
3 61
3 66
3 69
3 71
3 72
3 89
3 96
4 5
4 22
4 32
4 36
4 39
4 53
4 54
4 58
4 80
4 84
5 6
5 15
5 24
5 37
5 38
5 53
5 55
5 58
5 60
5 62
5 80
5 83
5 89
5 90
5 91
5 95
5 98
6 7
6 9
6 14
6 15
6 41
6 43
6 53
6 55
6 60
6 61
6 64
6 65
6 73
6 77
6 82
6 85
6 89
6 93
6 97
7 8
7 16
7 26
7 29
7 42
7 54
7 58
7 61
7 64
7 79
7 90
7 93
8 9
8 11
8 15
8 18
8 24
8 25
8 33
8 37
8 38
8 41
8 45
8 48
8 54
8 58
8 61
8 68
8 72
8 89
8 95
9 10
9 21
9 34
9 40
9 55
9 59
9 68
9 72
9 74
9 79
9 83
9 84
10 11
10 13
10 36
10 40
10 55
10 58
10 60
10 70
10 84
10 91
10 95
11 12
11 28
11 30
11 39
11 43
11 45
11 49
11 51
11 53
11 59
11 74
11 82
12 13
12 25
12 26
12 34
12 40
12 67
12 84
12 85
12 89
12 95
13 14
13 21
13 32
13 35
13 41
13 42
13 43
13 54
13 61
13 62
13 71
13 72
13 86
13 94
13 99
14 15
14 20
14 25
14 33
14 36
14 38
14 43
14 45
14 47
14 50
14 58
14 64
14 66
14 70
14 71
14 73
14 79
14 84
14 90
14 95
15 16
15 22
15 23
15 27
15 28
15 34
15 38
15 54
15 57
15 61
15 77
15 93
15 97
16 17
16 38
16 40
16 53
16 60
16 61
16 71
16 76
16 97
17 18
17 27
17 29
17 50
17 54
17 56
17 73
17 74
17 79
17 83
17 91
17 92
17 93
17 95
17 98
18 19
18 22
18 38
18 67
18 68
18 72
18 74
18 76
18 81
18 88
18 91
18 92
19 20
19 28
19 31
19 36
19 43
19 80
19 85
19 90
20 21
20 22
20 23
20 25
20 29
20 37
20 48
20 49
20 54
20 59
20 71
20 75
20 80
20 83
20 84
21 22
21 25
21 30
21 31
21 36
21 39
21 43
21 44
21 55
21 57
21 58
21 69
21 71
21 78
21 81
22 23
22 29
22 31
22 32
22 41
22 68
22 74
22 83
22 87
22 91
22 97
22 99
23 24
23 43
23 52
23 59
23 60
23 63
23 64
23 77
23 84
23 90
23 93
24 25
24 41
24 50
24 55
24 68
24 75
24 96
24 99
25 26
25 32
25 36
25 47
25 48
25 51
25 53
25 56
25 57
25 84
25 85
25 95
25 96
26 27
26 28
26 36
26 46
26 50
26 51
26 53
26 62
26 64
26 71
26 87
26 92
27 28
27 45
27 51
27 54
27 56
27 59
27 62
27 66
27 67
27 79
27 85
27 89
27 92
28 29
28 35
28 39
28 44
28 51
28 52
28 53
28 66
28 73
28 74
28 80
28 83
28 89
28 90
29 30
29 36
29 49
29 50
29 65
29 74
29 81
29 88
29 92
30 31
30 48
30 72
30 75
30 78
30 81
30 83
30 85
30 87
30 90
31 32
31 39
31 42
31 45
31 46
31 48
31 54
31 55
31 56
31 74
31 82
31 89
31 92
31 95
31 98
32 33
32 49
32 58
32 68
32 69
32 75
32 80
32 91
32 94
33 34
33 42
33 47
33 51
33 60
33 63
33 64
33 66
33 68
33 70
33 71
33 75
33 78
33 89
33 92
33 98
33 99
34 35
34 46
34 54
34 55
34 66
34 85
34 92
35 36
35 38
35 42
35 45
35 59
35 61
35 66
36 37
36 41
36 42
36 54
36 55
36 72
36 75
36 77
36 80
36 81
36 86
36 89
37 38
37 39
37 41
37 42
37 44
37 49
37 60
37 61
37 62
37 71
37 74
37 78
37 85
38 39
38 55
38 57
38 63
38 64
38 77
38 78
38 79
38 81
38 95
39 40
39 51
39 57
39 64
39 65
39 76
39 87
39 91
40 41
40 53
40 56
40 65
40 68
40 76
40 77
40 84
40 87
40 88
40 91
40 94
41 42
41 43
41 50
41 52
41 53
41 56
41 62
41 89
41 95
42 43
42 44
42 47
42 53
42 56
42 59
42 63
42 66
42 67
42 73
42 76
42 83
43 44
43 57
43 63
43 69
43 77
43 88
43 89
43 95
44 45
44 47
44 51
44 58
44 68
44 81
45 46
45 53
45 86
45 88
45 96
45 98
46 47
46 49
46 67
46 72
46 73
46 74
46 85
46 89
46 93
47 48
47 54
47 58
47 74
47 81
47 89
48 49
48 62
48 63
48 67
48 69
48 79
48 84
48 86
48 91
48 99
49 50
49 52
49 55
49 57
49 68
49 76
49 82
49 86
49 87
49 93
49 94
50 51
50 52
50 57
50 58
50 63
50 72
50 74
50 80
50 82
50 94
50 99
51 52
51 54
51 55
51 60
51 63
51 64
51 65
51 70
51 78
51 80
51 83
51 93
52 53
52 61
52 63
52 69
52 80
52 88
53 54
53 58
53 69
53 73
53 75
53 91
53 98
54 55
54 65
54 67
54 75
54 81
54 84
54 95
55 56
55 58
55 59
55 63
55 72
55 87
55 96
56 57
56 58
56 59
56 66
56 67
56 76
56 77
56 79
56 85
56 88
56 91
56 97
57 58
57 59
57 64
58 59
58 77
58 87
58 90
59 60
59 71
59 83
59 88
59 90
59 91
59 92
60 61
60 70
61 62
61 64
61 68
61 78
61 81
61 82
61 86
61 88
61 90
61 93
62 63
62 72
62 74
62 91
62 93
62 94
62 96
63 64
63 73
63 74
63 80
63 95
64 65
64 72
64 82
64 86
64 98
65 66
65 83
65 85
65 90
65 93
66 67
66 75
66 81
66 89
66 91
67 68
67 87
67 91
67 95
68 69
68 81
68 89
68 90
68 91
68 92
69 70
69 73
69 75
69 78
69 83
69 84
69 89
69 95
70 71
70 94
70 97
71 72
71 74
71 87
71 89
71 98
71 99
72 73
72 75
72 88
72 92
73 74
73 82
73 99
74 75
74 76
74 85
74 88
74 90
74 99
75 76
75 87
76 77
76 78
76 80
76 86
77 78
77 83
77 91
77 94
78 79
78 98
79 80
79 81
79 91
79 95
80 81
81 82
81 85
81 86
81 93
81 96
82 83
82 85
82 92
83 84
84 85
84 93
84 98
84 99
85 86
85 94
86 87
86 96
86 99
87 88
87 89
87 94
88 89
89 90
90 91
90 92
91 92
92 93
92 97
93 94
93 95
93 97
94 95
95 96
95 97
96 97
97 98
98 99
