0 50.51875148603205
1 34.36928079698918
2 57.268319301581
3 46.60958632161024
4 106.77116672722411
5 89.73196290249287
6 41.43436494499565
7 30.983704465614927
8 40.149876466487925
9 48.409278340699494
10 98.0145924075321
11 32.193394506156565
12 89.00452868098839
13 68.24161789324987
14 76.07656704039603
15 75.52087362794586
16 25.774010986441002
17 55.46543068754401
18 61.68925350738185
19 54.939733185987954
20 81.31055046507811
21 57.21676870679231
22 118.6354942177238
23 100.62083238858206
24 66.81897495551928
25 98.40061982599357
26 63.948191382680726
27 51.60870536809853
28 75.27452631430714
29 28.89588985905133
30 87.9168027720971
31 41.87471612684038
32 31.780267910872944
33 94.81976690175146
34 92.37090473369831
35 94.76948158942969
36 28.04782530601364
37 98.45412979449354
38 113.33275477495262
39 60.8385816842026
40 20.032836380464584
41 65.440602104009
42 114.54090462753453
43 27.03197557977474
44 89.72910535797729
45 94.979660583665
46 86.88213564041205
47 71.52885684018483
48 72.22318086632593
49 29.023259616723024
50 65.42906123984366
51 37.71624707931264
52 27.33368490222384
53 39.82918082324511
54 80.56596705656807
55 53.300856116497194
56 91.50738165581384
57 101.74934692497169
58 92.59558334234305
59 26.10028380166307
60 80.11665982465344
61 82.75319513789961
62 20.254639100074417
63 106.75097708868874
64 22.90071691874344
65 63.941085984910764
66 62.726218032909735
67 20.386761261704272
68 106.01542366841592
69 71.18169703598318
70 32.022082744721416
71 34.28320367793189
72 63.00447986557971
73 82.01118523314182
74 58.018294340385694
75 46.5294391645681
76 103.97716900521417
77 53.06086734251024
78 101.96260434720712
79 51.980531347200056
80 97.37560062428199
81 98.53403323849167
82 115.9322600407143
83 66.05979232999587
84 21.93706448030413
85 38.631430607663646
86 115.50601449665629
87 64.4219682416406
88 87.80473549033691
89 28.328870736840532
90 90.82430476914764
91 27.054517712133954
92 85.21263849671435
93 71.53928990989849
94 67.24667653638787
95 59.08569665001657
96 56.76841207123899
97 23.44553706740438
98 40.97573888171543
99 97.38452070435912
0 1
0 29
0 81
0 95
1 2
1 40
1 52
1 71
1 85
1 88
2 3
2 56
3 4
4 5
4 18
4 54
4 56
5 6
6 7
6 20
6 60
7 8
8 9
8 39
8 59
9 10
10 11
10 31
10 73
10 93
11 12
11 16
12 13
12 34
12 38
12 60
13 14
14 15
14 26
15 16
15 18
15 22
15 30
15 39
16 17
16 91
17 18
17 72
18 19
18 51
19 20
19 25
19 49
19 63
19 65
20 21
20 58
20 79
21 22
21 99
22 23
22 31
22 41
23 24
23 55
23 82
24 25
24 51
24 67
24 68
25 26
25 42
25 62
26 27
26 69
27 28
27 33
27 38
27 67
27 81
28 29
28 91
29 30
29 53
30 31
30 63
31 32
31 75
32 33
32 52
32 85
33 34
33 65
33 86
34 35
35 36
35 46
36 37
37 38
37 81
38 39
38 59
38 83
39 40
40 41
40 68
41 42
41 54
41 57
41 63
42 43
42 52
42 86
42 93
43 44
44 45
44 57
44 97
45 46
45 71
46 47
46 64
47 48
48 49
48 62
48 83
49 50
49 53
50 51
50 56
51 52
51 77
51 86
52 53
53 54
54 55
54 83
55 56
56 57
57 58
58 59
59 60
59 98
60 61
61 62
61 86
62 63
63 64
64 65
64 83
64 88
65 66
66 67
66 70
66 93
67 68
67 91
68 69
68 96
69 70
70 71
70 78
71 72
72 73
72 95
73 74
74 75
74 88
75 76
76 77
76 88
77 78
78 79
79 80
79 99
80 81
81 82
81 86
82 83
82 85
83 84
83 90
83 91
83 93
84 85
85 86
86 87
87 88
87 93
88 89
89 90
90 91
91 92
92 93
93 94
94 95
95 96
96 97
97 98
98 99
