0 85.40000222623725
1 105.03642275838459
2 62.695995512661526
3 72.5593684122158
4 71.51061380514932
5 103.54273564040446
6 67.99098482048447
7 114.74208886320923
8 119.43060392454603
9 66.30133735726245
10 40.17633765510806
11 57.62369653369335
12 77.39876253530676
13 118.41864462107547
14 25.264008979131074
15 49.10943540265741
16 119.34884258695058
17 118.89071592822926
18 52.95439481334496
19 83.0068117014603
20 50.8951637046465
21 81.03221462788693
22 98.52905783730091
23 111.89309528641422
24 119.97380206943596
25 99.95117896657132
26 21.910294465932537
27 109.62052093181157
28 111.95192102148899
29 87.70747943726076
30 83.67088079518918
31 106.02083637602242
32 55.990579369342804
33 98.92165020421832
34 111.31245627037143
35 87.56223842933639
36 94.5439135666095
37 114.85471955313179
38 90.79120385552353
39 82.0281745118203
40 71.10030430108661
41 42.358604589972984
42 88.05460293828635
43 22.728851383789777
44 72.61875878016488
45 75.60049433479386
46 63.26322712459111
47 118.32274649308752
48 22.586436964142123
49 63.09356150925223
50 26.406671038819624
51 38.01677104747791
52 58.22084140135173
53 20.32028093622596
54 97.18287619988169
55 58.730188792781796
56 41.06293692622214
57 29.113491718641875
58 74.29528466416713
59 110.74877768441768
60 44.05502854702216
61 68.96429856643938
62 89.7323789224031
63 101.46211513817185
64 30.16994461070952
65 32.55475021868268
66 22.129365856751374
67 92.96831156842713
68 87.75572278045153
69 88.06720573139317
70 69.97184514249813
71 58.64686692747142
72 115.9825993586526
73 64.20115958176498
74 40.18656633864779
75 46.24181489611709
76 60.126856220148795
77 50.33222288998678
78 90.57442768274097
79 30.563608007097084
80 80.89861751804722
81 23.87685968383993
82 75.5760907174685
83 47.60974773467648
84 104.61845742333614
85 39.68037190996718
86 84.0207324609883
87 63.72042213343479
88 41.77024981530925
89 42.12457145362406
90 24.793578572984625
91 48.32692980907898
92 80.30540825009209
93 89.65541679375632
94 111.76807160338191
95 86.91703605274392
96 57.04626296834464
97 113.55987494178643
98 22.883638695491097
99 92.03278878029455
0 1
0 3
0 11
0 12
0 13
0 15
0 16
0 25
0 39
0 46
0 54
0 58
0 62
0 64
0 65
0 82
0 89
0 91
0 93
0 95
1 2
1 5
1 11
1 29
1 31
1 35
1 57
1 60
1 68
1 71
1 72
1 81
1 90
1 96
2 3
2 5
2 6
2 17
2 30
2 35
2 40
2 41
2 53
2 56
2 59
2 61
2 75
2 88
2 92
2 94
3 4
3 5
3 8
3 9
3 22
3 29
3 42
3 44
3 50
3 56
3 60
3 61
3 66
3 80
3 85
3 86
3 88
3 98
3 99
4 5
4 25
4 26
4 37
4 79
4 88
4 93
5 6
5 8
5 17
5 21
5 25
5 34
5 37
5 43
5 50
5 51
5 53
5 61
5 62
5 71
5 72
5 75
5 76
5 89
5 97
5 98
6 7
6 10
6 20
6 23
6 24
6 25
6 32
6 37
6 43
6 46
6 56
6 63
6 64
6 75
6 80
6 86
6 88
7 8
7 18
7 27
7 29
7 40
7 42
7 43
7 56
7 81
7 85
7 88
7 89
8 9
8 13
8 23
8 39
8 45
8 46
8 58
8 59
8 61
8 62
8 76
8 78
8 86
8 89
9 10
9 11
9 13
9 15
9 18
9 19
9 26
9 34
9 44
9 55
9 71
9 83
9 91
9 94
9 99
10 11
10 14
10 21
10 22
10 25
10 26
10 31
10 35
10 48
10 57
10 58
10 59
10 65
10 68
10 73
10 74
10 78
10 79
10 87
10 88
10 94
11 12
11 23
11 26
11 31
11 58
11 61
11 66
11 68
11 71
11 74
11 76
11 85
11 88
11 89
12 13
12 26
12 29
12 49
12 54
12 56
12 59
12 65
12 73
12 80
12 81
12 83
12 90
12 94
12 97
13 14
13 15
13 25
13 42
13 46
13 47
13 51
13 54
13 57
13 60
13 66
13 69
13 79
13 85
13 88
13 93
13 98
14 15
14 24
14 35
14 36
14 42
14 52
14 62
14 71
14 78
14 82
14 91
14 96
15 16
15 18
15 30
15 33
15 36
15 37
15 41
15 48
15 78
15 79
15 88
15 91
15 92
16 17
16 34
16 42
16 48
16 62
16 64
16 74
16 89
16 95
17 18
17 22
17 24
17 31
17 48
17 49
17 52
17 64
17 67
17 68
17 71
17 73
17 75
17 85
17 86
17 92
18 19
18 25
18 27
18 29
18 42
18 44
18 48
18 54
18 64
18 72
18 73
18 74
18 88
19 20
19 21
19 33
19 35
19 38
19 41
19 48
19 54
19 63
19 69
19 72
19 73
19 79
19 87
20 21
20 24
20 30
20 43
20 51
20 56
20 62
20 66
20 71
20 87
20 90
20 91
20 93
20 97
21 22
21 23
21 24
21 26
21 31
21 38
21 46
21 58
21 67
21 77
21 81
21 94
22 23
22 36
22 62
22 69
22 76
22 97
23 24
23 25
23 28
23 38
23 39
23 71
23 78
23 86
23 88
23 96
24 25
24 31
24 41
24 42
24 70
25 26
25 37
25 39
25 49
25 55
25 66
25 77
25 78
25 82
25 90
25 93
26 27
26 31
26 40
26 41
26 43
26 71
26 76
26 92
27 28
27 30
27 34
27 37
27 66
27 67
27 69
27 71
27 74
27 81
28 29
28 44
28 54
28 57
28 58
28 62
28 65
28 69
28 76
28 82
28 92
28 94
29 30
29 33
29 38
29 54
29 55
29 61
29 64
29 72
29 74
29 75
29 88
29 89
29 93
30 31
30 39
30 42
30 52
30 57
30 64
30 72
30 82
30 84
31 32
31 69
31 71
31 77
31 79
31 81
32 33
32 43
32 56
32 61
32 74
32 80
32 87
32 89
32 91
32 97
33 34
33 35
33 42
33 46
33 48
33 52
33 55
33 56
33 58
33 66
33 71
33 80
33 93
34 35
34 41
34 42
34 47
34 70
34 72
34 74
34 79
34 90
34 92
34 95
35 36
35 44
35 47
35 53
35 70
35 72
35 73
35 75
35 76
35 81
35 85
35 95
36 37
36 47
36 48
36 53
36 63
36 67
36 72
36 88
36 89
36 94
37 38
37 44
37 46
37 51
37 66
37 84
37 92
37 98
38 39
38 45
38 49
38 55
38 59
38 60
38 64
38 68
38 71
38 72
38 80
38 98
39 40
39 44
39 45
39 47
39 58
39 59
39 72
39 77
39 78
39 87
40 41
40 42
40 46
40 53
40 61
40 64
40 67
40 72
40 84
40 95
41 42
41 65
41 78
41 83
41 88
42 43
42 50
42 51
42 52
42 60
42 71
42 86
42 92
42 98
43 44
43 46
43 47
43 53
43 65
43 85
44 45
44 52
44 57
44 59
44 74
44 87
44 90
44 97
45 46
45 48
45 53
45 62
45 66
45 67
45 68
45 77
45 83
45 84
45 88
45 96
46 47
46 50
46 51
46 54
46 56
46 58
46 61
46 75
46 77
46 88
46 95
47 48
47 57
47 60
47 62
47 63
47 65
47 81
47 86
47 92
48 49
48 51
48 55
48 65
48 80
48 82
48 89
48 98
48 99
49 50
49 52
49 53
49 60
49 63
49 64
49 69
50 51
50 53
50 55
50 59
50 74
50 77
50 86
50 97
51 52
51 55
51 66
51 77
51 89
51 95
52 53
52 59
52 60
52 74
52 78
53 54
53 55
53 60
53 61
53 67
53 70
53 75
53 76
53 94
54 55
54 56
54 65
54 76
54 80
54 85
54 96
54 97
55 56
55 59
55 64
55 68
55 69
55 72
55 73
55 77
55 81
55 99
56 57
56 64
56 78
56 79
56 90
57 58
57 60
57 68
57 83
57 87
57 93
57 95
58 59
58 60
58 66
58 70
58 71
58 72
58 84
58 86
58 88
58 89
58 90
58 99
59 60
59 69
59 76
59 90
59 93
60 61
60 63
60 71
60 74
60 81
60 97
60 98
61 62
61 64
61 68
61 77
61 86
61 95
61 98
62 63
62 72
62 84
62 86
62 96
63 64
63 66
63 68
63 88
63 92
64 65
64 75
64 77
64 81
64 83
64 92
64 93
64 96
64 97
65 66
65 76
65 77
65 90
66 67
66 87
66 98
67 68
67 73
67 91
67 92
67 94
68 69
68 91
68 92
69 70
69 73
69 75
69 92
70 71
70 72
70 94
71 72
71 79
71 86
72 73
72 74
72 79
72 81
72 84
72 86
73 74
73 77
73 82
74 75
74 91
74 92
75 76
75 79
75 92
75 94
75 99
76 77
76 89
76 96
76 99
77 78
77 92
77 95
78 79
78 81
78 88
78 89
78 90
78 99
79 80
79 92
79 94
79 95
80 81
80 83
80 92
80 97
81 82
81 85
81 90
81 94
82 83
82 86
82 93
82 96
82 98
83 84
83 86
83 91
83 97
84 85
84 95
84 99
85 86
86 87
86 90
86 94
87 88
87 95
88 89
88 91
88 98
89 90
89 91
89 97
90 91
91 92
91 93
91 94
92 93
92 94
92 98
93 94
93 96
94 95
95 96
95 98
96 97
97 98
98 99
