0 119.34581504813525
1 32.446400293576374
2 111.3657193745439
3 104.08001252496533
4 100.6102427603385
5 50.747613225100274
6 103.07851705658939
7 21.645198757100953
8 109.6410822527509
9 91.28444573289228
10 36.743921826561134
11 64.45361482033317
12 111.91866212736083
13 48.963622574606504
14 91.04831818026605
15 116.35805003426222
16 33.94047532178597
17 61.24785693008457
18 99.15339942469465
19 29.120846948115656
20 58.30324119953547
21 70.62618940454298
22 50.9121541317821
23 96.76249272664576
24 81.4605471923825
25 117.48222225244389
26 105.46702221356725
27 98.40778006289182
28 117.4843148294858
29 33.13869657729231
30 73.77918322707401
31 107.58179630132442
32 90.63097384108296
33 97.48574214251067
34 116.673073830226
35 49.5994201942312
36 97.11094310651787
37 23.35406555798878
38 118.14039789342063
39 25.508426313847217
40 32.18257308870686
41 30.673246559160244
42 35.93305884247721
43 110.98764756722004
44 72.53949147032276
45 77.45918536062992
46 101.884564664049
47 81.66813959673732
48 75.93282620312254
49 21.80370734387759
50 42.93467320528691
51 112.5366037414315
52 110.06751705673067
53 99.29317899236601
54 20.492129467677415
55 48.39680935002047
56 51.034547631850096
57 113.66192367327909
58 40.55556426133486
59 44.80611802326476
60 97.88860753877572
61 54.99014774532794
62 69.92273941226375
63 34.47062169386388
64 34.453302375360565
65 79.38495929368662
66 104.85350708433891
67 82.7738350145646
68 32.03378780642019
69 106.83698637416656
70 77.71198495104058
71 57.93027071477263
72 27.439206647252796
73 119.8240089537529
74 54.398624336295406
75 56.19662953704038
76 29.56513553279042
77 74.23692366476709
78 70.79299798388581
79 90.63976450815879
80 104.75875082025028
81 66.33226006495659
82 79.96326973172953
83 73.15196110964092
84 66.28720085370585
85 34.669388137834275
86 33.55852542832988
87 93.72049085541458
88 46.452239326005945
89 114.36943073125617
90 100.5852015350438
91 28.39979817682952
92 61.24188834468848
93 102.53685264775363
94 34.679117538538165
95 88.00112598104013
96 86.88251407480533
97 38.31355986347637
98 37.019677359929354
99 53.20569497451661
0 1
0 16
0 20
0 22
0 32
0 67
1 2
1 4
1 15
1 19
1 47
1 50
1 68
1 77
1 81
2 3
2 18
2 23
2 36
2 40
2 63
2 76
3 4
3 11
3 25
3 32
3 51
3 69
3 81
4 5
4 17
4 27
4 48
4 63
4 79
4 83
5 6
5 13
5 17
5 37
5 65
5 72
5 75
5 80
5 84
5 98
6 7
6 27
6 51
6 53
6 62
6 63
6 74
6 91
6 96
7 8
7 13
7 22
7 32
7 77
7 99
8 9
8 44
8 59
9 10
9 11
9 20
9 26
9 37
9 60
10 11
10 21
10 63
10 74
11 12
11 85
11 94
12 13
12 14
12 58
12 63
12 71
12 81
13 14
13 16
13 57
13 74
13 75
13 94
14 15
14 35
14 47
14 50
14 57
14 79
14 82
14 83
15 16
15 20
15 76
15 84
15 87
15 99
16 17
16 54
16 73
16 86
17 18
17 46
17 69
17 73
17 82
17 92
17 99
18 19
18 31
18 35
18 60
18 67
18 75
18 82
19 20
19 22
19 24
19 35
19 83
19 99
20 21
20 37
20 44
20 70
20 93
21 22
21 64
21 67
21 73
21 84
21 92
22 23
22 43
22 70
22 74
23 24
23 28
23 37
23 49
23 79
23 87
24 25
24 35
24 45
24 48
24 65
24 74
25 26
25 36
25 44
25 60
25 72
25 88
25 98
26 27
26 37
26 64
27 28
27 37
27 40
27 52
27 66
27 79
27 87
27 99
28 29
28 49
28 58
28 63
29 30
29 42
29 55
29 80
29 84
29 86
30 31
30 32
30 49
30 50
30 70
30 92
30 99
31 32
31 45
31 75
31 95
32 33
32 35
32 39
33 34
33 40
33 57
33 71
34 35
34 48
34 61
34 64
35 36
35 44
35 45
35 57
35 76
36 37
36 44
36 74
36 76
36 89
37 38
37 43
37 57
37 59
37 69
37 75
37 76
37 83
38 39
38 40
38 43
38 53
38 58
38 92
38 97
39 40
39 42
39 50
39 85
40 41
40 87
40 89
40 91
41 42
41 47
41 76
41 95
41 96
42 43
42 48
42 50
42 59
42 91
43 44
43 88
44 45
44 60
44 89
44 98
45 46
45 63
45 70
45 73
45 76
45 81
45 92
45 96
46 47
47 48
47 64
47 71
48 49
48 69
48 71
48 77
48 95
48 99
49 50
49 56
50 51
50 84
51 52
51 61
51 65
51 66
51 74
51 77
51 92
51 93
51 95
52 53
52 55
52 82
53 54
53 62
53 72
54 55
54 76
54 82
54 87
55 56
55 90
56 57
56 75
56 85
57 58
57 73
58 59
58 60
58 63
58 88
59 60
59 63
59 85
60 61
60 65
60 75
61 62
62 63
62 75
63 64
63 99
64 65
64 73
64 96
65 66
65 67
65 74
65 77
65 89
66 67
66 69
66 70
67 68
67 69
67 77
68 69
68 73
69 70
69 80
69 96
70 71
70 73
70 74
70 85
71 72
71 75
71 81
71 85
71 86
71 96
72 73
72 90
72 93
73 74
73 77
73 89
73 97
74 75
74 82
75 76
76 77
76 80
77 78
77 89
78 79
79 80
79 90
79 99
80 81
81 82
81 88
81 89
82 83
82 88
82 89
82 99
83 84
83 88
83 93
84 85
85 86
85 90
85 94
85 98
86 87
86 96
87 88
88 89
88 95
89 90
89 94
90 91
90 93
90 94
90 96
91 92
92 93
92 98
93 94
93 95
94 95
95 96
96 97
97 98
98 99
