0 115.72037564829733
1 20.58528446409143
2 34.39962536673099
3 107.15959925721707
4 90.50006022889295
5 72.00156974860161
6 49.74910126316469
7 105.55026946906706
8 108.19177031349406
9 105.04335780668329
10 64.63646325364354
11 49.30943383517869
12 60.00187635277677
13 24.592363032033397
14 51.34090587594501
15 73.78181047596112
16 47.72310436953952
17 58.14510739009306
18 96.52251144947198
19 58.720501984235455
20 51.76712646069409
21 31.382329499238928
22 112.40787908826073
23 106.7281389954208
24 95.56868333230135
25 73.93332064311238
26 117.51777113813093
27 51.198703285382486
28 29.2891294563509
29 58.072642457278484
30 82.179109684217
31 114.51503553182155
32 44.90741592551737
33 84.90306698785044
34 24.786257468535094
35 113.13591559318326
36 52.0716306859246
37 97.51994924318308
38 113.62423869277438
39 85.21057588948602
40 89.49450171368505
41 118.71871148128946
42 76.03915138011297
43 98.48732683318131
44 20.211259031500223
45 81.9984488766857
46 41.83871774896487
47 81.53695315976262
48 60.67857059555996
49 48.93117230542652
50 51.02857085013314
51 109.69041173633376
52 23.478283211132005
53 83.40749387561287
54 37.337508378735144
55 68.59426356252024
56 111.29995515985395
57 83.83605323526828
58 58.457617698121226
59 112.9161933010334
60 85.91128216321789
61 58.06538852766065
62 81.52286139262452
63 35.48688345290411
64 49.9856655185435
65 62.613257254500304
66 48.07228939994886
67 63.04338593244762
68 21.941355196216687
69 117.72999668016415
70 36.591796574503746
71 98.743065176725
72 54.35673644350793
73 52.888731074549284
74 112.70092322274346
75 38.74609059712105
76 45.06149497703429
77 33.486776952346645
78 107.14889726366553
79 100.41835747864305
80 116.66354398905635
81 68.85894896203385
82 90.00675393756151
83 113.08561435565446
84 95.05676021497949
85 104.14486364706305
86 115.79004374178389
87 38.77350273343484
88 100.36473087868282
89 54.118775944567695
90 98.7192472055677
91 109.9970868465809
92 74.81085546839651
93 45.781858205182395
94 39.92274696169098
95 94.41740999898171
96 111.1653475243627
97 98.33329868334286
98 69.10980703099827
99 22.061454279890086
0 1
0 9
0 11
0 13
0 15
0 35
0 44
0 50
0 61
0 89
0 90
0 91
0 98
1 2
1 6
1 10
1 21
1 37
1 46
1 77
2 3
2 4
2 14
2 15
2 35
2 41
2 50
2 66
2 67
2 70
2 74
3 4
3 6
3 25
3 31
3 32
3 41
3 47
3 56
3 62
3 84
3 88
4 5
4 9
4 11
4 21
4 35
4 40
4 44
4 49
4 50
4 59
4 66
5 6
5 11
5 34
5 40
5 44
5 46
5 48
5 49
5 50
5 53
5 57
5 64
5 66
5 69
5 79
5 85
5 90
5 94
6 7
6 17
6 30
6 32
6 62
6 64
6 68
6 73
7 8
7 9
7 28
7 30
7 31
7 40
7 53
7 56
7 59
7 70
7 79
7 85
7 88
8 9
8 15
8 19
8 30
8 34
8 38
8 48
8 56
8 62
8 73
8 81
8 89
9 10
9 14
9 19
9 33
9 38
9 44
9 77
10 11
10 20
10 22
10 23
10 32
10 33
10 39
10 41
10 51
10 59
10 60
10 68
10 78
10 82
10 87
11 12
11 20
11 25
11 29
11 31
11 32
11 37
11 42
11 70
11 92
12 13
12 22
12 27
12 34
12 74
12 75
12 90
12 91
12 94
12 96
13 14
13 16
13 27
13 55
13 71
13 74
13 75
14 15
14 16
14 32
14 50
14 52
14 71
14 75
14 77
14 84
14 88
15 16
15 18
15 23
15 24
15 27
15 32
15 61
15 62
15 85
15 93
16 17
16 22
16 26
16 42
16 46
16 68
16 71
16 75
16 83
17 18
17 49
17 57
17 58
17 60
18 19
18 20
18 30
18 34
18 50
18 97
18 99
19 20
19 27
19 71
19 72
19 89
19 97
19 98
19 99
20 21
20 32
20 35
20 37
20 39
20 44
20 46
20 52
20 62
20 63
20 74
20 86
20 87
21 22
21 48
21 51
21 73
21 85
21 89
21 93
22 23
22 26
22 29
22 46
22 48
22 54
22 72
22 77
22 82
22 83
22 88
23 24
23 30
23 38
23 39
23 70
23 73
23 74
23 78
23 79
23 87
24 25
24 27
24 32
24 35
24 39
24 49
24 50
24 52
24 58
24 65
24 68
24 73
24 93
25 26
25 39
25 54
25 56
25 61
25 70
25 80
25 81
25 94
25 97
25 99
26 27
26 32
26 39
26 88
27 28
27 33
27 38
27 41
27 51
27 57
27 60
27 75
28 29
28 36
28 37
28 39
28 41
28 52
28 58
28 62
28 81
28 87
28 90
29 30
29 34
29 39
29 44
29 61
29 63
29 74
29 83
29 96
29 99
30 31
30 33
30 34
30 39
30 40
30 43
30 49
30 66
30 78
30 86
30 98
31 32
31 35
31 37
31 53
31 61
31 66
31 77
31 80
31 90
31 92
31 96
32 33
32 34
32 37
32 44
32 47
32 51
32 56
32 59
32 66
32 73
32 77
32 90
33 34
33 35
33 39
33 41
33 76
33 87
34 35
34 42
34 62
34 65
34 69
34 70
34 71
34 99
35 36
35 49
35 58
35 60
35 63
35 75
35 80
35 94
35 97
36 37
36 40
36 46
36 62
36 72
36 82
36 88
36 99
37 38
37 46
37 53
37 54
37 72
37 94
38 39
38 41
38 60
38 62
38 65
38 88
38 92
38 93
39 40
39 48
39 72
40 41
40 69
40 70
40 77
40 85
40 99
41 42
41 48
41 50
41 63
41 70
42 43
42 49
42 51
42 63
42 72
42 84
42 86
42 90
43 44
43 66
43 97
43 99
44 45
44 47
44 56
44 69
44 97
44 99
45 46
45 52
45 57
45 78
46 47
46 52
46 54
46 65
46 67
46 68
46 69
46 97
47 48
47 53
47 67
47 72
47 99
48 49
48 62
48 66
48 68
48 75
48 80
48 83
48 88
48 89
48 91
49 50
49 56
49 59
49 61
49 74
49 96
50 51
50 65
50 71
50 80
50 96
51 52
51 68
51 80
51 89
52 53
52 69
52 74
53 54
53 76
53 80
53 83
53 86
54 55
54 59
54 72
54 85
54 89
55 56
55 58
55 69
55 96
56 57
56 61
56 75
56 83
56 85
57 58
57 65
57 68
57 73
57 96
57 98
57 99
58 59
58 61
58 62
58 77
58 80
58 81
58 89
59 60
59 64
59 66
59 92
60 61
60 64
60 67
60 95
61 62
61 66
61 71
61 72
61 85
61 87
61 94
62 63
62 75
62 90
62 95
62 97
62 98
63 64
63 73
63 95
64 65
64 75
64 84
64 92
64 96
65 66
65 70
65 81
65 94
66 67
66 76
66 96
67 68
67 79
67 90
67 93
67 95
67 97
68 69
68 70
68 71
68 88
68 99
69 70
69 78
69 87
70 71
70 79
70 84
71 72
71 79
71 89
71 91
72 73
72 77
72 82
72 86
73 74
73 81
73 96
73 99
74 75
74 86
74 99
75 76
75 83
75 89
75 94
76 77
76 87
76 88
76 98
77 78
77 82
78 79
78 86
78 97
79 80
80 81
81 82
81 85
82 83
83 84
83 95
84 85
85 86
85 92
85 96
85 99
86 87
87 88
87 97
88 89
88 92
88 97
89 90
90 91
91 92
92 93
92 96
93 94
94 95
95 96
96 97
97 98
97 99
98 99
