0 94.82784341745979
1 108.59630618573973
2 55.59283886301073
3 37.23238280863909
4 72.82588836795811
5 29.653056318155006
6 31.16721120983947
7 83.87517291823382
8 94.38961342240226
9 101.34704210945513
10 47.81211157749041
11 101.0717454273264
12 29.685234811874142
13 102.653570710415
14 77.0904877394172
15 98.96023118663173
16 82.28867910106248
17 34.37895759804657
18 91.08452576489131
19 65.80516825308555
20 67.93325855921644
21 50.47980247690643
22 47.046635968633176
23 31.589177057368936
24 105.0708059065069
25 72.2261612176628
26 50.97965351020892
27 78.01205355296707
28 81.18973292398898
29 94.58663134630358
30 92.65420833830414
31 28.542891186801672
32 60.49366690920848
33 118.52983147905522
34 47.793862032857874
35 40.54980068670389
36 28.329433435313167
37 20.378128433105974
38 24.506255168975613
39 113.03563770240609
40 25.663379593827568
41 99.91588066180164
42 90.51113575879661
43 118.13710472244539
44 112.94008574796725
45 32.64588591220952
46 55.31389613267984
47 62.298480644986356
48 116.81778024446412
49 88.40410583980126
50 97.1957672207465
51 83.9101338427083
52 55.559852666342536
53 68.48415481448731
54 118.73957199631928
55 98.20589402067432
56 109.27203570864303
57 56.4894634527143
58 86.58258260753826
59 107.34224693779488
60 99.71000272665248
61 74.32240288740141
62 61.18561805705693
63 103.83623226164323
64 71.04225379758509
65 84.03608327892258
66 50.63028470964435
67 108.91785355181258
68 117.73834951057925
69 78.71594656044816
70 28.803798082391072
71 103.85664482048192
72 88.66267795692193
73 61.12465591950977
74 42.803569396175625
75 31.951052991630082
76 107.48911978141307
77 117.5352458626582
78 96.99138876628982
79 71.62308307069995
80 88.7121252302333
81 55.99380890378032
82 41.84960507592305
83 106.93966742989129
84 95.81485824232037
85 93.19452303747619
86 114.63949300214033
87 50.886034647317594
88 83.56526730566829
89 42.216107760989345
90 75.83454394370999
91 108.84531996852428
92 89.94600242088043
93 74.56030189788073
94 60.3991384562752
95 104.99256857995873
96 94.88439802180923
97 104.24929791386084
98 116.20566266027477
99 32.69012555520976
0 1
0 12
0 14
0 16
0 23
0 43
0 44
0 52
0 54
0 59
0 68
0 83
0 95
0 99
1 2
1 9
1 17
1 18
1 21
1 37
1 44
1 49
1 57
1 65
1 67
1 72
1 73
1 76
1 81
1 87
1 93
1 97
2 3
2 4
2 5
2 17
2 38
2 39
2 46
2 51
2 53
2 55
2 71
2 84
2 94
3 4
3 16
3 31
3 32
3 40
3 48
3 49
3 68
3 72
3 82
3 87
3 99
4 5
4 18
4 20
4 47
4 58
4 63
4 86
5 6
5 9
5 11
5 13
5 20
5 22
5 24
5 26
5 41
5 54
5 60
5 84
5 98
6 7
6 36
6 41
6 42
6 45
6 53
6 58
6 66
6 83
7 8
7 36
7 48
7 55
7 59
7 66
7 70
7 71
7 90
7 91
7 95
7 98
8 9
8 20
8 28
8 39
8 44
8 46
8 87
8 89
8 98
9 10
9 18
9 44
9 47
9 52
9 55
9 75
9 77
9 84
9 89
9 96
10 11
10 50
10 70
10 83
10 86
10 90
10 99
11 12
11 15
11 32
11 33
11 40
11 42
11 76
11 91
11 99
12 13
12 14
12 27
12 30
12 31
12 37
12 41
12 42
12 46
12 49
12 61
12 63
12 70
12 77
12 83
12 86
13 14
13 28
13 32
13 87
13 89
14 15
14 19
14 23
14 53
14 64
14 83
14 84
14 86
14 93
14 94
15 16
15 25
15 49
15 60
15 65
15 76
15 79
15 84
15 86
15 90
15 94
16 17
16 22
16 32
16 53
16 55
16 56
16 64
16 68
16 92
17 18
17 24
17 66
17 69
17 93
18 19
18 46
18 51
18 61
18 88
18 94
19 20
19 28
19 37
19 44
19 52
19 58
19 61
19 75
19 98
20 21
20 23
20 25
20 33
20 34
20 48
20 49
20 74
21 22
21 56
21 66
21 82
21 97
22 23
22 26
22 28
22 31
22 32
22 42
22 47
22 50
22 55
22 62
22 66
22 69
22 83
22 91
22 99
23 24
23 25
23 39
23 76
23 92
23 97
23 99
24 25
24 40
24 55
24 56
24 94
24 98
25 26
25 27
25 36
25 44
25 47
25 59
25 74
25 79
25 99
26 27
26 29
26 30
26 31
26 50
26 69
26 70
26 73
26 76
26 87
26 88
26 91
26 94
26 97
26 98
27 28
27 62
27 83
27 88
27 93
27 98
28 29
28 31
28 32
28 38
28 57
28 63
28 74
29 30
29 31
29 60
29 64
29 66
29 71
29 73
29 74
29 80
29 97
30 31
30 42
30 52
30 61
30 62
30 88
30 92
31 32
31 36
31 42
31 48
31 57
31 65
31 69
31 74
31 98
32 33
32 47
32 69
32 80
32 90
32 93
32 98
33 34
33 39
33 40
33 71
33 73
33 85
33 92
34 35
34 59
34 71
34 81
34 83
35 36
35 59
35 67
35 72
35 73
35 80
35 87
35 96
36 37
36 52
36 68
36 76
36 87
36 91
36 95
37 38
37 39
37 74
37 79
37 92
37 97
38 39
38 52
38 56
38 82
38 99
39 40
39 51
39 63
39 78
39 92
40 41
40 45
40 50
40 53
40 54
40 57
40 62
40 76
40 80
40 94
41 42
41 84
41 92
42 43
42 45
42 48
42 50
42 52
42 59
42 67
42 75
43 44
43 56
43 66
43 73
43 77
44 45
44 47
44 63
44 64
44 65
44 71
44 75
44 81
44 82
44 90
45 46
45 48
45 70
45 80
45 85
45 94
46 47
46 50
46 72
46 74
46 91
47 48
47 54
47 69
47 79
47 88
47 90
47 94
48 49
48 50
48 56
48 58
48 82
48 87
48 94
48 98
49 50
49 54
49 87
49 92
49 99
50 51
50 53
50 56
50 59
50 67
50 70
50 87
51 52
51 59
51 70
51 83
51 98
52 53
52 54
52 56
52 66
52 71
52 72
52 81
53 54
53 56
53 77
53 85
53 86
53 96
54 55
54 56
54 66
54 67
54 69
54 70
54 78
54 97
55 56
55 87
55 96
56 57
56 84
56 94
57 58
57 67
57 72
57 75
57 98
57 99
58 59
58 68
58 81
58 82
58 84
58 89
58 92
59 60
59 65
59 73
59 74
59 78
59 92
59 96
60 61
60 68
60 73
60 99
61 62
61 64
61 71
61 85
61 92
62 63
62 64
62 78
62 85
62 91
62 94
62 99
63 64
63 65
63 73
63 80
63 81
63 88
64 65
64 83
64 97
64 98
65 66
65 75
65 77
65 86
66 67
66 70
67 68
67 76
67 84
67 88
68 69
68 70
68 85
68 96
69 70
69 76
69 81
69 85
69 90
69 93
70 71
70 72
70 83
71 72
71 85
71 92
71 99
72 73
72 87
72 92
72 95
73 74
73 78
73 83
74 75
74 93
74 99
75 76
75 80
75 88
76 77
76 89
76 90
76 94
77 78
77 89
78 79
78 87
78 99
79 80
79 85
79 91
80 81
80 83
80 87
80 93
81 82
82 83
82 90
83 84
83 86
83 89
84 85
84 91
84 95
84 96
84 98
85 86
85 92
85 94
86 87
86 89
87 88
88 89
88 91
89 90
89 95
90 91
90 96
90 99
91 92
91 93
92 93
93 94
94 95
95 96
96 97
97 98
98 99
