0 77.64217973171799
1 63.70312638455195
2 71.85046616107567
3 66.31633319448619
4 22.465484362797955
5 52.329114774698766
6 75.08226955788496
7 92.30874726029148
8 70.59368777072456
9 28.709024413583784
10 53.16318134050549
11 64.44051296891746
12 37.11703625621026
13 81.35429059250569
14 77.6532836247798
15 89.41951119772342
16 74.92047409955407
17 115.99667675447047
18 117.5763555770927
19 68.42180528984892
20 34.241543213739334
21 46.125454026687166
22 39.72679367011335
23 83.78134940792886
24 109.50712075648366
25 81.64096465122114
26 89.17682872715427
27 119.4543724438989
28 95.64442907023684
29 66.45771403070293
30 20.275147706572188
31 41.140369427903806
32 29.284427214492055
33 54.26903838186324
34 28.213273038613288
35 89.38307947509294
36 21.62329993763233
37 53.189257637760925
38 39.14608358925048
39 119.54122411109519
40 99.180475529702
41 114.61820868254861
42 52.888129003940406
43 56.21017298915908
44 56.289225947171055
45 89.42686272713992
46 96.3674879672598
47 116.49212386653026
48 88.87855309547989
49 25.44173814946519
50 38.304074319481465
51 96.45378703124697
52 22.95274121467257
53 34.2096330384736
54 35.98949703785454
55 108.17696755444729
56 73.14761074415503
57 112.15317613441083
58 33.580666905891334
59 100.99885817877052
60 66.84014384454608
61 61.481571568968995
62 107.9795824792314
63 99.85522130504859
64 47.51083894341646
65 119.59981843753843
66 63.15678692564523
67 46.08111431998803
68 27.405769057911016
69 72.26359992036495
70 106.68624544906491
71 31.59015254778476
72 94.01801971278216
73 95.35595393958076
74 103.29447181368981
75 76.04473639635563
76 87.50581055503747
77 42.91569113961012
78 89.38692104674458
79 108.44608800586917
80 56.887246692953745
81 74.9265249256054
82 49.799817685979704
83 79.51432852200347
84 71.69935649193161
85 97.37969009245306
86 103.43575710456794
87 49.295250044308794
88 112.78166279781236
89 69.25178501151248
90 117.97653145620617
91 65.62181885516989
92 90.94223529784838
93 116.29348518863378
94 75.52686151021727
95 73.37487812411146
96 45.4868324687851
97 79.90363283433096
98 40.82777498796755
99 71.92891992942131
0 1
0 3
0 4
0 23
0 24
0 38
0 40
0 47
0 50
0 86
0 99
1 2
1 3
1 35
1 59
1 71
1 72
1 73
1 79
1 89
2 3
2 16
2 24
2 33
2 45
2 49
2 51
2 56
2 57
2 77
3 4
3 5
3 9
3 31
3 37
3 56
3 65
3 68
3 74
3 91
4 5
4 15
4 17
4 33
4 42
4 50
4 53
4 57
4 64
4 86
5 6
5 10
5 30
5 42
5 47
5 65
5 72
5 76
5 79
5 91
6 7
6 8
6 21
6 31
6 36
6 37
6 42
6 47
6 50
6 55
6 64
6 71
6 74
7 8
7 41
7 47
7 59
7 63
7 90
8 9
8 28
8 41
8 44
8 75
8 86
8 87
8 89
8 99
9 10
9 12
9 13
9 25
9 31
9 47
9 53
9 56
9 61
9 66
9 86
9 92
10 11
10 19
10 33
10 36
10 48
10 49
10 52
10 78
10 81
10 89
10 95
11 12
11 23
11 24
11 26
11 28
11 39
11 43
11 46
11 51
11 78
11 84
11 90
12 13
12 25
12 34
12 35
12 49
12 59
12 70
12 75
12 77
12 80
12 83
13 14
13 35
13 41
13 49
13 60
13 65
13 68
13 77
13 79
14 15
14 32
14 35
14 53
14 65
14 67
14 86
14 87
14 89
14 92
15 16
15 39
15 41
15 59
15 61
15 88
16 17
16 39
16 51
16 62
16 72
16 79
16 85
16 90
17 18
17 32
17 35
17 38
17 39
17 40
17 41
17 42
17 57
17 62
17 73
17 77
17 85
17 87
18 19
18 22
18 41
18 46
18 52
18 53
18 78
18 88
19 20
19 24
19 38
19 55
19 63
19 72
19 97
20 21
20 26
20 27
20 48
20 53
20 54
20 56
20 57
20 69
20 77
21 22
21 39
21 60
21 85
21 87
21 90
22 23
22 56
22 66
22 94
22 97
23 24
23 25
23 34
23 37
23 57
23 67
23 91
24 25
24 54
24 61
24 62
24 74
24 83
24 84
24 96
25 26
25 34
25 50
25 51
25 63
25 66
25 67
25 73
25 78
25 79
25 83
25 98
26 27
26 34
26 35
26 36
26 53
26 72
26 97
27 28
27 48
27 68
27 79
27 93
28 29
28 33
28 44
28 58
28 60
28 61
28 63
28 65
28 68
28 77
28 91
28 95
28 96
28 99
29 30
29 43
29 44
29 55
29 66
29 68
29 92
29 97
29 99
30 31
30 36
30 49
30 69
30 75
30 82
30 98
31 32
31 33
31 43
31 67
31 69
31 87
32 33
32 40
32 43
32 46
32 56
32 64
32 73
32 74
32 81
32 85
32 86
32 97
33 34
33 49
33 52
33 59
33 65
33 76
33 89
33 95
34 35
34 40
34 47
34 48
34 63
34 82
34 88
34 94
34 95
35 36
35 46
35 50
35 53
35 59
35 64
36 37
36 60
36 61
36 64
36 92
37 38
37 53
37 55
37 71
37 80
37 85
37 90
37 93
38 39
38 68
38 73
38 74
38 75
38 79
38 84
38 87
38 91
38 93
39 40
39 50
39 69
39 71
39 78
39 79
39 85
40 41
40 44
40 50
40 56
40 59
40 60
40 77
40 80
41 42
41 59
41 63
41 66
41 73
41 90
41 95
42 43
42 50
42 65
43 44
43 54
43 56
43 68
43 76
44 45
44 50
44 52
44 63
44 68
44 72
44 74
44 80
44 83
44 87
44 89
44 93
45 46
45 57
45 72
45 74
45 80
45 81
45 89
45 95
46 47
46 66
46 79
46 89
46 90
46 92
47 48
47 49
47 60
47 70
47 86
47 93
47 99
48 49
48 51
48 62
48 63
48 68
48 88
48 93
48 98
48 99
49 50
49 77
49 81
49 83
49 84
49 88
49 89
49 97
50 51
50 82
50 92
50 98
51 52
51 54
51 62
51 67
51 81
51 92
51 95
52 53
52 59
52 71
52 85
52 86
52 88
52 99
53 54
53 56
53 73
53 79
53 82
53 85
53 89
54 55
54 71
54 75
54 84
54 90
54 91
55 56
55 76
55 77
55 81
55 82
55 89
55 91
55 93
56 57
56 60
56 67
56 73
56 86
56 89
56 97
57 58
57 68
57 75
57 81
57 82
57 97
58 59
58 92
58 95
59 60
59 66
59 70
59 86
59 88
59 93
59 97
59 99
60 61
60 63
60 65
60 74
60 77
60 89
61 62
61 73
61 77
61 87
61 93
61 96
61 97
62 63
62 91
63 64
63 69
63 79
63 84
64 65
64 88
64 99
65 66
65 86
65 93
66 67
66 71
66 78
66 91
66 92
66 95
66 97
67 68
67 74
67 95
68 69
68 85
69 70
69 72
69 74
69 91
69 94
69 95
70 71
70 78
70 89
70 90
70 93
71 72
71 78
71 96
72 73
72 77
72 81
72 87
72 92
73 74
73 95
74 75
74 78
74 87
74 93
74 99
75 76
75 79
75 83
75 89
75 97
76 77
77 78
77 90
78 79
78 82
78 92
79 80
80 81
80 93
81 82
82 83
82 93
83 84
83 92
83 94
84 85
84 88
85 86
85 90
86 87
86 93
86 96
87 88
88 89
89 90
90 91
90 92
91 92
91 98
92 93
92 96
93 94
93 98
94 95
95 96
96 97
97 98
97 99
98 99
