0 53.68082570984535
1 118.55778876776183
2 82.2831716673223
3 113.59586139388692
4 91.9806325730773
5 27.763591725350604
6 118.97666156668275
7 115.38004099621024
8 94.64872248432519
9 119.52640137075483
10 49.04764812523349
11 89.06848469693871
12 52.98153237778618
13 32.799812446662
14 70.85784437863299
15 103.6547884102354
16 84.72693431474968
17 43.95764670658863
18 62.95258559662754
19 21.193029072020757
20 103.47871573983888
21 71.81248532166899
22 77.17551540309526
23 116.19393813162506
24 28.206328835502852
25 43.17733244832658
26 79.29313488811005
27 108.80061117997887
28 115.27164038718675
29 86.20984473223865
30 30.076609462333444
31 116.53196547131807
32 73.50695919940293
33 82.15735539392904
34 104.57334975791136
35 81.8235717811261
36 79.27640834259599
37 72.62493506367755
38 80.21110226935787
39 38.161873276875966
40 42.91524219310645
41 89.11754747570382
42 85.41237913523116
43 36.299215504251485
44 90.53943783910802
45 44.36132965128858
46 89.5572569448639
47 63.85353032852526
48 115.94053831240754
49 100.78791040870962
50 32.41769991983344
51 56.53789354481949
52 26.12833746305533
53 110.56955244039801
54 36.59674439746598
55 117.33162860124874
56 51.056726602775115
57 103.72188845443385
58 20.041019395681907
59 31.095987592201716
60 113.16560010315573
61 86.04484382680016
62 27.355237730017965
63 86.45387226826925
64 55.594427047644615
65 97.05128891546016
66 28.43246623412345
67 94.19446541701986
68 109.27074657766622
69 69.5368871851216
70 90.82410355908151
71 22.030040006005752
72 38.549465544981146
73 27.073458859253613
74 118.30869539512003
75 49.22361484721557
76 42.67654173352635
77 53.46212488606568
78 62.27882691817885
79 81.42255210229766
80 106.07324543050149
81 69.06139697717859
82 54.85053409767478
83 55.97458260550064
84 84.28490469383338
85 52.90928254521344
86 83.00978890660137
87 111.06914443989936
88 84.41061239243315
89 56.68736213821946
90 21.645802363591752
91 88.23835230395132
92 48.92814424321768
93 66.8287384999798
94 69.98102853900355
95 87.06829501314411
96 80.0508581097467
97 84.45063891706756
98 90.69291220891483
99 93.41276944194874
0 1
0 92
0 93
1 2
1 6
1 9
1 14
1 32
1 43
1 51
2 3
2 13
2 14
2 16
2 20
2 55
2 74
2 79
3 4
3 9
3 26
3 41
3 59
3 88
3 91
3 95
3 99
4 5
4 11
4 21
4 22
4 38
4 41
4 52
4 67
4 73
4 75
4 86
4 94
5 6
5 8
5 12
5 18
5 33
5 35
5 36
5 69
5 73
6 7
6 26
6 29
6 34
6 44
6 62
6 69
6 70
6 80
6 85
7 8
7 16
7 39
7 52
7 96
8 9
8 45
8 58
8 97
9 10
9 34
9 58
9 93
10 11
10 35
10 36
10 40
10 44
10 87
10 88
10 92
11 12
11 16
11 25
11 39
11 41
11 56
11 76
11 94
12 13
12 17
12 19
12 34
12 49
13 14
13 16
13 21
13 30
13 44
13 52
13 70
13 87
13 98
14 15
14 47
14 59
15 16
15 28
15 71
15 99
16 17
16 22
16 30
16 33
16 64
16 70
16 71
16 98
17 18
17 20
17 21
17 31
17 35
17 53
17 64
17 71
17 74
18 19
18 24
18 26
18 32
18 83
18 95
19 20
19 21
19 54
19 62
19 89
20 21
20 27
20 30
20 35
20 43
20 53
20 76
20 81
21 22
21 39
21 50
21 61
21 72
21 74
22 23
22 25
22 70
22 71
22 82
23 24
23 28
23 46
23 54
23 63
23 79
24 25
24 31
24 34
24 68
24 80
24 99
25 26
25 95
26 27
26 34
26 60
26 92
26 98
27 28
27 31
27 80
28 29
28 51
28 60
28 69
28 83
29 30
29 45
29 53
29 81
29 87
29 91
29 92
30 31
30 41
30 53
30 58
30 62
30 72
30 82
31 32
31 42
31 71
31 75
32 33
32 99
33 34
33 52
33 77
34 35
34 71
35 36
35 54
35 59
35 75
35 84
36 37
36 38
36 39
36 90
36 97
36 98
37 38
37 91
38 39
38 76
38 82
39 40
39 57
39 62
39 91
40 41
40 44
40 70
40 75
40 82
40 87
40 89
41 42
41 65
41 98
42 43
42 54
43 44
43 67
43 75
43 82
43 92
44 45
44 74
44 78
44 94
45 46
45 47
45 54
46 47
46 69
46 84
46 87
47 48
47 65
47 79
47 85
47 95
48 49
48 75
48 79
48 90
49 50
49 56
49 64
50 51
50 58
50 61
50 69
50 92
50 95
51 52
51 55
51 73
51 78
51 81
51 87
51 92
52 53
52 60
53 54
53 68
53 70
53 89
54 55
54 75
54 90
54 95
55 56
55 89
55 97
56 57
56 60
56 80
56 92
57 58
57 65
57 97
58 59
58 72
58 83
58 91
59 60
59 73
59 85
59 91
60 61
61 62
61 65
61 78
61 80
62 63
63 64
63 86
63 89
63 93
64 65
64 81
65 66
66 67
66 68
66 86
67 68
67 83
67 86
67 90
67 91
67 93
67 99
68 69
68 77
68 87
68 88
68 93
69 70
69 80
69 90
69 95
70 71
71 72
71 73
71 86
71 91
71 93
72 73
72 82
72 94
73 74
73 81
73 85
74 75
74 89
74 92
74 94
74 98
75 76
75 77
75 91
75 93
76 77
76 80
76 93
77 78
77 86
77 89
78 79
79 80
80 81
80 93
81 82
82 83
82 87
83 84
84 85
84 94
85 86
85 95
86 87
86 89
87 88
87 89
87 90
88 89
88 91
89 90
89 93
89 96
90 91
90 92
91 92
92 93
93 94
94 95
95 96
96 97
96 98
97 98
98 99
