0 28.38931444362665
1 84.63508835303361
2 43.54336325104237
3 100.10079634689006
4 65.70587942615938
5 95.75606808531373
6 85.72899051655222
7 60.04890655384863
8 89.21409971275476
9 36.927391412057624
10 73.51243361123593
11 51.609935872436694
12 55.71685551490528
13 87.50225977076386
14 21.078133624720746
15 103.63207043421474
16 35.40639811362051
17 31.969663774992807
18 87.90217300904744
19 79.01595737703956
20 91.03641602398652
21 22.259895088302464
22 41.66270573171533
23 99.78879665778825
24 119.15779590868382
25 39.79454963600149
26 40.271296655007916
27 29.33415573430957
28 111.306870726447
29 30.916920774561145
30 72.60336477795126
31 87.80591584942924
32 50.94510179817278
33 119.905027411761
34 56.97868154961434
35 71.38373291694435
36 47.984313039276145
37 87.46096516172825
38 34.04045047348499
39 43.781233791324
40 26.8917249373033
41 39.38667729774417
42 106.40419612637771
43 69.29712480915137
44 26.654227256874744
45 80.09759418029564
46 71.29535261874906
47 60.70329106772176
48 41.29143391812889
49 48.692086154018284
50 64.3670351142047
51 22.392832816280276
52 28.142283675766926
53 71.48599972029449
54 82.98722831191301
55 79.46494474789469
56 37.81006856660497
57 34.2379876947457
58 85.50719601035262
59 96.80241161063134
60 74.43590333316268
61 79.73275650942894
62 69.37063831020657
63 108.70140798633311
64 77.8808825762261
65 91.9557616600723
66 115.39571306609973
67 99.24222747203218
68 30.432247470193783
69 36.784240825677756
70 48.159778983315036
71 96.34339422252935
72 29.809088083763154
73 90.93595923498603
74 103.13927400049992
75 68.32063185662719
76 37.528251440388246
77 105.85837775015274
78 110.10489875263497
79 40.77595790093689
80 107.10127499305197
81 21.307406123200373
82 99.24484503011863
83 83.7711430457881
84 20.068327626825948
85 64.55629314144913
86 111.58653894665501
87 54.49368211874854
88 109.53529775904424
89 45.49158406825738
90 48.50994060598924
91 119.0022842338805
92 30.6653369719729
93 85.2945571538443
94 26.49322298397874
95 118.1428341793443
96 45.48626593022756
97 96.97286085635665
98 112.70414183900411
99 87.35469996405931
100 25.41050658275885
101 69.69857387389597
102 104.64822859884809
103 87.84108805004695
104 39.024263199121606
105 95.72522563467969
106 82.80749627968851
107 57.45617021356275
108 84.98787140821234
109 118.59780464285464
110 109.05102604249065
111 43.66548760115796
112 50.29943051389948
113 74.43613310732815
114 65.57145146234544
115 38.06515670366604
116 22.708882434488814
117 44.26340422635718
118 29.19907732485272
119 92.19922503799596
120 62.730008943576884
121 34.668105247007176
122 54.16789303970119
123 57.79348061919622
124 45.48280782337969
125 56.5289283415522
126 92.75555782335731
127 61.027894246807094
128 115.50900690708237
129 77.09869184939805
130 117.69195705437453
131 90.09879984038146
132 58.738552302803
133 79.43471181969147
134 22.828658815403905
135 48.07582848399839
136 84.94507479266444
137 74.9794273924804
138 69.2842356020733
139 98.93747518618258
140 31.31351900018908
141 80.03655877800276
142 113.12807770979143
143 113.67315456241538
144 43.153250832890706
145 84.95440713443199
146 97.6379701819775
147 105.46844981345377
148 61.32512934150697
149 116.01936568556226
0 1
0 10
0 29
0 44
0 50
0 51
0 61
0 70
0 75
0 78
0 83
0 84
0 91
0 92
0 93
0 96
0 117
0 126
0 130
1 2
1 9
1 11
1 18
1 31
1 43
1 47
1 48
1 65
1 79
1 82
1 100
1 102
1 107
1 109
1 110
1 111
1 113
1 117
1 124
1 127
1 141
1 144
2 3
2 7
2 27
2 33
2 34
2 45
2 60
2 62
2 63
2 71
2 73
2 75
2 76
2 81
2 83
2 94
2 95
2 100
2 104
2 109
2 112
2 145
2 147
3 4
3 33
3 42
3 84
3 87
3 94
3 101
3 122
3 127
3 129
3 145
3 146
3 149
4 5
4 8
4 10
4 16
4 23
4 37
4 41
4 66
4 74
4 78
4 80
4 84
4 89
4 98
4 99
4 100
4 120
4 127
4 136
4 147
5 6
5 18
5 26
5 37
5 53
5 57
5 63
5 71
5 77
5 81
5 86
5 89
5 101
5 103
5 115
5 120
5 122
5 132
5 135
5 145
6 7
6 14
6 19
6 23
6 32
6 33
6 41
6 42
6 43
6 52
6 54
6 56
6 63
6 72
6 75
6 80
6 84
6 90
6 98
6 114
6 122
6 132
6 142
7 8
7 13
7 20
7 40
7 42
7 53
7 58
7 62
7 73
7 77
7 87
7 90
7 106
7 114
7 116
7 120
7 121
7 127
7 130
7 134
7 135
7 139
7 146
8 9
8 15
8 17
8 23
8 50
8 56
8 71
8 76
8 83
8 86
8 93
8 95
8 99
8 104
8 107
8 108
8 113
8 114
8 135
8 140
8 142
8 146
8 149
9 10
9 13
9 33
9 40
9 41
9 74
9 78
9 79
9 99
9 103
9 104
9 113
9 121
9 129
10 11
10 22
10 25
10 27
10 36
10 37
10 49
10 52
10 82
10 93
10 104
10 114
10 126
10 135
10 140
11 12
11 13
11 14
11 15
11 24
11 26
11 30
11 36
11 49
11 75
11 77
11 81
11 85
11 97
11 98
11 103
11 109
11 111
11 115
11 123
11 128
11 131
11 140
11 145
11 146
11 147
12 13
12 16
12 24
12 46
12 48
12 52
12 68
12 70
12 97
12 100
12 115
12 116
12 124
12 141
12 142
12 144
13 14
13 47
13 52
13 66
13 71
13 72
13 85
13 98
13 103
13 105
13 118
13 130
13 142
13 144
13 148
13 149
14 15
14 24
14 27
14 32
14 33
14 42
14 73
14 74
14 75
14 79
14 94
14 112
14 141
14 145
15 16
15 19
15 30
15 44
15 50
15 52
15 70
15 99
15 100
15 101
15 105
15 108
15 116
15 122
15 126
15 142
16 17
16 22
16 28
16 34
16 63
16 83
16 93
16 102
16 103
16 108
16 114
16 117
16 119
16 121
16 123
16 125
16 133
16 148
17 18
17 23
17 29
17 31
17 40
17 65
17 72
17 77
17 80
17 81
17 82
17 85
17 88
17 91
17 110
17 111
17 117
17 121
17 125
17 145
17 146
18 19
18 22
18 31
18 34
18 51
18 61
18 66
18 69
18 83
18 86
18 90
18 100
18 108
18 113
18 123
18 135
18 139
18 140
18 141
19 20
19 21
19 26
19 33
19 39
19 40
19 43
19 45
19 67
19 68
19 76
19 85
19 88
19 100
19 120
19 140
19 143
19 144
20 21
20 34
20 37
20 43
20 45
20 62
20 73
20 81
20 86
20 92
20 95
20 101
20 104
20 121
20 137
21 22
21 27
21 39
21 80
21 95
21 110
21 111
21 116
21 118
21 122
21 125
21 137
21 143
22 23
22 28
22 51
22 57
22 69
22 84
22 90
22 92
22 106
22 108
22 109
22 114
22 122
22 133
22 140
23 24
23 28
23 35
23 41
23 53
23 60
23 99
23 100
23 105
23 131
23 132
23 135
23 142
24 25
24 29
24 56
24 74
24 84
24 94
24 116
24 119
24 120
24 123
24 124
24 126
24 129
24 134
24 146
24 147
24 149
25 26
25 29
25 36
25 47
25 52
25 65
25 66
25 87
25 93
25 107
25 114
25 123
25 138
25 140
25 142
25 145
26 27
26 36
26 39
26 42
26 63
26 66
26 76
26 87
26 91
26 96
26 99
26 103
26 106
26 108
26 118
26 132
26 140
26 148
27 28
27 32
27 35
27 37
27 39
27 40
27 43
27 50
27 53
27 56
27 61
27 62
27 64
27 65
27 72
27 81
27 82
27 88
27 115
27 124
27 135
28 29
28 35
28 54
28 58
28 62
28 81
28 84
28 85
28 90
28 92
28 143
29 30
29 40
29 42
29 48
29 58
29 63
29 64
29 67
29 69
29 78
29 87
29 95
29 96
29 97
29 102
29 124
29 127
29 135
29 139
30 31
30 37
30 42
30 44
30 81
30 84
30 105
30 114
30 124
30 126
30 144
30 146
31 32
31 33
31 46
31 58
31 60
31 65
31 71
31 72
31 85
31 92
31 93
31 94
31 121
31 135
31 140
32 33
32 35
32 37
32 44
32 47
32 58
32 62
32 83
32 94
32 95
32 106
32 107
32 110
32 142
32 149
33 34
33 37
33 59
33 71
33 81
33 91
33 106
33 107
33 123
33 130
33 135
33 146
34 35
34 38
34 39
34 68
34 92
34 115
34 127
34 128
34 140
34 146
34 148
35 36
35 37
35 64
35 79
35 81
35 82
35 103
35 113
35 116
35 117
35 124
35 131
35 133
35 136
36 37
36 50
36 52
36 82
36 83
36 92
36 97
36 98
36 101
36 102
36 114
36 117
36 118
36 120
36 127
36 130
36 132
36 135
36 136
36 143
36 144
36 149
37 38
37 41
37 44
37 46
37 48
37 61
37 64
37 82
37 92
37 94
37 96
37 100
37 116
37 128
37 138
37 149
38 39
38 40
38 54
38 55
38 57
38 66
38 72
38 76
38 86
38 87
38 93
38 110
38 121
38 129
38 131
38 141
38 147
39 40
39 48
39 57
39 58
39 70
39 78
39 84
39 89
39 107
39 108
39 111
39 117
39 121
39 138
39 142
40 41
40 42
40 46
40 50
40 51
40 59
40 60
40 65
40 76
40 81
40 86
40 87
40 90
40 95
40 103
40 110
40 112
40 119
40 120
40 123
40 134
40 144
41 42
41 47
41 52
41 63
41 64
41 69
41 80
41 82
41 88
41 113
41 142
41 143
41 144
41 147
41 148
42 43
42 53
42 61
42 68
42 73
42 88
42 99
42 100
42 106
42 114
42 115
42 120
42 121
42 134
42 142
42 145
43 44
43 47
43 48
43 64
43 67
43 69
43 86
43 87
43 92
43 96
43 98
43 123
43 130
44 45
44 49
44 52
44 57
44 68
44 71
44 78
44 82
44 91
44 102
44 112
44 118
44 133
44 141
45 46
45 48
45 73
45 80
45 91
45 99
45 101
45 120
45 133
45 143
46 47
46 52
46 84
46 91
46 110
46 112
46 119
46 127
46 132
47 48
47 49
47 58
47 64
47 72
47 74
47 78
47 84
47 102
47 111
47 115
47 128
47 147
48 49
48 51
48 72
48 74
48 85
48 94
48 104
48 106
48 113
48 123
48 131
48 138
49 50
49 55
49 68
49 98
49 101
49 104
49 126
49 131
49 141
49 148
50 51
50 61
50 68
50 74
50 88
50 93
50 96
50 98
51 52
51 56
51 57
51 58
51 64
51 65
51 84
51 92
51 93
51 94
51 100
51 105
51 110
51 112
51 133
51 136
52 53
52 60
52 61
52 72
52 77
52 85
52 97
52 119
52 128
52 138
52 146
53 54
53 62
53 69
53 74
53 76
53 77
53 88
53 100
53 115
53 120
53 145
54 55
54 71
54 77
54 79
54 82
54 91
54 104
54 112
54 119
54 128
54 130
54 132
54 138
54 139
55 56
55 90
55 106
55 116
55 117
55 121
55 134
55 142
56 57
56 71
56 93
56 96
56 105
56 113
56 135
56 142
56 146
57 58
57 71
57 78
57 80
57 90
57 120
57 124
58 59
58 65
58 72
58 75
58 84
58 88
58 94
58 95
58 99
58 100
58 107
58 116
58 123
58 127
58 130
58 149
59 60
59 61
59 88
59 89
59 90
59 91
59 96
59 106
59 107
59 108
59 142
59 148
60 61
60 67
60 70
60 73
60 82
60 90
60 96
60 97
60 98
60 100
60 105
60 106
60 111
60 112
60 117
60 120
60 129
61 62
61 67
61 73
61 78
61 91
61 116
61 117
61 120
61 125
61 127
61 129
61 137
61 149
62 63
62 70
62 71
62 79
62 107
62 114
62 124
62 136
62 148
62 149
63 64
63 68
63 72
63 82
63 95
63 132
63 145
64 65
64 85
64 104
64 115
64 118
64 122
64 134
64 138
64 145
65 66
65 82
65 84
65 88
65 89
65 90
65 108
65 120
65 127
65 134
65 145
65 146
66 67
66 76
66 102
66 126
66 129
67 68
67 71
67 79
67 107
67 112
67 115
67 139
67 148
68 69
68 70
68 72
68 75
68 81
68 92
68 97
68 101
68 106
68 109
68 147
68 148
69 70
69 71
69 73
69 77
69 95
69 101
69 103
69 107
69 114
69 122
69 136
69 137
69 145
70 71
70 95
70 103
70 104
70 105
70 117
70 129
70 134
71 72
71 76
71 77
71 81
71 92
71 114
71 118
71 126
71 130
72 73
72 77
72 108
72 121
72 122
72 131
72 135
73 74
73 80
73 94
73 103
73 121
73 122
73 148
74 75
74 77
74 85
74 88
74 89
74 101
74 104
74 105
74 120
74 122
74 126
74 140
74 148
75 76
75 82
75 90
75 102
75 103
75 119
75 144
76 77
76 83
76 87
76 99
76 111
76 115
76 128
76 132
76 141
76 148
77 78
77 85
77 100
77 108
77 139
77 143
77 144
78 79
78 100
78 102
78 105
78 111
78 124
78 126
78 128
79 80
79 105
79 120
79 121
79 122
79 127
79 129
79 133
79 134
80 81
80 101
80 105
80 111
80 114
80 117
80 121
81 82
81 86
81 102
81 104
81 135
82 83
82 84
82 97
82 105
82 109
82 113
82 116
82 121
82 124
82 126
82 138
82 140
83 84
83 111
83 122
83 127
83 148
84 85
84 89
84 90
84 96
84 102
84 106
84 108
84 110
84 112
84 114
84 115
84 118
84 119
84 123
84 125
84 129
84 137
85 86
85 106
85 113
85 116
85 118
85 122
85 126
85 129
85 138
85 142
85 144
86 87
86 90
86 104
86 123
86 124
86 125
86 128
86 130
86 133
86 138
86 141
86 146
87 88
87 96
87 104
87 115
87 117
87 128
87 129
87 133
87 134
87 137
87 144
88 89
88 93
88 97
88 107
88 112
88 124
88 129
88 133
88 139
88 140
88 149
89 90
89 95
89 105
89 111
89 112
89 128
89 141
89 144
89 145
89 148
90 91
90 100
90 103
90 105
90 115
90 118
90 121
90 124
90 128
90 134
90 136
90 149
91 92
91 107
91 109
91 111
91 114
91 115
91 127
91 128
91 136
92 93
92 108
92 116
92 126
92 135
92 140
93 94
93 97
93 99
93 112
93 122
93 127
93 129
93 136
93 143
94 95
94 113
94 123
94 124
94 127
94 141
94 145
95 96
95 103
95 109
95 113
95 146
96 97
96 115
96 123
96 125
96 127
96 128
96 139
96 144
96 149
97 98
97 101
97 124
97 128
97 131
97 139
97 140
97 141
98 99
98 104
98 109
98 112
98 116
98 120
98 122
98 130
98 142
98 144
98 145
99 100
99 108
99 110
99 118
99 136
99 138
99 143
99 146
100 101
100 103
100 110
100 114
100 122
100 123
100 127
100 142
100 148
101 102
101 121
101 126
101 137
101 138
101 139
102 103
102 123
102 128
102 136
102 147
103 104
103 110
103 111
103 121
103 126
103 130
103 138
103 143
103 145
103 149
104 105
104 110
104 111
104 121
104 124
104 131
105 106
105 112
105 114
105 118
105 119
105 138
105 146
106 107
106 111
106 121
106 123
106 124
106 129
107 108
107 115
107 117
107 119
107 127
107 128
107 134
108 109
108 116
108 138
108 142
108 149
109 110
109 120
109 128
109 142
109 149
110 111
110 114
110 121
110 133
111 112
111 118
111 121
111 125
111 126
111 130
111 137
112 113
112 120
112 127
112 132
112 135
112 136
112 140
113 114
113 117
113 120
113 132
113 141
114 115
114 120
114 122
114 124
114 143
114 148
115 116
115 117
115 134
115 140
116 117
116 122
116 123
116 134
117 118
117 127
117 130
117 132
117 133
118 119
118 133
118 134
118 140
119 120
119 122
119 131
119 145
119 146
120 121
120 137
120 148
121 122
121 127
121 146
122 123
122 130
122 132
122 134
123 124
123 130
123 137
123 138
123 142
123 144
123 146
124 125
124 133
124 134
124 137
125 126
125 130
126 127
126 133
127 128
128 129
129 130
129 133
129 134
129 145
130 131
130 142
130 149
131 132
131 139
132 133
132 142
132 145
132 148
133 134
133 137
133 138
133 144
133 145
133 149
134 135
135 136
135 145
136 137
136 146
136 148
137 138
137 139
137 142
137 145
138 139
138 144
139 140
139 148
140 141
141 142
141 144
142 143
142 144
143 144
143 145
143 146
143 148
144 145
145 146
146 147
147 148
148 149
