0 105.59642450798692
1 53.621879903744976
2 27.197162158070025
3 111.13743539986763
4 39.53660056501249
5 65.8353441841646
6 66.66148822933897
7 98.6385310832247
8 114.75071423721067
9 107.23664166166463
10 100.76761372439995
11 58.81348391582548
12 76.36324478436313
13 45.9729364283084
14 110.07766666235355
15 116.25538439559301
16 72.67988847420881
17 25.56573658702021
18 81.19308817714193
19 97.18509378966797
20 107.8051159006066
21 59.50285707171205
22 113.06299291906527
23 109.93802536806601
24 57.65401860194796
25 71.53435396171656
26 24.40801515409491
27 98.29267030433587
28 109.20032689510035
29 60.386432356070785
30 35.04104988951921
31 29.997411062261506
32 103.21267694640358
33 60.67373007687421
34 115.8389135520502
35 39.98113060032608
36 109.26636940281543
37 117.9817616535318
38 102.21659844761224
39 107.9869785948651
40 38.47799589332797
41 95.40774719711094
42 44.17845708888693
43 113.74758088297911
44 104.19549831986991
45 81.28942373653416
46 22.368327977417252
47 79.32389499108098
48 73.78632156657721
49 73.41788838728071
50 94.01326482865908
51 77.85879463221715
52 115.70156446536619
53 73.72185517323075
54 45.253138649416755
55 60.75039883198608
56 35.154100228748725
57 39.22720503543927
58 117.0711193710807
59 31.129066412719126
60 109.03386435414926
61 100.03703775195974
62 40.88764566833062
63 70.52584349776754
64 76.09361656590141
65 73.14388275276173
66 66.85315335668815
67 107.74911609282812
68 111.97366740671546
69 72.07712476017971
70 92.97250220943512
71 104.24008645402277
72 20.29420935112333
73 36.70507515016891
74 106.41670475391132
75 118.55661583500347
76 100.82903510143032
77 84.95261247395541
78 29.725167935122194
79 104.13885300955329
80 113.68460078505397
81 118.76158297674861
82 24.07440765636474
83 89.13903031233217
84 44.44354843685951
85 100.31270530986032
86 39.38673843504836
87 84.85166013324533
88 89.39193148051346
89 51.344038433974035
90 116.77518552897838
91 70.15930600606693
92 22.23457981605518
93 118.34247876020817
94 42.668494519118426
95 103.41297718724235
96 74.11317389719065
97 89.45122206969562
98 25.932739708310486
99 20.29513952678285
100 57.27674285693725
101 45.12747142714463
102 119.40375615927287
103 86.46721586952442
104 89.41451097813619
105 73.90109234469601
106 35.467184449443415
107 87.18235857894558
108 30.4461018513734
109 87.02634678435614
110 111.67068585322123
111 52.54818524490675
112 26.474316286167472
113 21.38521264525503
114 66.8254280303272
115 36.7530911222447
116 66.64083770703233
117 28.692226924662624
118 50.65167463486377
119 92.32362576425612
120 97.78537827128584
121 110.86716403015298
122 30.745956421378256
123 106.35934203116229
124 109.09392750769844
125 76.38333072661268
126 79.49491303623496
127 94.69546932680815
128 94.33195206809118
129 60.46556664574029
130 20.533616796023693
131 82.07257904538217
132 22.793492057812674
133 73.20355520619269
134 69.4437914015815
135 31.64643108974559
136 101.75731945225489
137 113.9623614274369
138 56.61002684261844
139 25.54998531047095
140 93.02644677802412
141 117.91359746903953
142 51.4997415441633
143 39.72356294358514
144 54.037426198933254
145 81.07694745414113
146 117.10526750312829
147 100.85797657614616
148 110.06106039862729
149 43.9532701853721
0 1
0 16
0 60
0 77
1 2
1 77
2 3
2 63
2 146
3 4
4 5
4 6
4 16
4 126
5 6
5 9
5 23
5 76
6 7
6 100
7 8
7 51
7 111
7 112
8 9
8 49
9 10
10 11
10 59
10 114
10 132
11 12
11 21
12 13
12 41
12 83
13 14
13 28
13 56
13 89
13 135
14 15
14 80
14 147
15 16
15 43
15 131
16 17
16 26
16 79
16 104
17 18
17 54
17 83
18 19
18 54
18 69
18 97
19 20
19 128
20 21
20 138
21 22
22 23
22 29
22 44
22 70
23 24
24 25
24 31
24 73
24 86
24 108
25 26
26 27
26 31
27 28
27 60
28 29
28 42
28 102
28 106
29 30
29 131
30 31
30 72
30 149
31 32
31 90
31 93
31 143
31 145
32 33
33 34
33 69
33 125
34 35
34 125
34 144
35 36
35 110
36 37
36 82
37 38
37 75
37 82
38 39
38 70
38 109
39 40
40 41
41 42
42 43
42 74
43 44
43 45
43 46
43 127
44 45
44 48
45 46
45 69
45 124
45 139
46 47
46 54
47 48
47 55
48 49
48 106
49 50
49 63
50 51
50 63
50 109
51 52
52 53
52 118
53 54
54 55
54 75
54 108
55 56
55 109
56 57
56 80
56 134
57 58
58 59
58 61
58 113
58 135
59 60
59 92
59 126
60 61
60 99
60 147
61 62
61 139
62 63
62 104
63 64
63 90
64 65
64 79
64 81
64 112
65 66
65 100
65 103
66 67
66 77
66 121
67 68
68 69
68 128
69 70
69 80
69 136
70 71
70 94
71 72
71 103
71 125
71 127
72 73
73 74
74 75
75 76
76 77
76 108
77 78
77 95
77 129
78 79
78 148
79 80
79 101
80 81
81 82
81 86
81 103
81 145
82 83
83 84
83 94
83 112
83 149
84 85
85 86
86 87
87 88
87 119
87 133
88 89
88 112
89 90
89 142
90 91
91 92
91 146
92 93
92 139
93 94
94 95
94 108
94 136
95 96
95 109
96 97
97 98
97 107
98 99
98 100
98 149
99 100
99 111
99 125
100 101
101 102
102 103
102 120
103 104
104 105
105 106
105 113
105 129
105 141
106 107
107 108
108 109
108 139
109 110
110 111
110 121
111 112
111 145
112 113
113 114
114 115
115 116
115 133
116 117
116 121
116 149
117 118
118 119
119 120
120 121
121 122
122 123
123 124
124 125
125 126
125 146
126 127
127 128
128 129
129 130
130 131
131 132
132 133
133 134
133 147
134 135
135 136
136 137
137 138
138 139
139 140
140 141
141 142
142 143
143 144
144 145
145 146
146 147
147 148
148 149
