0 75.24184748949014
1 97.32603889652171
2 30.90762718906032
3 97.1879085655915
4 61.586040629213294
5 48.48018474658296
6 109.28815136590535
7 26.83734312596839
8 85.48974573300129
9 111.10534956912784
10 25.052616338472294
11 49.774110638430784
12 80.88815004639127
13 115.02359108011693
14 93.35639297125171
15 86.18865937920644
16 94.99326128716844
17 92.12211555663738
18 63.25247583348505
19 72.14506422075863
20 42.884688420054815
21 29.522820224977202
22 33.26443937314038
23 30.259319590726776
24 83.88853129324067
25 88.09234784798807
26 99.4423968580461
27 107.58732784769259
28 111.86171564798694
29 78.92267257088918
30 94.86498177046265
31 117.15147867287295
32 42.22170574547635
33 66.29111880276176
34 96.8355102178409
35 84.47598317241304
36 47.40925544120765
37 44.612619096067256
38 23.430673440820144
39 118.5676774628895
40 39.44443387421181
41 119.02598138160965
42 114.59519519746907
43 97.97029472008619
44 23.333898440727157
45 104.50972061276005
46 94.63614535184841
47 86.83669884523124
48 48.30998587635905
49 46.80205743495404
50 42.75567225742292
51 73.40491941581837
52 65.2298562230782
53 59.90350667626051
54 56.171100524898506
55 53.83028273984501
56 57.935636326287394
57 69.56937225565645
58 76.40652425087922
59 68.01728900653359
60 53.974069617047455
61 49.95345785950238
62 63.50014170310599
63 30.911346359380747
64 35.79693150222559
65 41.443108341302185
66 45.15674203901099
67 92.65181569128632
68 67.41104516201287
69 41.72967735336492
70 38.284955955967376
71 104.05431627768263
72 23.419464725965394
73 69.28738015870707
74 38.89394887058447
75 60.081516512754035
76 57.492976191649205
77 108.687415711375
78 102.98448916576969
79 43.278207536646164
80 75.53378269606091
81 60.55315740775489
82 95.85441207053526
83 91.5876926683178
84 85.14084547020833
85 35.466065246308624
86 70.14869304979995
87 70.53307347012765
88 77.45906404864027
89 50.76097210478386
90 44.01946883614071
91 38.43831368271369
92 60.092078531123825
93 111.90321413663328
94 89.92153503315059
95 55.18044731588845
96 100.48117151934018
97 86.01900941548274
98 111.8539918218179
99 99.90566734979981
100 58.000399196604576
101 104.15444753080884
102 84.26883797982863
103 31.20840301955096
104 79.99071372507325
105 60.96724363454663
106 49.402529506802686
107 44.4639887153564
108 112.05351826778578
109 115.80946559082079
110 21.446609549604226
111 55.32185257625843
112 26.146751466751752
113 37.538202105717744
114 25.758726910171962
115 65.80760144131557
116 101.3742480045157
117 76.8951662748863
118 109.22547512696373
119 50.048740841627975
120 101.83175700452925
121 94.92503263556475
122 93.92366835298678
123 30.33027513758366
124 83.4707128724236
125 23.65632464052592
126 110.3868271509457
127 101.00269033763816
128 27.66345003081266
129 86.14744303852225
130 39.06875751777339
131 97.70636999981345
132 43.00123651035972
133 57.00447250951592
134 109.00634726053389
135 102.44280541381396
136 98.82916275103224
137 101.60618464125412
138 51.21876830948134
139 21.2144194401673
140 54.119567200214824
141 92.52563784306204
142 81.04049545793461
143 70.27119946522157
144 23.508325759925057
145 65.01668042135864
146 88.3706840033095
147 59.44376451773768
148 78.66603743842913
149 39.937511160865114
0 1
0 7
0 118
0 130
1 2
1 18
2 3
3 4
3 75
3 77
3 110
3 129
4 5
4 18
4 25
4 62
4 91
4 119
4 125
5 6
5 73
6 7
6 17
6 40
6 41
6 78
6 114
7 8
7 50
7 71
7 86
8 9
8 21
8 116
8 137
9 10
9 13
10 11
10 34
10 44
11 12
11 19
11 128
12 13
12 53
13 14
14 15
14 127
15 16
15 99
16 17
16 39
16 97
17 18
17 64
17 73
18 19
18 52
18 53
19 20
19 49
20 21
20 51
20 57
20 125
21 22
21 34
21 69
21 72
21 89
21 148
22 23
22 81
23 24
23 54
23 73
24 25
24 77
25 26
25 107
26 27
26 84
27 28
27 51
27 76
27 85
27 130
28 29
28 34
28 89
28 94
28 118
29 30
29 62
30 31
30 65
31 32
31 47
31 50
32 33
33 34
33 40
33 81
33 114
33 122
33 131
34 35
34 72
34 138
35 36
35 137
36 37
36 43
36 77
36 138
37 38
37 61
38 39
38 56
38 72
38 86
38 133
39 40
39 129
40 41
41 42
41 86
42 43
43 44
43 112
44 45
44 57
44 73
44 103
45 46
46 47
46 59
47 48
48 49
48 87
49 50
49 64
49 122
50 51
50 83
50 101
51 52
51 106
52 53
52 126
53 54
53 68
54 55
55 56
56 57
56 105
57 58
57 60
58 59
59 60
59 107
60 61
60 117
61 62
61 144
62 63
63 64
63 104
64 65
64 131
65 66
65 82
65 142
66 67
66 93
67 68
67 119
68 69
68 74
68 144
69 70
69 116
69 129
69 147
69 148
70 71
71 72
71 106
72 73
72 100
72 130
72 137
73 74
73 102
74 75
75 76
76 77
77 78
77 131
78 79
79 80
79 98
80 81
80 141
81 82
82 83
83 84
84 85
85 86
85 94
85 144
86 87
87 88
88 89
89 90
89 111
89 143
90 91
91 92
92 93
93 94
94 95
94 111
95 96
95 103
96 97
96 118
97 98
98 99
98 140
99 100
99 101
99 106
100 101
101 102
102 103
102 137
103 104
104 105
104 107
105 106
105 122
105 123
106 107
106 124
107 108
107 145
108 109
108 136
109 110
110 111
111 112
111 147
112 113
113 114
113 135
114 115
114 126
115 116
116 117
117 118
118 119
119 120
119 140
120 121
121 122
122 123
123 124
124 125
124 137
124 148
125 126
126 127
127 128
127 141
128 129
128 137
129 130
130 131
130 136
131 132
132 133
132 149
133 134
134 135
135 136
136 137
137 138
137 144
138 139
139 140
140 141
141 142
142 143
143 144
144 145
145 146
146 147
147 148
148 149
