0 114.91992078918013
1 52.24971832665832
2 99.30466674291894
3 88.77851701270131
4 100.4937299829195
5 85.11759945149622
6 50.334585641011785
7 98.72925687882253
8 80.15874007356933
9 23.180876722900127
10 107.9367408933522
11 75.59418881109605
12 20.75644419040003
13 79.9418420568745
14 24.884855136186097
15 69.91289523133096
16 31.28576948501878
17 40.92539511580037
18 52.583582337592155
19 115.48690915395159
20 56.6228676623407
21 95.68362623227037
22 52.07159881588571
23 21.36971596919735
24 49.613207833382916
25 31.947282877164046
26 26.39166735485609
27 106.85229214072496
28 26.299736003356426
29 87.43493461247057
30 110.78094295263494
31 27.347649667312815
32 66.96107036920358
33 85.3971304629364
34 116.60737842034666
35 33.70670276560364
36 111.6688388939488
37 63.66423059740136
38 62.57585379257797
39 105.25174363293999
40 113.23341283703573
41 43.782974577196136
42 42.450170641029004
43 97.69266147718751
44 52.692470892073
45 76.76830167147352
46 72.38486180762209
47 51.09499422200051
48 92.90693304750948
49 45.063290514251
50 32.93326380670639
51 110.19777318628641
52 44.36405922947678
53 96.49154579162617
54 70.89611499703588
55 119.63303425553721
56 43.94752777917765
57 35.30272455418026
58 54.39745174414942
59 69.97781119917434
60 102.21958608820259
61 97.85331614085213
62 80.92236279827756
63 87.07326671187938
64 57.67047111057844
65 96.0312064817873
66 22.523685109557128
67 76.67457947558935
68 87.42541725470852
69 20.22393991651709
70 55.00252916376966
71 59.24909733732893
72 63.05982105082668
73 55.447033497622854
74 58.59002750274402
75 55.61915463155597
76 107.45817922391474
77 79.19005103717127
78 96.5054771084533
79 113.14987597734748
80 104.06266319969237
81 77.6046050791196
82 74.73863284269238
83 94.31118398544162
84 33.39229292534095
85 37.84984722175922
86 61.501589757225766
87 84.69717021379829
88 63.373849714486525
89 48.727371003234005
90 98.01834910327034
91 115.96480753971085
92 99.81081880962854
93 69.17891803044903
94 63.66780372470712
95 40.658017618067134
96 111.22683113884192
97 104.78666687322992
98 67.96857921241984
99 40.51187051103419
100 78.35518794000022
101 66.10723420441911
102 29.491723581730028
103 97.58574518788811
104 82.70623117506985
105 69.487040339193
106 67.51004519180812
107 108.45303527940897
108 40.929504374331366
109 80.94795904992698
110 76.0404077924567
111 75.67902686461392
112 112.09775077931026
113 96.79869392613668
114 71.90803642135694
115 67.94740646982619
116 53.57499273732767
117 100.8186774194043
118 108.55951224598789
119 100.44974758218892
120 77.79107922830396
121 37.177672246204644
122 25.573806732094653
123 50.53132199556688
124 67.03024423098691
125 90.69571123054162
126 60.16834525852287
127 90.09035890066825
128 36.251379910552856
129 71.61441578354018
130 81.46973920970623
131 85.85691260079068
132 94.9928759610326
133 60.74207162756533
134 20.91652836557393
135 91.43130436129532
136 48.575035196219886
137 82.65132616466293
138 62.883872631710986
139 30.841061124816445
140 96.09824267139413
141 39.549756213747386
142 28.467821995700863
143 52.37917055871724
144 28.14521590335989
145 56.50991816426544
146 32.3394583395328
147 113.61538265220935
148 100.6307956478538
149 59.93696157591785
0 1
1 2
1 109
1 149
2 3
2 33
2 41
2 57
2 77
3 4
3 42
3 79
4 5
5 6
5 142
6 7
6 64
6 74
7 8
7 106
8 9
8 75
9 10
10 11
11 12
11 82
11 98
11 136
12 13
12 113
12 123
13 14
13 21
13 35
13 36
14 15
14 99
14 100
15 16
15 18
15 44
16 17
16 56
16 93
16 97
16 116
17 18
18 19
18 127
18 129
19 20
19 73
19 93
19 114
20 21
20 67
20 70
20 125
21 22
21 80
21 90
21 110
22 23
22 50
22 107
22 121
23 24
23 45
24 25
24 34
25 26
26 27
26 77
26 80
26 96
26 111
26 144
27 28
27 94
28 29
28 45
28 71
29 30
29 72
29 87
30 31
31 32
31 146
32 33
32 59
33 34
33 43
33 69
33 121
34 35
34 97
35 36
35 90
36 37
37 38
37 74
38 39
38 85
38 142
39 40
39 68
39 94
39 146
40 41
40 135
41 42
41 106
42 43
42 77
42 88
43 44
43 128
44 45
44 114
45 46
46 47
46 142
47 48
47 52
48 49
49 50
50 51
50 62
50 67
50 70
50 90
51 52
52 53
53 54
53 79
53 89
53 129
54 55
54 139
55 56
55 65
55 69
55 78
56 57
56 147
57 58
57 108
57 111
58 59
58 93
59 60
59 100
60 61
61 62
62 63
62 144
63 64
63 92
64 65
64 101
64 120
65 66
65 137
66 67
67 68
68 69
68 107
69 70
69 73
69 123
69 138
70 71
70 88
70 112
70 121
70 137
71 72
71 101
72 73
72 137
73 74
74 75
75 76
75 85
75 119
76 77
77 78
78 79
79 80
80 81
80 82
81 82
81 118
82 83
82 119
82 121
83 84
83 129
84 85
84 87
84 144
85 86
85 91
85 99
85 143
86 87
87 88
87 122
87 149
88 89
88 97
88 125
89 90
90 91
91 92
92 93
93 94
94 95
94 107
94 110
95 96
95 103
95 108
95 134
96 97
97 98
97 99
97 118
98 99
98 109
98 118
98 129
99 100
100 101
100 124
101 102
101 108
101 129
102 103
102 108
102 135
103 104
104 105
105 106
105 139
106 107
106 120
107 108
108 109
108 144
109 110
109 143
110 111
111 112
111 129
112 113
112 132
113 114
113 148
114 115
115 116
116 117
117 118
118 119
119 120
120 121
120 140
121 122
122 123
123 124
124 125
124 139
125 126
126 127
127 128
128 129
129 130
130 131
131 132
132 133
133 134
134 135
135 136
136 137
137 138
137 148
138 139
138 140
139 140
140 141
141 142
141 147
142 143
143 144
143 145
144 145
145 146
146 147
147 148
148 149
