0 109.75833129039817
1 73.07292749145526
2 29.203928754042995
3 117.41664634349357
4 118.83318884150931
5 78.06269941725897
6 47.95547493530578
7 93.76702555126228
8 83.42109043680429
9 74.33855760556033
10 109.38057499368823
11 91.00290329296381
12 89.26314139300392
13 40.148148669424494
14 25.503300246107933
15 115.36054537753692
16 96.1595973277484
17 56.32213371189308
18 62.98725311565244
19 31.74445012182258
20 70.03250991775352
21 21.99365884303091
22 54.25823705597215
23 74.42672952710106
24 115.49812266539027
25 28.77204020167501
26 89.14309557714388
27 33.27984941913872
28 104.92372656347567
29 66.029990564988
30 24.063869246968732
31 24.969688635846694
32 26.603888825486784
33 79.28007655523854
34 74.04913727787633
35 71.91459596571305
36 29.47606630547931
37 106.05752429508074
38 59.17201950016814
39 28.320246586058754
40 24.705836856470583
41 69.29290814382506
42 61.497002921879215
43 112.22881361948261
44 115.50707781854494
45 116.84962461488377
46 111.21540845501173
47 25.275011236965476
48 65.72261907622185
49 57.71750732930197
50 61.371948608920825
51 67.72037618356984
52 84.97604966708242
53 60.29531200904274
54 29.43250859909085
55 85.34116086070883
56 103.61545579981437
57 46.26121673612333
58 80.91593092715803
59 116.87400636586598
60 34.20514829793741
61 34.72187941491809
62 105.41022834825105
63 45.97756241870821
64 67.9814459302142
65 65.64704906099453
66 88.51631460627753
67 100.04707271445717
68 34.473840850889374
69 59.038039035051824
70 114.61003383726116
71 79.72286798824247
72 60.40301092340537
73 46.8448709407851
74 44.78582420245873
75 47.56263342237649
76 100.00223703603832
77 48.33827021606572
78 101.94315654695035
79 52.101177907074685
80 73.06904919393367
81 46.4590591671178
82 60.69939185261625
83 114.40038802640306
84 39.3389683085294
85 62.608976985251246
86 83.6604801319501
87 58.19593110204814
88 58.18344545461454
89 20.4132998649778
90 67.55350731431034
91 21.876159654139897
92 31.169236354638382
93 35.17706122840852
94 62.82276724093118
95 50.782632776161755
96 101.67656644563435
97 65.0731107281317
98 108.51371711337704
99 31.700515944969048
100 90.55866178565412
101 112.54156703885229
102 80.61681596818201
103 97.91104341220809
104 79.73534656859744
105 69.94675320340991
106 86.51586485956284
107 102.8071803563803
108 116.64852705562032
109 62.22899253538743
110 50.78320896359322
111 32.82744597300517
112 101.66762244789693
113 51.105116951816136
114 28.28672476762229
115 106.34183378563318
116 37.818078026984765
117 30.312925424230244
118 49.42123962448788
119 84.12764133333711
120 67.61629981839383
121 59.46123975322712
122 49.24964950142767
123 99.20193512144871
124 95.3294863958575
125 55.23859934773584
126 57.43667616118822
127 99.03127019718333
128 94.6390095266082
129 83.05006529921434
130 29.08084936082027
131 81.51821504492887
132 31.471106853545706
133 69.5929997277597
134 77.89796360597742
135 97.66811079029323
136 89.66887255225205
137 87.44906851313796
138 32.68192169357833
139 88.46842177551045
140 73.21463641147263
141 46.461175006100625
142 75.56649997043175
143 21.266943876163594
144 72.8719779381851
145 63.48037989930881
146 36.33428406007593
147 91.81398276690622
148 27.401832862948723
149 72.00932909073087
0 1
1 2
1 21
1 112
2 3
2 46
2 91
3 4
3 108
3 129
4 5
4 137
5 6
5 65
5 103
5 108
6 7
6 86
7 8
7 21
7 54
7 77
8 9
9 10
9 83
10 11
10 77
10 144
11 12
11 87
11 101
11 144
12 13
12 49
12 81
13 14
13 50
13 77
13 106
14 15
14 79
15 16
15 31
15 80
16 17
17 18
17 46
18 19
19 20
19 149
20 21
20 31
21 22
21 28
21 35
21 37
21 76
21 92
22 23
22 50
22 54
22 63
23 24
24 25
24 136
25 26
25 115
25 128
25 144
26 27
26 33
26 83
26 117
26 121
27 28
27 132
28 29
29 30
29 66
29 144
30 31
30 57
30 129
31 32
31 52
32 33
33 34
33 63
33 102
33 132
33 148
34 35
34 106
35 36
35 97
35 136
36 37
36 125
37 38
37 95
37 101
38 39
38 42
38 66
39 40
40 41
40 92
41 42
41 47
42 43
43 44
43 93
43 97
44 45
44 143
45 46
45 131
46 47
46 66
46 149
47 48
48 49
49 50
49 70
49 88
49 117
50 51
50 64
50 110
51 52
52 53
52 147
53 54
53 110
53 137
54 55
55 56
55 99
55 133
56 57
56 129
57 58
57 102
57 128
58 59
58 66
58 80
59 60
59 66
60 61
60 121
61 62
62 63
62 68
63 64
63 78
63 115
63 134
63 138
64 65
64 123
64 125
65 66
66 67
67 68
67 123
67 126
67 147
68 69
68 111
69 70
69 138
70 71
70 103
71 72
71 76
71 100
72 73
72 115
73 74
74 75
74 78
74 132
74 142
75 76
76 77
76 101
76 132
77 78
77 132
77 133
78 79
79 80
79 136
80 81
80 109
81 82
81 105
81 112
81 147
82 83
83 84
84 85
84 104
84 139
85 86
85 131
86 87
86 101
87 88
87 90
87 111
88 89
88 112
89 90
89 91
90 91
91 92
92 93
92 116
92 126
93 94
93 106
93 118
94 95
94 101
95 96
95 146
96 97
97 98
98 99
98 122
98 135
99 100
99 125
100 101
100 148
101 102
102 103
103 104
103 120
103 138
104 105
105 106
105 107
106 107
107 108
108 109
109 110
109 139
109 140
110 111
111 112
112 113
113 114
114 115
114 121
114 131
115 116
116 117
117 118
118 119
118 125
119 120
120 121
120 144
121 122
121 147
122 123
122 127
123 124
123 126
124 125
125 126
126 127
127 128
128 129
129 130
130 131
131 132
132 133
132 134
132 146
133 134
134 135
134 140
135 136
136 137
137 138
138 139
139 140
140 141
141 142
142 143
143 144
144 145
145 146
146 147
147 148
148 149
