0 106.4206813952828
1 88.40998476450228
2 32.99479327682522
3 53.18290938196131
4 101.85149709742605
5 85.94710764977995
6 101.67630303592021
7 50.806130156881814
8 111.74659907053793
9 66.95583924238593
10 42.069437169774105
11 110.90399661735717
12 119.43939701235318
13 104.97065105592436
14 96.2998006602934
15 36.17018114820745
16 61.00003716647894
17 105.03570849994337
18 28.87822306652502
19 33.38733467886655
20 53.03490830814516
21 58.095990103035106
22 97.73493479422216
23 88.2459462737706
24 103.6786544559782
25 103.50538796210057
26 57.08061217788739
27 58.79197683781685
28 69.30622469209163
29 35.34823326752633
30 23.029979158287798
31 31.061030446063658
32 38.340023108634995
33 117.2745673719556
34 28.33376860587645
35 48.523196835669886
36 20.49998573561558
37 102.67836801455877
38 116.10004752250511
39 48.154116170916964
40 94.94197271852133
41 92.30185986461579
42 74.04603353749465
43 110.26421972414293
44 23.952625336377512
45 99.72796019560228
46 90.60668258790787
47 56.659533800143016
48 70.21636356745714
49 36.726789540346964
50 22.136525828020787
51 112.27378582023304
52 65.14299746041681
53 75.05110003592749
54 96.47634502917472
55 79.10301170958968
56 63.341952150879564
57 89.02937676880711
58 42.31644305956583
59 58.09023739246917
60 84.05187010702798
61 34.18426765767694
62 26.0734552014158
63 94.5492298950239
64 84.18193338974571
65 71.10792655599661
66 98.40773588084727
67 115.78270630853602
68 29.593941396475675
69 100.95471546077276
70 101.0435986635167
71 75.74180979149327
72 31.3518292610566
73 39.16566740133615
74 61.214754300857194
75 20.890055752749795
76 91.88797840900047
77 117.41799634888592
78 105.84252492436042
79 43.87635859318068
80 62.38329560445468
81 70.29683331051717
82 60.4645037246469
83 97.18818181067759
84 47.130728949928866
85 32.81528653173005
86 58.96655130938218
87 97.64719417387661
88 103.24952652323707
89 47.66285799821989
90 79.33110716872909
91 64.42631983374238
92 74.84020463416601
93 56.9410849522474
94 37.90001699999709
95 98.20837708072332
96 69.51784378345656
97 32.149261280356704
98 20.060162853326585
99 27.172968086627623
100 32.233989190174434
101 78.31194775570438
102 98.79541478957469
103 116.68968091676152
104 96.39510816114283
105 33.393885514065076
106 94.20852878891762
107 63.91204304294283
108 95.50816665142658
109 72.52688231757355
110 56.90177631810036
111 75.90810746836638
112 99.93158707997387
113 118.0770881621398
114 116.01525708191897
115 60.52992279039
116 102.78251215956453
117 51.21000783821414
118 118.75701954052693
119 42.91559204920696
120 116.648878981585
121 118.36452822356131
122 102.41922671329253
123 57.333966833859854
124 58.4775825155635
125 26.92610329593678
126 82.15980513369166
127 54.02351063222128
128 93.85755186764528
129 28.393160802448072
130 108.23914461579459
131 103.74317099287238
132 83.88929928424221
133 94.45971458651606
134 44.936572598840755
135 78.94462455548748
136 27.930094220714977
137 101.69106936145201
138 50.031515212658995
139 39.79155089719639
140 23.72666233347546
141 53.84837682068562
142 88.5193571538755
143 55.693075118540854
144 72.79481264621324
145 87.4217685583754
146 97.14222812686647
147 48.58490607154065
148 43.378252923619
149 25.560636273666173
0 1
0 11
0 24
0 31
0 43
0 54
0 55
0 58
0 66
0 70
0 95
0 105
0 120
0 125
0 143
1 2
1 10
1 24
1 29
1 33
1 34
1 37
1 38
1 41
1 52
1 54
1 68
1 69
1 73
1 79
1 81
1 92
1 107
1 117
1 121
1 134
1 140
2 3
2 5
2 10
2 11
2 14
2 18
2 22
2 29
2 42
2 49
2 52
2 55
2 59
2 65
2 81
2 84
2 98
2 103
2 107
2 116
2 117
2 123
2 124
2 132
2 138
2 143
3 4
3 24
3 26
3 46
3 61
3 88
3 104
3 114
3 145
4 5
4 6
4 7
4 21
4 30
4 38
4 39
4 43
4 46
4 57
4 59
4 60
4 75
4 79
4 80
4 81
4 92
4 94
4 96
4 128
4 129
4 133
4 138
4 146
5 6
5 10
5 49
5 61
5 70
5 71
5 74
5 76
5 83
5 89
5 113
5 129
5 142
6 7
6 9
6 13
6 33
6 56
6 60
6 90
6 106
6 111
6 116
6 118
6 142
6 146
6 147
7 8
7 10
7 15
7 20
7 44
7 51
7 67
7 80
7 88
7 105
7 111
7 114
7 135
8 9
8 23
8 31
8 34
8 59
8 65
8 67
8 74
8 83
8 92
8 99
8 103
8 108
8 114
8 117
8 119
8 120
8 125
8 134
8 136
8 145
9 10
9 29
9 30
9 35
9 55
9 57
9 58
9 64
9 73
9 74
9 77
9 81
9 82
9 85
9 90
9 100
9 127
9 146
10 11
10 22
10 26
10 27
10 29
10 50
10 52
10 56
10 59
10 67
10 68
10 69
10 76
10 77
10 78
10 80
10 92
10 94
10 96
10 97
10 99
10 120
10 141
10 147
11 12
11 60
11 68
11 69
11 96
11 109
11 124
11 126
11 129
11 131
11 134
11 135
11 143
11 144
12 13
12 24
12 34
12 44
12 46
12 50
12 69
12 72
12 76
12 84
12 86
12 93
12 95
12 98
12 114
12 118
12 120
12 127
12 132
12 139
13 14
13 15
13 24
13 29
13 32
13 35
13 40
13 47
13 53
13 80
13 81
13 88
13 93
13 94
13 96
13 100
13 106
13 107
13 123
13 144
14 15
14 54
14 65
14 75
14 89
14 97
14 98
14 99
14 101
14 103
14 126
14 129
14 142
15 16
15 19
15 27
15 28
15 49
15 63
15 64
15 69
15 70
15 104
15 106
15 133
15 138
16 17
16 22
16 23
16 30
16 38
16 43
16 48
16 55
16 59
16 68
16 69
16 92
16 95
16 96
16 116
16 122
16 123
16 128
16 135
16 141
16 149
17 18
17 25
17 30
17 55
17 56
17 61
17 65
17 84
17 100
17 102
17 105
17 115
17 126
17 128
17 135
17 138
18 19
18 20
18 22
18 25
18 45
18 59
18 73
18 74
18 80
18 83
18 86
18 97
18 98
18 102
18 123
18 129
18 136
18 139
19 20
19 25
19 27
19 38
19 39
19 46
19 51
19 58
19 66
19 68
19 69
19 72
19 76
19 90
19 105
19 108
19 110
19 117
19 130
19 132
19 136
19 149
20 21
20 26
20 29
20 30
20 41
20 42
20 43
20 44
20 45
20 47
20 76
20 94
20 104
20 113
20 117
20 130
20 136
20 142
20 143
20 148
21 22
21 23
21 36
21 48
21 57
21 65
21 67
21 69
21 77
21 79
21 87
21 95
21 106
21 110
21 112
21 119
21 120
21 122
21 132
21 136
21 140
21 145
21 146
22 23
22 24
22 26
22 34
22 44
22 48
22 63
22 79
22 81
22 92
22 94
22 102
22 109
22 122
22 123
22 124
22 134
22 140
22 146
23 24
23 28
23 30
23 40
23 45
23 52
23 54
23 56
23 67
23 71
23 73
23 74
23 78
23 83
23 87
23 114
23 121
23 122
23 127
23 128
23 129
23 132
24 25
24 34
24 36
24 52
24 94
24 102
24 103
24 112
24 119
24 121
24 127
24 128
24 149
25 26
25 45
25 49
25 50
25 54
25 57
25 60
25 86
25 91
25 92
25 101
25 102
25 109
25 110
25 111
25 112
25 116
25 119
25 131
26 27
26 32
26 34
26 42
26 53
26 61
26 66
26 71
26 75
26 88
26 96
26 101
26 126
26 127
26 132
26 141
26 147
27 28
27 37
27 39
27 40
27 42
27 57
27 79
27 95
27 98
27 119
27 123
27 139
28 29
28 36
28 38
28 59
28 60
28 75
28 80
28 81
28 84
28 93
28 94
28 102
28 106
28 107
28 125
28 131
28 135
28 145
29 30
29 32
29 40
29 41
29 54
29 55
29 76
29 82
29 89
29 115
29 118
29 120
29 137
29 139
29 146
30 31
30 42
30 44
30 55
30 73
30 82
30 84
30 85
30 94
30 118
30 144
30 147
30 149
31 32
31 69
31 72
31 102
31 114
31 115
31 123
31 131
31 132
31 145
31 147
32 33
32 51
32 69
32 82
32 84
32 93
32 99
32 102
32 110
32 118
32 120
32 124
32 128
32 135
32 139
32 143
33 34
33 44
33 48
33 53
33 55
33 65
33 83
33 84
33 89
33 90
33 106
33 108
33 110
33 117
33 131
33 142
34 35
34 47
34 51
34 52
34 62
34 67
34 87
34 97
34 100
34 101
34 118
34 130
34 137
34 143
34 149
35 36
35 42
35 46
35 49
35 51
35 64
35 74
35 75
35 85
35 92
35 98
35 138
35 147
36 37
36 43
36 46
36 70
36 96
36 98
36 114
36 115
36 118
36 119
37 38
37 43
37 44
37 50
37 57
37 61
37 73
37 74
37 83
37 101
37 104
37 110
37 114
37 121
37 122
37 126
37 135
37 136
37 146
37 148
38 39
38 41
38 58
38 69
38 73
38 92
38 103
38 107
38 108
38 118
38 122
38 131
38 133
38 140
39 40
39 46
39 47
39 86
39 108
39 113
39 121
39 123
39 148
40 41
40 63
40 67
40 72
40 83
40 98
40 116
40 118
40 119
40 130
40 136
40 137
40 141
40 145
40 146
40 147
40 148
41 42
41 47
41 57
41 62
41 63
41 73
41 74
41 80
41 82
41 84
41 87
41 89
41 91
41 105
41 122
41 127
41 132
41 136
41 138
41 140
41 143
41 144
42 43
42 50
42 55
42 63
42 67
42 101
42 104
42 105
42 121
42 126
42 132
42 140
42 143
42 145
42 147
43 44
43 75
43 101
43 113
43 123
43 127
43 133
43 138
43 139
44 45
44 55
44 60
44 82
44 94
44 101
44 118
44 134
44 137
44 142
44 145
44 146
44 149
45 46
45 54
45 62
45 70
45 79
45 87
45 94
45 105
45 107
45 110
45 118
46 47
46 62
46 64
46 67
46 85
46 95
46 96
46 102
46 107
46 112
46 120
46 144
47 48
47 49
47 61
47 64
47 98
47 113
47 117
47 120
47 122
47 143
48 49
48 53
48 81
48 88
48 94
48 106
48 115
48 141
49 50
49 54
49 56
49 75
49 78
49 83
49 98
49 99
49 117
49 132
49 135
49 138
50 51
50 58
50 64
50 81
50 83
50 101
50 108
50 115
50 120
50 124
50 130
50 134
51 52
51 59
51 86
51 89
51 97
51 101
51 116
51 119
51 127
51 129
51 131
51 142
52 53
52 56
52 66
52 72
52 80
52 93
52 114
52 125
52 137
52 149
53 54
53 66
53 73
53 85
53 91
53 95
53 98
53 99
53 121
53 132
54 55
54 67
54 69
54 89
54 103
54 112
54 135
54 137
54 145
55 56
55 58
55 61
55 71
55 75
55 78
55 79
55 83
55 84
55 85
55 86
55 99
55 101
55 125
55 130
55 137
55 145
55 147
56 57
56 81
56 90
56 98
56 102
56 107
56 110
56 118
56 134
56 140
57 58
57 62
57 64
57 65
57 73
57 84
57 87
57 100
57 101
57 117
57 139
57 140
57 141
57 147
58 59
58 60
58 86
58 87
58 90
58 107
58 115
58 120
58 130
58 135
58 143
58 148
59 60
59 65
59 74
59 83
59 84
59 89
59 92
59 93
59 94
59 99
59 102
59 103
59 126
59 141
60 61
60 64
60 70
60 71
60 74
60 84
60 95
60 112
60 119
60 134
61 62
61 69
61 72
61 77
61 82
61 83
61 92
61 110
61 113
61 119
61 120
61 134
61 141
61 143
61 147
62 63
62 86
62 88
62 92
62 99
62 102
62 120
62 130
62 133
62 140
62 141
62 145
62 147
62 148
63 64
63 65
63 66
63 108
63 128
63 137
63 147
64 65
64 75
64 89
64 92
64 106
64 108
64 109
64 128
64 143
65 66
65 72
65 74
65 80
65 82
65 90
65 100
65 107
65 115
65 117
65 121
65 123
65 134
65 142
65 143
65 147
65 148
66 67
66 72
66 77
66 92
66 127
66 136
66 142
66 147
67 68
67 69
67 79
67 84
67 105
67 111
67 133
67 135
68 69
68 71
68 72
68 74
68 86
68 87
68 94
68 100
68 101
68 106
68 111
68 116
68 122
68 128
68 134
69 70
69 73
69 79
69 88
69 89
69 95
69 107
69 109
69 115
69 116
69 118
69 127
69 133
69 135
70 71
70 75
70 81
70 82
70 102
70 103
70 107
70 108
70 109
70 120
70 129
70 132
70 135
70 137
71 72
71 86
71 91
71 93
71 96
71 97
71 98
71 99
71 119
71 132
71 140
71 142
71 143
71 144
72 73
72 108
72 109
72 111
72 126
72 132
73 74
73 78
73 80
73 92
73 97
73 98
73 111
73 113
73 115
73 123
73 131
73 140
73 145
74 75
74 91
74 96
74 99
74 100
74 103
74 122
74 136
74 145
75 76
75 87
75 90
75 101
75 104
75 109
75 110
75 113
75 124
75 126
75 135
75 140
76 77
76 78
76 82
76 89
76 96
76 97
76 99
76 105
76 110
76 117
76 135
76 140
77 78
77 95
77 105
77 119
77 126
77 145
78 79
78 83
78 102
78 108
78 116
78 118
78 124
78 135
78 139
78 143
79 80
79 82
79 91
79 105
79 107
79 112
79 113
79 115
79 117
79 128
79 129
79 130
79 135
79 147
80 81
80 92
80 112
80 118
80 131
80 132
81 82
81 83
81 84
81 104
81 107
81 109
81 115
81 116
81 123
81 128
82 83
82 88
82 92
82 112
82 119
83 84
83 88
83 91
83 94
83 103
83 107
83 122
83 128
83 129
83 130
83 132
83 135
83 137
83 138
83 144
84 85
84 109
84 111
84 114
84 115
84 132
84 133
85 86
85 89
85 90
85 124
85 131
85 134
85 139
86 87
86 89
86 114
86 115
86 122
86 128
86 140
86 144
86 145
87 88
87 96
87 99
87 102
87 104
87 126
87 129
87 140
87 141
87 143
87 145
88 89
88 92
88 99
88 109
88 124
88 142
88 148
89 90
89 93
89 114
89 119
89 139
89 143
89 149
90 91
90 98
90 108
90 109
90 122
90 124
90 126
90 133
90 141
90 147
91 92
91 96
91 104
91 110
91 130
91 133
91 135
91 136
91 137
91 140
91 145
91 149
92 93
92 101
92 102
92 109
92 121
92 144
92 145
93 94
93 95
93 102
93 117
93 121
93 122
93 127
93 133
93 147
94 95
94 104
94 112
94 120
94 122
94 125
94 132
94 141
94 147
95 96
95 102
95 114
95 118
95 135
95 141
95 145
96 97
96 122
96 126
96 130
96 132
96 139
97 98
97 108
97 116
97 121
97 136
98 99
98 116
98 124
98 133
98 137
99 100
99 107
99 113
99 114
99 128
99 129
99 134
99 142
99 144
99 147
99 149
100 101
100 102
100 112
100 113
100 115
100 121
100 131
100 136
100 149
101 102
101 111
101 114
101 117
101 124
101 144
101 146
102 103
102 104
102 105
102 127
102 133
102 137
102 143
102 147
103 104
103 116
103 123
103 130
103 132
103 135
103 142
104 105
104 118
104 135
105 106
105 109
105 113
105 115
105 117
105 120
105 121
105 124
105 127
105 143
105 144
106 107
106 112
106 118
106 131
106 134
106 135
107 108
107 117
107 118
107 129
107 136
107 140
107 142
107 149
108 109
108 119
108 133
108 148
109 110
109 114
109 117
109 126
109 128
109 138
109 144
110 111
110 121
110 144
110 145
110 149
111 112
111 117
112 113
112 138
112 139
112 141
112 144
112 148
113 114
113 137
113 143
114 115
114 116
114 120
114 137
114 144
115 116
115 127
116 117
116 121
116 134
116 140
116 142
116 148
117 118
117 119
117 122
117 125
117 143
118 119
118 125
118 133
118 138
118 141
118 143
119 120
119 124
119 126
119 127
119 128
119 131
119 136
119 140
119 141
119 147
120 121
120 124
120 132
120 139
120 142
121 122
121 123
121 137
121 140
121 142
122 123
122 128
123 124
124 125
124 143
125 126
125 142
125 144
125 148
126 127
127 128
127 134
127 141
127 142
127 149
128 129
128 131
128 134
128 144
129 130
129 132
129 136
130 131
130 132
130 136
131 132
132 133
132 134
132 147
133 134
133 136
133 148
134 135
134 140
134 145
134 147
135 136
135 137
135 139
135 144
136 137
136 143
136 145
137 138
138 139
138 143
139 140
140 141
141 142
142 143
143 144
143 146
144 145
145 146
146 147
147 148
148 149
