0 113.47562311102939
1 99.98464869774968
2 27.37755597600028
3 74.55839589081057
4 92.3954910835846
5 98.63883330000739
6 100.17474796348573
7 90.80269183502269
8 61.66221415947203
9 54.62335920158396
10 61.822692365148995
11 79.57619924641767
12 65.12426695565001
13 100.75883777105581
14 97.22530807149171
15 45.33339332619393
16 25.055122854453366
17 57.437792223486234
18 91.35519307316258
19 69.90361835004668
20 73.02342326758131
21 70.39995895243548
22 119.12768503262875
23 95.6002787157946
24 54.637166406560674
25 22.708843935422458
26 81.73344955870459
27 20.313610501572946
28 70.54284174723618
29 66.24517119162255
30 55.375022636692144
31 49.17018002100477
32 67.72071602171567
33 92.34910783049592
34 71.57542793376548
35 85.7211193946141
36 74.90250387522204
37 88.68467034150098
38 79.5745813809286
39 87.12506866238984
40 83.84790812463382
41 109.9660847549657
42 50.80190804680948
43 52.42065721586427
44 114.2516242815693
45 23.877242634526056
46 73.01122869904637
47 60.7372673804867
48 64.2125787818209
49 80.33188475158303
50 47.3866150030434
51 27.171790261259286
52 40.48230886688786
53 92.16345224840866
54 45.77561518948471
55 98.06286260740282
56 83.11956581785284
57 108.40004364787416
58 107.17884933819504
59 64.52314774297213
60 47.71338158295854
61 107.47124907652906
62 52.72267379297568
63 33.34396174060774
64 84.9969683569172
65 37.01008663622275
66 76.56425819750511
67 57.76558277446342
68 62.460012259311966
69 79.35464329230186
70 26.526064340798555
71 97.11041480665169
72 105.47704032085768
73 27.420456563974263
74 22.72937236277184
75 43.90510148229524
76 96.50474694243741
77 114.30605045587473
78 75.09419371823734
79 29.87161739484257
80 60.061271107856264
81 51.81045184640229
82 51.295506030610255
83 98.04620636826915
84 78.4855887803931
85 97.98295747767297
86 115.61343928004835
87 107.28903446518325
88 28.885365000722825
89 91.89175670303037
90 106.08770006412021
91 117.5762452836806
92 105.2167391150993
93 64.98950201130206
94 42.484175215067836
95 89.72005520507804
96 91.09966433328754
97 62.77024364787839
98 60.80426911328011
99 21.541436726165955
100 78.75763414909855
101 87.85362974642265
102 51.41527345519163
103 34.02381481382051
104 87.38069294613818
105 106.1986242286042
106 37.35262513062141
107 115.60514121425136
108 20.245893554587052
109 41.84041546858806
110 66.9426512587093
111 30.51959711466095
112 114.08942083955134
113 22.36060782854213
114 110.6169786556946
115 97.97906360618248
116 76.5098156464434
117 27.24219373020716
118 45.63752588735373
119 52.98846802956922
120 77.59189004701483
121 34.3271676234087
122 84.4235553771526
123 106.71794941262183
124 60.476031761768425
125 55.78613491851279
126 52.270007366634665
127 34.608724759227265
128 62.25781679329383
129 104.325565311039
130 48.46894648229787
131 33.76845922473446
132 91.38795521272037
133 32.79986115569238
134 31.19360704737358
135 107.71581889900504
136 90.65278388340562
137 45.961724020168674
138 50.9772101863515
139 56.162801443584506
140 25.850645650797826
141 91.77575346328001
142 20.216341386781437
143 70.27736739071895
144 79.43968383499694
145 101.53662113319298
146 46.851372008554605
147 59.74776943440208
148 95.71771452359982
149 62.974558782070005
0 1
0 5
0 102
1 2
1 84
1 87
1 125
2 3
2 82
2 137
3 4
3 37
3 141
4 5
4 6
4 10
4 15
4 48
4 49
5 6
5 10
5 69
5 115
6 7
6 64
7 8
7 31
8 9
8 65
8 75
9 10
9 99
9 118
9 121
10 11
10 118
10 125
11 12
12 13
12 19
12 43
13 14
14 15
14 148
15 16
15 28
15 57
16 17
16 104
16 124
17 18
17 137
17 146
18 19
19 20
19 58
19 129
20 21
20 42
20 95
20 127
20 134
21 22
21 59
21 142
22 23
22 27
23 24
24 25
24 89
25 26
25 97
25 110
26 27
27 28
27 72
27 127
28 29
29 30
30 31
30 52
30 57
30 113
31 32
31 89
31 114
31 119
31 128
32 33
32 114
32 116
33 34
33 146
34 35
34 60
34 106
35 36
35 43
35 69
35 102
35 118
36 37
36 52
37 38
38 39
38 59
39 40
40 41
41 42
41 59
41 110
41 113
42 43
42 113
42 136
43 44
43 50
43 59
43 74
43 92
44 45
45 46
45 55
45 121
46 47
46 120
46 136
47 48
47 95
48 49
49 50
49 140
50 51
51 52
52 53
52 88
52 139
53 54
54 55
55 56
55 75
55 128
56 57
56 132
57 58
57 93
57 135
58 59
58 116
58 117
59 60
59 92
59 118
59 137
60 61
61 62
61 66
61 80
61 87
61 103
62 63
62 131
62 140
63 64
63 96
64 65
64 119
64 146
65 66
65 94
66 67
67 68
67 77
67 87
67 103
67 126
68 69
68 98
69 70
69 95
70 71
71 72
72 73
72 145
73 74
73 102
74 75
74 140
75 76
75 104
76 77
77 78
77 103
78 79
79 80
80 81
80 90
80 91
81 82
82 83
82 106
82 145
83 84
84 85
84 145
85 86
85 94
85 110
86 87
86 92
86 117
87 88
87 94
87 104
88 89
89 90
89 113
89 122
89 131
90 91
91 92
91 134
91 141
91 143
92 93
92 141
93 94
93 99
94 95
94 122
95 96
96 97
97 98
97 122
98 99
99 100
100 101
100 147
101 102
101 114
101 147
102 103
103 104
103 119
104 105
105 106
106 107
106 111
107 108
107 111
108 109
109 110
109 111
110 111
110 138
111 112
112 113
113 114
114 115
115 116
116 117
116 136
117 118
118 119
118 126
118 130
119 120
120 121
120 126
121 122
122 123
123 124
124 125
125 126
126 127
127 128
128 129
129 130
130 131
131 132
131 143
132 133
133 134
134 135
134 144
135 136
136 137
137 138
138 139
139 140
140 141
141 142
142 143
143 144
144 145
145 146
145 147
146 147
147 148
148 149
