0 46.91785849719618
1 42.60194102109925
2 45.09553443465402
3 29.23596721892142
4 118.85963781620642
5 45.62293051417693
6 60.7690253175229
7 27.952213425753698
8 32.897915790682724
9 86.5121104457788
10 109.13508791802977
11 74.27059235302016
12 70.08394509722434
13 46.12854335474509
14 24.440038215348768
15 39.97243618260342
16 60.300654826326415
17 36.07196466744264
18 70.08974138575562
19 60.728167879925905
20 37.508398935003044
21 97.38339581004519
22 94.5564925488326
23 96.72194976615233
24 23.187541360569814
25 43.74889433331872
26 88.09168087402084
27 40.62521938682449
28 94.5482636892415
29 109.41453393870911
30 94.91033303144998
31 58.176056121775325
32 47.30072322379516
33 100.39966470469764
34 115.29886640113993
35 74.0627541757791
36 94.12629587740693
37 89.09941563431794
38 40.00745842029765
39 96.3763694111702
40 49.46330027075604
41 36.99625446737216
42 95.32369420588392
43 106.58841257678537
44 38.81826606265376
45 77.95439084805918
46 41.38419525812718
47 28.826285812519856
48 36.53648090079841
49 45.449646580813905
50 58.56619721447212
51 32.16042984984055
52 79.81315342308915
53 81.09140694644563
54 77.21112301051672
55 112.68359572588069
56 28.6992522258851
57 118.92209398253867
58 54.46739339850562
59 48.35403403109403
60 41.95368571520471
61 100.23354341813958
62 78.69986864236546
63 118.89081549635527
64 116.81617941603673
65 37.018583012200615
66 86.69844719294929
67 35.45088905939731
68 97.1228217209011
69 108.68000733854595
70 111.82853226379162
71 30.383908527334583
72 88.65896949584162
73 46.24803003785347
74 42.301233519875986
75 116.05223908570065
76 33.24179003133826
77 31.111228823947616
78 57.90129706956753
79 33.519994503051315
80 83.74741586670615
81 111.1449080718871
82 30.795943510047945
83 76.85633424435042
84 91.14534607708927
85 116.12466180681399
86 21.457939591410895
87 96.86466816395588
88 61.57535212297526
89 36.44189175819998
90 74.27137138693863
91 59.24081241518637
92 66.59983965114691
93 114.3919107376049
94 119.04878529162714
95 56.47957627304642
96 92.98724708281384
97 85.68413779690323
98 114.47346125556726
99 50.290620980782265
100 99.72973173746078
101 100.32785336475187
102 27.390781558996704
103 51.85086155067741
104 109.4710539557596
105 46.67586294886479
106 27.907806159872067
107 30.91212405046513
108 99.11818790928336
109 100.16230792750697
110 94.42029944556897
111 81.59908570813352
112 70.13294035243158
113 119.14980464889292
114 64.97166101465831
115 62.67402758423109
116 72.84735954285418
117 114.30495291130259
118 41.75828628636704
119 73.11129176649916
120 31.119545585917574
121 25.050221154461088
122 54.1311371889316
123 20.015716479185702
124 63.74399426680367
125 46.89405738606694
126 112.1033902264199
127 85.23579916465913
128 27.253343541551214
129 66.82003041487647
130 37.159179834729784
131 99.46366212865975
132 111.09599806867722
133 80.4196890989455
134 40.06870338404188
135 88.18036874616055
136 100.6468015230266
137 84.08273043169125
138 26.449960720534932
139 62.496505692499206
140 86.10555993157998
141 58.31200230029844
142 49.9777200878601
143 89.75436614650067
144 36.06088578441373
145 84.10971892171021
146 100.42531970087525
147 93.69945994246054
148 73.34447557844649
149 63.38524639739255
0 1
0 46
0 52
0 64
0 69
0 100
0 108
0 124
0 127
1 2
1 7
1 15
1 26
1 39
1 64
1 73
1 83
1 86
1 87
1 88
1 105
1 114
1 134
2 3
2 8
2 38
2 51
2 56
2 72
2 86
2 94
2 98
2 106
2 137
3 4
3 13
3 46
3 49
3 58
3 60
3 73
3 79
3 87
3 107
3 112
3 144
4 5
4 31
4 41
4 65
4 84
4 107
4 132
4 133
4 139
4 140
4 146
5 6
5 7
5 28
5 83
5 108
6 7
6 11
6 24
6 40
6 41
6 42
6 66
6 68
6 100
6 120
6 122
6 123
6 141
7 8
7 31
7 49
7 65
7 71
7 75
7 79
7 81
7 129
7 146
7 148
8 9
8 27
8 34
8 38
8 49
8 59
8 77
8 90
8 109
9 10
9 14
9 21
9 33
9 64
9 87
9 90
9 100
9 145
10 11
10 39
10 59
10 86
10 107
10 127
10 138
10 141
11 12
11 41
11 62
11 84
11 86
11 116
11 127
11 144
12 13
12 21
12 25
12 26
12 51
12 55
12 73
12 93
12 107
12 110
12 112
12 122
13 14
13 15
13 22
13 38
13 63
13 68
13 69
13 75
13 90
13 119
13 133
14 15
14 18
14 33
14 51
14 53
14 95
14 96
15 16
15 19
15 31
15 44
15 45
15 91
15 132
16 17
16 19
16 71
16 72
16 89
16 106
16 118
16 122
16 146
17 18
17 48
17 134
18 19
18 28
18 60
18 69
18 75
18 98
18 130
18 145
18 146
19 20
19 47
19 52
19 58
19 80
19 92
19 101
19 121
19 125
19 127
19 142
20 21
20 58
20 59
20 68
20 77
20 84
20 99
20 103
20 135
20 145
20 146
21 22
21 45
21 48
21 74
21 79
21 88
21 146
22 23
22 24
22 29
22 36
22 42
22 54
22 89
22 98
22 119
22 135
22 138
22 142
23 24
23 31
23 36
23 45
23 60
23 77
23 87
23 99
23 126
23 138
24 25
24 42
24 55
24 60
24 75
24 79
24 81
24 84
24 123
25 26
25 29
25 30
25 58
25 76
25 95
25 97
25 122
25 136
25 143
26 27
26 38
26 39
26 41
26 51
26 65
26 66
26 72
26 76
26 107
26 110
26 119
26 126
27 28
27 52
27 68
27 70
27 78
27 80
27 148
28 29
28 73
28 91
28 104
28 114
28 115
28 117
28 122
28 129
28 138
28 147
29 30
29 52
29 91
29 92
29 100
29 120
29 126
29 145
30 31
30 87
30 90
30 111
30 124
30 136
30 146
31 32
31 37
31 65
31 138
31 140
32 33
32 35
32 42
32 73
32 74
32 91
32 109
32 110
32 125
32 127
33 34
33 77
33 79
33 93
33 95
33 101
34 35
34 38
34 47
34 56
34 65
34 72
34 119
35 36
35 102
35 110
35 112
35 140
36 37
36 73
36 79
36 83
36 96
36 127
36 139
36 141
36 144
36 147
37 38
37 39
37 44
37 46
37 53
37 60
37 63
37 71
37 79
37 93
37 98
37 106
37 110
37 117
37 133
37 135
37 139
38 39
38 46
38 52
38 82
38 94
38 104
38 111
38 115
38 135
39 40
39 56
39 61
39 83
39 106
39 108
39 110
39 118
39 143
39 145
39 146
40 41
40 69
40 81
40 96
40 102
40 119
40 125
40 146
41 42
41 71
41 108
41 109
41 138
42 43
42 52
42 74
42 82
42 84
42 104
42 123
42 133
43 44
43 49
43 66
43 73
43 76
43 113
43 118
43 124
43 126
43 145
44 45
44 74
44 84
44 93
44 100
44 103
44 104
44 106
44 114
44 118
44 131
45 46
45 62
45 71
45 78
45 101
46 47
46 48
46 91
46 95
46 102
46 104
46 109
46 117
47 48
47 49
47 67
47 146
47 149
48 49
48 61
48 101
48 104
48 132
48 146
49 50
49 60
49 81
49 92
49 111
49 121
49 136
49 143
50 51
50 61
50 69
50 72
50 94
50 95
50 105
50 121
50 124
50 126
50 127
50 132
50 139
51 52
51 60
51 71
51 73
51 74
51 89
51 94
51 95
51 96
51 135
51 144
52 53
52 92
52 94
52 102
52 106
52 114
52 119
53 54
53 57
53 88
53 99
53 107
53 139
54 55
54 69
54 85
54 92
54 119
54 128
54 129
54 131
54 132
55 56
55 60
55 109
55 146
56 57
56 75
56 77
56 118
56 129
57 58
57 87
57 90
58 59
58 64
58 66
58 69
58 76
58 84
58 90
58 106
58 111
58 122
58 136
59 60
59 73
59 84
59 131
59 136
60 61
60 97
60 138
61 62
61 69
61 85
61 104
61 133
61 142
62 63
62 65
62 69
62 97
62 118
62 131
62 139
62 144
63 64
63 79
63 81
63 93
63 113
63 130
64 65
64 66
64 92
64 94
64 103
64 119
64 129
64 137
64 138
64 141
65 66
65 68
65 72
65 81
65 95
65 121
65 125
65 145
66 67
66 79
66 88
66 100
66 101
66 110
66 120
66 129
66 131
66 141
67 68
67 87
67 108
67 120
68 69
68 78
68 82
68 111
68 112
68 113
68 122
68 123
68 126
69 70
69 97
69 111
69 124
69 135
69 143
70 71
70 93
70 101
70 104
70 107
70 108
70 137
70 146
70 147
71 72
71 89
71 94
71 108
71 120
71 144
72 73
72 75
72 104
72 107
72 118
72 126
72 129
72 136
72 137
73 74
73 87
74 75
74 79
74 85
74 112
75 76
75 84
75 86
75 95
75 110
75 134
75 138
76 77
76 106
76 120
76 129
76 144
77 78
77 85
77 90
77 93
77 104
77 114
77 145
77 147
78 79
78 91
78 119
79 80
79 84
79 106
79 108
79 112
79 125
79 147
80 81
80 82
80 83
80 87
80 89
80 104
80 108
80 122
81 82
81 99
81 111
81 114
81 123
81 124
81 125
81 135
82 83
82 101
82 125
82 128
82 136
83 84
83 86
83 98
83 112
83 113
83 136
83 141
84 85
84 111
84 136
85 86
85 94
85 128
85 145
86 87
86 89
86 121
86 127
87 88
87 92
87 98
87 103
87 107
87 108
87 116
87 129
88 89
88 107
88 135
88 141
88 146
88 149
89 90
89 91
89 106
89 133
90 91
90 120
90 138
90 145
90 146
91 92
91 120
92 93
92 103
92 118
92 122
92 123
92 148
93 94
93 124
94 95
94 100
94 113
94 116
94 123
94 124
94 134
95 96
95 112
95 132
95 147
96 97
96 99
96 100
96 147
97 98
97 100
97 114
97 126
98 99
98 100
98 101
98 119
98 123
99 100
99 109
99 116
99 131
99 137
99 143
100 101
100 105
100 111
100 115
100 117
100 135
100 149
101 102
101 103
102 103
102 149
103 104
103 108
103 116
103 117
104 105
104 113
104 119
104 122
104 136
104 137
104 142
104 149
105 106
105 108
105 115
105 126
105 132
105 134
105 143
106 107
106 112
106 121
106 147
107 108
107 109
107 122
107 138
107 145
108 109
108 121
108 132
108 144
109 110
109 112
109 115
109 132
109 140
109 143
110 111
111 112
111 118
111 123
111 125
111 130
111 142
112 113
112 118
113 114
113 119
113 124
113 141
113 144
114 115
115 116
115 121
115 130
116 117
116 119
116 127
117 118
117 144
117 146
118 119
118 124
118 149
119 120
119 137
120 121
120 122
120 149
121 122
121 126
121 128
121 137
121 138
122 123
122 124
123 124
123 127
123 134
124 125
124 126
124 137
125 126
125 139
126 127
127 128
127 134
127 136
128 129
128 130
128 135
129 130
129 132
129 137
130 131
130 132
131 132
131 136
131 139
131 142
131 147
132 133
132 145
133 134
133 136
133 145
133 147
134 135
135 136
135 144
135 146
136 137
136 139
136 140
137 138
137 149
138 139
139 140
139 147
140 141
141 142
141 145
142 143
142 144
143 144
143 149
144 145
144 148
144 149
145 146
146 147
147 148
147 149
148 149
