0 49.20826781932432
1 35.253895570052045
2 31.453470365499815
3 76.30684192223669
4 67.13333275386219
5 95.0284371447861
6 84.4030955174748
7 66.72462460122904
8 47.86326943027444
9 64.6969461515224
10 63.33531607369273
11 69.23179079886094
12 26.9823835610576
13 115.5773260226787
14 110.95576841948983
15 92.3600111622691
16 54.97592905292956
17 114.95154712025193
18 35.10052617348677
19 111.60607969075949
20 49.676198186438
21 63.68833930057087
22 91.9634354642469
23 39.00962540527219
24 39.574824049464496
25 92.2468654317217
26 54.64916148368489
27 85.76907019762963
28 54.132229142153925
29 104.12694234131216
30 26.747376029609363
31 106.22900421229228
32 68.8753860329581
33 30.147746911787237
34 113.84621150677702
35 49.95100619561809
36 92.86017563670684
37 84.37838766593244
38 97.25068214625544
39 90.08382422769255
40 93.98479405821419
41 93.1101095366273
42 63.64451710926338
43 40.87780130349661
44 93.67580145355518
45 101.95128523652606
46 32.03142887797133
47 24.94228961864728
48 26.628607962191
49 52.942832063036576
50 85.01457576708013
51 101.72369168144324
52 53.56927513276489
53 63.53296665747614
54 55.32053871057763
55 22.685740220960042
56 35.41474611464929
57 32.31676690315477
58 40.44688029599932
59 35.80243940153739
60 25.743698742398085
61 42.6372895117116
62 118.4099649785932
63 22.228094715054883
64 115.15044648482953
65 34.46148117827957
66 115.79236189313265
67 111.38768408475507
68 65.83940249189578
69 67.38548818808309
70 35.636836122546484
71 87.23476620126883
72 107.72782646063925
73 103.19037943277209
74 87.20661299632648
75 68.05305726305676
76 28.35968265001941
77 95.06072114184046
78 72.22915525865778
79 114.93163427192208
80 78.09367511075486
81 82.3948246086893
82 72.96349729542327
83 99.92271006047675
84 29.31355778443259
85 55.07691125854319
86 56.27870355932519
87 43.89477725946155
88 73.81910450198902
89 69.14785488279733
90 54.90375162166077
91 116.22286045616728
92 116.09119768868834
93 67.00252106774806
94 112.10677247351784
95 73.71150032937989
96 21.784663214948356
97 79.55818225699977
98 79.28423547795816
99 104.52499060673925
100 110.58765887328971
101 65.27988853406939
102 37.288329327084014
103 34.40334894110292
104 40.496569217713045
105 71.51501909482917
106 71.79344113199919
107 47.071319117304014
108 116.59050275549276
109 87.28074654550478
110 70.60027634980625
111 68.5017066754827
112 71.54966151527174
113 93.46443563137049
114 26.498882036900124
115 65.57317799349968
116 107.44699524457117
117 106.33853767051892
118 23.159377121830754
119 113.66660362215357
120 58.75271953880582
121 53.35780284490388
122 53.491995598172885
123 94.87291543861717
124 35.026436290063145
125 116.39817040057763
126 70.01553805345144
127 98.73935742218902
128 28.43173404633674
129 26.91300807141635
130 94.99617730671282
131 110.85993262142438
132 25.993303933616698
133 99.9238351551476
134 24.46600771500485
135 91.11969029565127
136 49.42680904621079
137 49.32902829764964
138 44.703583001579574
139 63.03152549769456
140 56.406803900263384
141 35.705482307428454
142 42.35617343521786
143 58.357919562555985
144 76.29828224022555
145 59.594486674015464
146 30.106294675616965
147 87.08910032296012
148 20.662465311311212
149 28.204634897070957
0 1
0 33
0 58
0 70
0 123
0 148
1 2
1 3
1 12
1 61
1 76
1 142
2 3
2 24
2 66
2 105
2 109
2 122
2 129
2 135
3 4
3 20
3 64
3 67
3 111
4 5
4 29
4 55
4 101
4 124
4 128
4 138
5 6
5 99
5 136
6 7
6 10
6 11
6 31
6 49
6 51
6 88
6 116
6 145
6 148
7 8
7 11
7 54
7 91
8 9
8 33
8 89
8 102
8 114
8 119
8 129
8 133
9 10
9 52
9 57
9 87
9 111
10 11
10 24
10 32
10 36
10 44
10 68
10 73
10 92
10 117
11 12
11 34
11 80
11 84
11 92
11 134
12 13
12 15
12 57
12 67
12 73
12 82
12 100
12 106
12 121
12 138
13 14
13 35
13 87
14 15
14 47
14 50
14 62
14 109
14 122
14 149
15 16
15 62
15 147
16 17
16 38
16 79
16 90
16 121
16 129
16 130
17 18
17 30
17 38
17 75
18 19
18 39
18 46
18 59
18 98
18 101
19 20
19 25
19 31
19 59
19 68
19 105
19 108
19 147
20 21
20 22
20 75
20 79
20 134
20 140
21 22
21 35
21 39
21 75
21 82
21 86
21 96
21 141
22 23
22 24
22 30
22 39
22 49
22 52
22 102
22 125
22 142
23 24
23 28
23 33
23 59
23 124
24 25
24 81
24 91
24 129
24 138
25 26
25 39
25 63
25 82
25 97
25 115
25 124
25 131
26 27
26 37
26 83
26 116
27 28
27 30
27 50
27 77
27 90
27 114
27 123
27 147
28 29
28 37
28 88
28 89
28 91
28 120
28 129
28 131
28 138
28 147
29 30
29 67
29 68
29 91
29 123
29 126
29 137
30 31
30 34
30 72
30 116
30 137
30 143
31 32
31 47
31 53
31 112
32 33
32 39
32 59
32 99
32 115
33 34
33 60
33 78
33 106
33 145
34 35
34 92
34 111
34 113
34 119
34 134
35 36
35 39
35 70
35 119
35 136
35 146
35 148
36 37
36 127
36 136
36 137
36 142
37 38
37 85
37 118
37 136
38 39
38 104
38 125
38 126
39 40
39 51
39 61
39 114
39 140
40 41
40 47
40 58
40 60
40 63
40 119
40 135
41 42
41 74
41 90
41 94
41 104
41 107
41 120
41 127
41 137
41 143
42 43
42 47
42 77
42 84
42 99
42 103
42 128
43 44
43 50
43 58
43 90
43 129
44 45
44 91
44 125
44 142
45 46
45 50
45 100
45 102
45 137
46 47
46 78
46 85
46 100
46 119
46 139
46 144
47 48
47 58
47 63
47 71
47 72
47 119
47 129
47 136
48 49
48 57
48 89
48 101
48 127
48 131
49 50
49 80
49 89
50 51
51 52
51 63
52 53
52 95
52 105
52 141
53 54
53 55
53 116
53 128
53 131
53 135
54 55
54 68
54 72
54 79
54 81
54 103
54 133
54 136
55 56
55 89
55 136
55 146
56 57
56 59
56 78
56 104
56 107
56 122
56 127
56 134
56 141
57 58
57 59
57 77
57 133
57 144
57 147
58 59
58 114
58 139
59 60
59 81
59 95
59 125
59 147
60 61
60 74
60 107
60 126
60 140
60 141
61 62
62 63
63 64
63 93
63 129
63 143
64 65
64 86
64 88
64 122
65 66
65 74
65 94
65 134
65 136
66 67
66 83
66 123
66 125
67 68
67 90
68 69
68 124
68 128
69 70
69 95
69 113
69 138
69 140
69 149
70 71
70 82
70 92
70 110
70 138
71 72
71 96
71 108
71 142
71 148
72 73
72 82
72 91
72 94
72 134
73 74
73 131
73 143
74 75
74 86
74 119
74 121
74 126
74 132
75 76
75 91
75 95
76 77
76 86
76 92
76 118
77 78
77 96
77 113
77 145
78 79
78 117
79 80
79 96
79 111
80 81
80 84
80 104
81 82
81 90
81 139
82 83
82 102
82 103
82 118
82 126
83 84
83 91
83 111
83 127
83 139
84 85
84 111
84 126
85 86
85 94
85 101
85 109
85 125
85 140
86 87
86 93
86 120
87 88
87 95
87 97
87 102
87 119
87 137
88 89
88 137
88 147
89 90
89 94
89 117
89 132
90 91
91 92
91 94
91 99
92 93
92 121
92 126
92 145
93 94
93 116
93 137
94 95
94 102
94 104
94 122
94 123
94 144
95 96
95 98
95 100
95 135
95 137
95 142
96 97
96 116
96 135
97 98
98 99
98 110
98 119
98 129
98 148
99 100
99 135
100 101
100 126
101 102
101 106
102 103
103 104
103 143
104 105
104 108
104 110
104 137
104 142
104 149
105 106
105 147
106 107
107 108
107 114
107 118
107 128
108 109
108 121
109 110
109 117
110 111
111 112
112 113
113 114
113 144
114 115
114 126
114 130
115 116
115 119
116 117
116 138
116 139
117 118
117 119
117 130
117 136
117 148
118 119
118 146
119 120
119 126
120 121
120 139
121 122
121 123
122 123
123 124
123 147
124 125
124 144
124 147
125 126
125 133
126 127
126 146
127 128
127 130
128 129
128 149
129 130
129 141
130 131
130 132
130 138
130 149
131 132
132 133
132 140
133 134
134 135
135 136
135 142
136 137
137 138
138 139
139 140
140 141
141 142
141 145
142 143
142 147
143 144
144 145
144 149
145 146
146 147
147 148
148 149
