0 91.6654277210527
1 74.75550648906155
2 106.72050209868716
3 52.94903926334138
4 105.36730996146646
5 91.67388998773816
6 48.29104400299469
7 70.91161543240428
8 117.64885412242236
9 105.73070261989328
10 91.87443449382212
11 38.634629195155824
12 52.24392436515626
13 35.12309854676951
14 87.00663930945167
15 98.93172295651604
16 22.86772900018516
17 39.53811892444506
18 80.91981453202314
19 105.54399583040403
20 76.41714584295545
21 117.77933115886367
22 112.29161562789739
23 33.80531951977849
24 34.8100647884755
25 78.35881037253152
26 57.61453709853989
27 23.68615116129638
28 25.48144413630015
29 80.2254690073552
30 90.95493965460341
31 106.34191758925907
32 51.5889185882741
33 99.49217724618549
34 30.469065009726297
35 38.04599166124584
36 42.14101669640735
37 89.84048947903013
38 35.766007139201264
39 41.26616549604947
40 39.54609202752524
41 69.22323894940489
42 89.05527335979247
43 31.647440090423714
44 27.49036713776851
45 83.55162603959842
46 39.98919011756423
47 91.7928436506674
48 75.5885021322789
49 69.2448573825734
50 119.20811358050318
51 37.9879351138909
52 78.91037550599097
53 60.83679626527159
54 28.81902414873048
55 114.39349275009621
56 100.2728451645967
57 67.27549835624752
58 99.38573006603576
59 40.734870338645834
60 81.09545046449385
61 71.11787402541617
62 62.481646987662224
63 34.14533015830691
64 72.65416085432909
65 88.51319290722206
66 25.45362831506958
67 23.57463690252341
68 53.727428382901216
69 64.68547457098163
70 50.76813775106689
71 76.05306035068699
72 42.91396293892862
73 69.56629220697263
74 36.15857736121026
75 58.10485855529862
76 84.31182209762638
77 101.29584864024048
78 63.76534640139115
79 62.73420952718817
80 83.78351438114186
81 101.50166078905208
82 36.557788074350064
83 42.66048305068462
84 99.69204185918055
85 35.58052527927533
86 48.54986931173609
87 103.85861785176607
88 46.77789604240978
89 93.650918921875
90 41.66908810202868
91 29.96432549510108
92 54.75722327419657
93 23.40932109543397
94 86.61078383360444
95 27.732694836008015
96 34.25650753152226
97 114.81538555898932
98 87.60762534764095
99 106.49270586521875
100 41.85928997210691
101 118.34734446531651
102 51.76677006307996
103 30.419089950973007
104 103.32559312700137
105 93.51029767554064
106 82.47480212810447
107 111.44679794684023
108 49.454859727434965
109 52.34662061115453
110 53.3432304921756
111 42.78237876973398
112 42.598429257585316
113 83.88898350006033
114 94.26500096509787
115 108.22030881032259
116 23.487631453393526
117 119.81296085173918
118 74.37506032786658
119 40.85139958831111
120 87.82883274945527
121 28.987595997663533
122 98.0557944667278
123 46.254136622482434
124 110.02688191431679
125 109.18869374612048
126 39.60066500944173
127 49.88887286498253
128 67.4335421330156
129 77.93100737280778
130 29.747186097632365
131 76.16859387269268
132 82.67768796593643
133 51.19190453303385
134 73.0128680209348
135 117.55891085851323
136 93.9191796466441
137 38.740522356704716
138 118.61558398013402
139 106.06387287037566
140 83.2784949753893
141 77.85277450724419
142 29.732328626068526
143 56.583059491043294
144 42.22934846539677
145 73.38403265421924
146 95.94807762124913
147 111.87932196515045
148 29.40167777734761
149 111.48768685233154
0 1
0 2
0 11
0 31
0 79
0 116
0 132
0 138
0 144
1 2
1 12
1 22
1 23
1 28
1 41
1 42
1 52
1 70
1 83
2 3
2 24
2 31
2 34
2 37
2 39
2 43
2 59
2 73
2 76
2 86
2 89
2 91
2 99
2 104
2 123
2 137
3 4
3 25
3 35
3 48
3 51
3 56
3 87
3 104
3 117
3 126
3 132
3 146
4 5
4 38
4 72
4 78
4 88
4 117
4 129
4 145
4 148
5 6
5 8
5 20
5 22
5 41
5 57
5 64
5 94
5 97
5 104
5 118
5 123
6 7
6 18
6 41
6 52
6 54
6 93
6 109
6 137
6 142
6 143
7 8
7 18
7 24
7 35
7 45
7 52
7 61
7 64
7 71
7 74
8 9
8 10
8 29
8 37
8 39
8 53
8 56
8 58
8 68
8 69
8 77
8 90
8 102
8 107
8 118
8 130
9 10
9 24
9 30
9 66
9 71
9 73
9 103
9 107
9 128
10 11
10 25
10 35
10 36
10 77
10 89
10 108
10 117
10 123
10 135
10 136
11 12
11 21
11 51
11 53
11 81
11 87
11 96
11 104
11 108
11 112
11 133
11 140
12 13
12 25
12 30
12 42
12 54
12 65
12 71
12 77
12 92
12 122
12 129
12 131
13 14
13 28
13 70
13 83
13 129
13 140
13 141
14 15
14 23
14 41
14 68
14 70
14 83
14 102
14 113
14 119
15 16
15 25
15 28
15 31
15 47
15 86
15 87
15 93
15 123
15 124
15 130
15 141
15 148
16 17
16 30
16 41
16 48
16 67
16 120
16 130
16 144
17 18
17 54
17 56
17 60
17 67
17 118
17 148
18 19
18 30
18 35
18 43
18 58
18 63
18 66
18 68
18 77
18 85
18 91
18 102
18 110
18 114
18 141
19 20
19 42
19 49
19 80
19 106
19 148
20 21
20 26
20 30
20 37
20 56
20 118
20 121
21 22
21 32
21 60
21 64
21 66
21 70
21 76
21 92
21 116
21 127
22 23
22 24
22 28
22 48
22 51
22 57
22 69
22 80
22 84
22 90
22 101
22 108
22 121
22 148
23 24
23 41
23 55
23 57
23 73
23 103
23 118
23 124
24 25
24 69
24 71
24 72
24 76
24 84
24 100
24 142
24 146
25 26
25 58
25 86
25 117
25 133
25 134
26 27
26 47
26 53
26 63
26 69
26 95
26 104
27 28
27 36
27 47
27 109
27 124
27 127
27 130
27 133
27 141
28 29
28 79
28 93
28 97
28 111
28 141
28 145
28 147
29 30
29 42
29 47
29 71
29 74
29 107
29 113
29 147
30 31
30 34
30 36
30 42
30 64
30 82
30 124
30 131
30 134
30 141
30 148
31 32
31 43
31 63
31 84
31 106
31 113
31 126
31 135
31 143
32 33
32 58
32 143
33 34
33 48
33 96
33 103
33 104
33 105
33 128
33 137
33 142
34 35
34 37
34 39
34 44
34 52
34 67
34 81
34 82
34 88
34 97
34 118
34 131
34 140
35 36
35 79
35 112
36 37
36 50
36 55
36 58
36 75
36 96
36 103
36 105
36 131
36 134
37 38
37 67
37 81
37 103
37 120
37 124
38 39
38 54
38 63
38 70
38 88
38 92
38 112
38 115
38 137
38 145
38 146
39 40
39 51
39 53
39 84
39 117
40 41
40 46
40 95
40 103
40 131
41 42
41 71
41 106
41 109
42 43
42 86
42 130
43 44
43 52
43 57
43 69
43 78
43 84
43 94
43 105
43 107
43 113
43 118
43 122
44 45
44 57
44 68
44 86
44 93
44 111
44 113
44 115
44 124
44 141
45 46
45 49
45 53
45 57
45 77
45 79
45 85
45 90
45 113
45 117
45 132
45 133
45 141
45 146
46 47
46 48
46 63
46 66
46 69
46 74
46 86
46 125
46 134
46 136
46 137
46 139
46 147
46 148
47 48
47 62
47 65
47 71
47 91
47 92
47 106
47 115
47 117
47 120
47 130
47 139
47 141
48 49
48 60
48 78
48 90
48 93
48 99
49 50
49 59
49 62
49 80
49 85
49 93
49 96
49 125
50 51
50 97
50 102
50 105
50 112
50 122
50 123
50 133
51 52
51 53
51 67
51 80
51 85
51 86
51 93
51 112
51 127
51 129
51 132
52 53
52 66
52 122
52 130
52 131
52 147
53 54
53 58
53 77
53 96
53 103
53 106
54 55
54 71
54 87
54 90
54 96
54 121
54 125
54 132
54 133
55 56
55 76
55 80
55 91
55 97
55 116
55 135
56 57
56 87
56 92
56 118
56 120
57 58
57 59
57 84
57 89
57 98
57 122
57 133
58 59
58 64
58 72
58 86
58 105
58 143
59 60
59 86
59 115
59 116
59 120
59 125
60 61
60 70
60 72
60 77
60 85
60 86
60 98
60 117
60 128
60 136
61 62
61 67
61 72
61 135
62 63
62 71
62 80
62 93
62 96
62 105
62 127
62 133
62 134
62 135
62 148
63 64
63 71
63 84
63 102
63 109
63 125
63 134
63 143
64 65
64 71
64 105
64 106
64 143
64 147
64 148
65 66
65 68
65 94
65 102
65 103
65 104
65 111
65 122
65 141
66 67
66 137
66 139
67 68
67 79
67 103
68 69
68 106
68 108
68 116
68 120
68 143
68 148
69 70
69 92
69 102
69 105
69 112
69 140
70 71
70 92
70 110
70 115
70 120
70 146
71 72
71 105
71 114
71 132
71 136
71 139
71 142
72 73
72 85
72 97
72 98
72 118
72 122
72 125
73 74
73 83
73 89
73 118
73 119
73 149
74 75
74 78
74 84
74 92
74 93
74 110
74 113
74 115
74 116
74 125
74 139
74 141
74 148
75 76
75 78
75 88
75 144
76 77
76 104
76 115
76 121
76 139
77 78
77 87
77 119
77 129
78 79
78 80
78 84
78 87
78 113
78 119
78 120
78 123
78 147
79 80
79 106
79 113
79 114
79 124
79 126
79 128
79 130
79 131
79 134
79 135
79 144
80 81
80 133
81 82
81 98
81 104
81 106
81 129
82 83
82 101
82 103
82 107
82 122
82 147
83 84
83 118
83 142
84 85
84 99
84 106
84 131
84 140
84 145
85 86
85 98
85 111
85 131
85 135
85 139
85 144
86 87
86 95
86 106
86 126
86 131
86 140
87 88
87 104
87 112
87 134
88 89
88 96
88 109
89 90
89 125
89 131
90 91
90 97
90 101
90 105
90 108
90 134
90 141
91 92
91 94
91 118
91 129
92 93
92 106
92 131
93 94
93 115
93 126
93 142
93 143
93 148
94 95
94 108
94 116
94 117
94 120
94 123
95 96
95 115
95 122
95 142
96 97
96 132
97 98
97 106
97 108
97 130
98 99
98 103
98 104
98 148
99 100
99 101
99 111
99 116
99 136
99 146
99 147
100 101
100 121
100 140
101 102
101 107
102 103
102 111
102 124
102 127
102 139
103 104
103 113
103 115
104 105
104 123
104 124
104 130
104 131
104 133
104 142
105 106
105 128
105 146
106 107
106 112
106 117
106 129
107 108
107 112
107 114
107 131
108 109
109 110
109 112
109 117
109 127
109 139
109 149
110 111
110 133
111 112
111 115
111 132
111 137
112 113
112 116
112 143
113 114
113 116
114 115
114 123
114 127
114 130
114 139
115 116
115 124
116 117
116 140
116 148
117 118
118 119
118 141
118 146
119 120
119 142
120 121
120 122
120 135
120 142
121 122
121 128
122 123
122 129
122 138
123 124
123 128
123 143
123 145
124 125
124 143
125 126
125 129
126 127
127 128
128 129
128 135
129 130
129 137
129 140
129 148
130 131
130 134
130 144
131 132
131 145
131 147
132 133
132 140
132 141
132 148
133 134
133 141
134 135
134 138
135 136
135 142
136 137
136 140
137 138
137 141
138 139
138 143
138 145
138 147
139 140
139 143
140 141
140 144
141 142
141 149
142 143
143 144
144 145
145 146
146 147
147 148
148 149
