0 109.79887158498492
1 91.76087358580536
2 82.16834043569378
3 33.555907768689025
4 42.99731986729312
5 27.32438806198441
6 87.01553386334504
7 97.03453969457736
8 48.18586351010579
9 58.60656881268096
10 42.524737578551026
11 96.20410506989876
12 80.69948258488746
13 103.514189037346
14 59.43625346606787
15 114.58225173719975
16 51.417044941991385
17 117.46099866801767
18 78.58519716263122
19 110.82394906171517
20 20.588219444447557
21 110.91455867542321
22 51.999985412528275
23 114.94195042700771
24 44.07904877834362
25 62.547896023165286
26 110.79595876435087
27 33.57349149061696
28 27.922951266458988
29 66.42673848599104
30 37.90920082613795
31 54.33540244725711
32 53.41167931398708
33 68.16702681963204
34 46.62572814211755
35 94.87610862892046
36 119.4333849496164
37 64.62631978492655
38 76.89641904442082
39 50.9244580964803
40 111.36260026518073
41 64.44655760417686
42 60.588209338403175
43 59.45172839897985
44 46.529593659508656
45 32.64463868909546
46 74.10719398952877
47 108.00451100346208
48 65.14422953839934
49 71.45110682495769
50 92.23948759487872
51 89.33267007700879
52 32.52211269073388
53 21.726169412472956
54 80.59079776651262
55 21.627881097026673
56 93.55844342094666
57 104.53616903939881
58 115.66588410502739
59 29.00473329372517
60 73.6176784529867
61 60.85258806409123
62 101.41415937009425
63 104.29776145939269
64 51.35474241712346
65 88.83946148605386
66 58.977914431994414
67 56.81415405004109
68 38.45620860186688
69 22.824107995361114
70 102.41474639331786
71 81.37334324229171
72 88.88747470178973
73 45.799893346998616
74 77.32598279196151
75 71.78104583854801
76 25.95468876291305
77 78.1887104685861
78 31.60798114643886
79 41.8267406481565
80 119.33776568975402
81 39.594730249830576
82 107.95342391423692
83 109.95998307709664
84 66.22354822339123
85 37.40990373171309
86 96.2648082989127
87 49.99236219307044
88 30.765771299512817
89 96.38559547622225
90 60.80252393329049
91 109.48830098679608
92 74.32119078539995
93 106.66363203596377
94 61.67507921359017
95 49.94932268663616
96 65.25887137227656
97 34.2639497165046
98 23.189149160260364
99 68.462789237299
100 91.61226688011209
101 107.65496246598454
102 62.61233059790412
103 119.17755481144242
104 112.44143945125644
105 66.7866319776412
106 82.061592582477
107 64.78536019722023
108 74.49534047072817
109 36.8451673938687
110 43.51561146528339
111 53.12820207129956
112 89.61180910743902
113 67.99214893261109
114 92.35929003533097
115 32.11834303552338
116 115.26556143087697
117 64.47983713221113
118 68.40397999000433
119 87.34897359760664
120 105.77207078164867
121 111.78826328106413
122 44.98700173892681
123 111.09003592072894
124 104.87798575016781
125 98.80864134260756
126 66.53929221121916
127 88.8050299170336
128 31.816291761976633
129 23.601573624673605
130 112.92010443832726
131 119.89109827337886
132 72.37713115682973
133 65.88735961865532
134 104.8528885231524
135 73.03606154342994
136 24.142843185266653
137 107.17967889535899
138 78.95659952558498
139 113.40246672761745
140 60.75843807629113
141 80.35282736701586
142 103.15185131621051
143 28.79018090614937
144 73.9563871936588
145 34.436535648242796
146 73.63150100881677
147 24.99537154191687
148 24.0272332013891
149 107.56138834833158
0 1
0 21
0 38
0 59
0 69
0 92
0 117
0 145
1 2
1 5
1 41
1 42
1 79
1 80
1 135
1 142
2 3
2 14
2 88
2 100
2 114
2 128
3 4
3 7
3 29
3 37
3 60
3 88
3 104
3 129
4 5
4 9
4 59
4 62
4 63
4 71
4 105
5 6
5 16
5 48
5 98
5 127
5 138
6 7
6 61
6 89
6 107
6 113
7 8
7 12
7 55
7 125
8 9
8 45
8 48
8 71
8 93
8 104
9 10
9 27
9 35
9 36
9 106
9 113
9 127
10 11
10 37
10 45
10 93
10 95
10 120
10 121
10 122
11 12
11 48
11 109
11 128
12 13
12 32
12 41
12 58
12 61
12 84
12 115
12 141
12 146
13 14
13 38
13 79
13 95
13 106
13 141
13 144
14 15
14 34
14 69
14 142
15 16
15 19
15 26
15 61
15 82
15 135
16 17
16 47
16 66
17 18
17 51
17 77
17 111
17 119
17 125
17 138
18 19
18 62
18 94
18 120
18 139
19 20
19 41
19 66
19 67
19 112
19 137
19 139
19 149
20 21
20 24
20 54
20 55
20 76
20 86
20 113
20 115
20 129
21 22
21 51
21 62
21 92
21 111
21 146
22 23
22 61
22 103
22 127
22 135
22 147
23 24
23 55
23 92
23 98
23 137
24 25
24 26
24 37
24 59
24 86
24 102
24 109
24 116
24 134
24 139
25 26
25 34
25 40
25 43
25 94
25 104
25 126
25 135
26 27
26 34
26 51
26 77
26 86
26 87
26 98
27 28
27 37
27 45
27 88
27 114
28 29
28 36
28 74
28 79
28 80
28 93
28 97
28 105
28 115
28 125
29 30
29 39
29 75
29 77
29 140
30 31
30 82
30 121
31 32
31 42
31 45
31 91
31 102
31 113
32 33
32 39
32 76
32 88
32 96
33 34
33 52
33 73
34 35
34 41
34 49
34 63
34 83
34 99
34 144
35 36
35 61
35 96
35 149
36 37
36 63
36 72
36 82
36 89
36 108
37 38
37 66
37 77
37 85
37 94
37 114
37 134
38 39
38 72
38 109
38 116
38 146
39 40
39 73
39 93
39 99
39 116
39 129
39 133
40 41
40 52
40 53
40 60
40 84
40 109
41 42
41 86
41 114
42 43
42 70
42 97
42 116
42 135
42 146
43 44
43 54
43 68
43 119
43 124
43 141
44 45
44 67
44 78
44 98
44 109
44 143
44 148
45 46
45 106
45 108
45 138
46 47
46 50
46 51
46 86
46 101
46 135
47 48
47 81
47 114
47 117
47 126
47 135
48 49
48 52
48 64
48 73
48 78
48 83
48 94
48 110
49 50
49 84
50 51
50 66
50 78
50 93
51 52
51 75
51 84
51 85
51 117
51 137
52 53
52 72
52 109
52 120
52 132
53 54
53 62
53 111
53 147
54 55
54 65
54 68
54 117
55 56
55 122
55 137
56 57
56 73
56 98
57 58
57 69
57 78
57 89
57 99
57 120
57 122
57 123
57 134
58 59
58 75
58 99
58 100
58 108
58 137
59 60
59 66
59 91
59 98
59 127
60 61
60 65
60 69
60 83
60 103
60 129
60 135
61 62
61 134
62 63
62 102
63 64
63 76
63 84
64 65
64 95
64 99
65 66
65 81
65 104
65 125
65 149
66 67
66 69
66 96
66 118
66 121
66 132
66 137
67 68
67 69
67 72
67 92
67 95
67 101
67 127
67 135
68 69
68 83
68 111
68 115
68 121
69 70
69 113
69 119
70 71
70 86
70 103
70 116
70 137
71 72
71 121
71 135
72 73
72 111
73 74
73 78
73 86
73 91
73 98
74 75
74 94
74 114
75 76
75 87
75 115
75 122
75 123
76 77
76 133
76 135
77 78
77 111
77 125
77 134
78 79
78 93
78 143
78 148
79 80
79 85
79 93
79 112
80 81
80 104
80 112
80 137
81 82
81 93
81 136
81 140
82 83
82 97
82 117
83 84
83 112
84 85
84 106
84 125
84 149
85 86
85 148
86 87
86 122
86 125
87 88
87 128
87 139
88 89
88 116
88 118
88 128
88 131
88 134
89 90
89 124
89 127
89 146
90 91
91 92
91 117
92 93
92 122
92 128
92 135
92 145
93 94
93 108
93 118
93 146
93 148
94 95
94 104
94 133
94 148
95 96
95 106
95 123
95 125
95 130
95 131
95 132
96 97
96 101
96 114
96 121
97 98
97 100
97 120
97 123
97 125
97 128
97 140
97 148
98 99
99 100
99 108
99 117
99 129
99 141
100 101
100 138
101 102
101 131
102 103
102 117
103 104
103 112
103 124
103 135
104 105
104 124
105 106
105 136
105 140
105 144
106 107
107 108
108 109
108 141
109 110
109 115
109 129
110 111
110 141
111 112
111 120
111 132
111 138
112 113
112 118
113 114
113 129
113 148
114 115
114 129
114 143
114 147
115 116
115 119
116 117
117 118
117 126
118 119
118 137
119 120
119 132
120 121
121 122
122 123
123 124
123 131
123 134
124 125
124 126
124 140
124 149
125 126
126 127
127 128
127 140
127 144
128 129
128 138
129 130
130 131
131 132
132 133
133 134
133 148
134 135
135 136
136 137
137 138
138 139
139 140
140 141
140 143
141 142
142 143
143 144
144 145
144 149
145 146
146 147
147 148
148 149
