0 118.11298714064976
1 58.27331352590495
2 111.54040629420399
3 72.59545432565135
4 57.590520891215604
5 62.26194941661936
6 60.74690189798229
7 54.577503102356864
8 33.46204064897307
9 108.40112016370544
10 83.29765839479938
11 93.63413052700602
12 59.97904168176173
13 101.0052546185744
14 78.53776581870747
15 36.76953926084225
16 22.21143024919709
17 29.188616466856956
18 77.011567039666
19 40.1061401743669
20 29.271939962286243
21 78.64046128773212
22 40.02157568200119
23 62.11575592717468
24 94.2251851642243
25 58.03424288295596
26 58.89602848945798
27 80.40972119538755
28 98.47253434839655
29 53.45279988728196
30 116.88318792046779
31 108.79993603894808
32 78.18907800862772
33 51.652914178779135
34 107.93812926104162
35 32.84679601947766
36 78.29913664978055
37 53.55899760724006
38 116.14042935430969
39 26.738832126460835
40 55.51193444833506
41 33.067079082807055
42 47.07880046575689
43 62.10287514750577
44 76.09917922688831
45 83.05668094129766
46 68.26140502117337
47 70.22232821517554
48 46.38148155463502
49 30.449588747249326
50 59.458191488286616
51 73.14516471554067
52 34.300689738065095
53 95.22087121566715
54 95.85432607992435
55 56.29213441849852
56 88.99036239617968
57 114.45899938463785
58 86.99135227245023
59 115.42950014806938
60 41.916765593990476
61 51.888235119102326
62 72.69546437726771
63 74.24965065868562
64 77.94795521600012
65 65.70792586588749
66 33.53986451671591
67 35.306758170980785
68 97.61862332276984
69 113.16971242266261
70 107.86086895086666
71 96.6835677808665
72 52.89358226890056
73 29.005084300877506
74 119.94506096463839
75 39.5193491631849
76 27.89289229886897
77 26.632119608462528
78 114.72747713490783
79 67.4078998674635
80 53.326789134556925
81 36.011633682930636
82 63.18841870377807
83 57.67843094128624
84 88.79876603719887
85 110.08939555440175
86 49.60921158334028
87 66.70103911479828
88 80.67026393546624
89 102.95245685341756
90 76.94478875510796
91 116.61243776054256
92 104.84061866572227
93 47.144063407201
94 29.793742815394356
95 79.2364354370201
96 33.58106460908544
97 35.02299012280511
98 115.79406798303218
99 64.47761256518517
100 23.471736285734064
101 39.61959192707458
102 65.74548848204002
103 115.09558976175498
104 107.5257631513835
105 94.13224254943457
106 110.35695251122266
107 107.5210789018612
108 88.74476710789718
109 86.02422671107433
110 67.2405013908427
111 59.253920714300676
112 74.63511165121028
113 111.62261048705764
114 65.62037047875889
115 47.38716511619059
116 62.62453932812758
117 80.186948501404
118 108.19888081781103
119 49.930160127153314
120 84.85389789229234
121 52.6071455387521
122 119.71825790869356
123 31.857543323230015
124 47.478842435771405
125 49.2061878453253
126 59.98029581375972
127 111.18990636209065
128 54.40157671580819
129 63.56484651051591
130 85.43326285754169
131 56.915841382597655
132 88.26281421264542
133 74.85188253243894
134 27.908296011975
135 90.19395139352042
136 32.55932331366939
137 59.83466702977415
138 21.68503342217765
139 83.0273432681741
140 57.91257158369325
141 67.56156146520048
142 50.78897703802242
143 74.48200691502865
144 62.79912966318833
145 34.64880122645951
146 107.27070233978583
147 53.52439657505559
148 54.463673188590285
149 87.17101531142208
0 1
0 52
0 145
1 2
1 6
1 44
1 54
2 3
2 15
2 79
2 82
2 102
3 4
3 19
3 76
3 80
3 136
4 5
4 34
4 142
5 6
5 19
5 101
5 121
6 7
7 8
7 32
8 9
8 70
8 104
9 10
9 64
9 116
9 131
10 11
11 12
11 59
11 143
12 13
12 23
12 77
12 125
13 14
13 71
13 86
14 15
14 16
14 61
14 65
14 105
14 123
15 16
16 17
16 102
17 18
17 48
17 124
18 19
19 20
19 78
20 21
20 108
20 148
21 22
22 23
22 37
22 54
22 96
22 146
23 24
23 63
23 82
24 25
24 67
24 72
25 26
25 35
25 73
25 114
25 127
26 27
26 123
26 126
27 28
28 29
28 31
28 42
28 53
28 65
29 30
29 100
29 104
30 31
30 94
31 32
31 145
32 33
32 83
32 127
32 134
32 135
32 139
33 34
33 58
33 78
34 35
34 72
35 36
35 56
35 64
35 100
36 37
37 38
37 58
37 64
38 39
38 121
39 40
39 74
40 41
41 42
41 69
41 82
42 43
43 44
43 83
43 112
44 45
45 46
45 93
45 95
46 47
46 126
47 48
47 66
47 83
47 107
47 147
48 49
49 50
49 109
50 51
51 52
52 53
53 54
53 115
54 55
54 132
55 56
56 57
56 98
56 122
57 58
57 68
58 59
58 73
58 81
58 126
59 60
60 61
60 136
61 62
61 66
62 63
62 72
62 130
63 64
63 105
64 65
64 85
65 66
65 72
66 67
67 68
67 71
67 105
67 133
68 69
68 88
69 70
69 90
70 71
70 128
71 72
72 73
73 74
73 79
73 81
74 75
74 102
75 76
76 77
76 114
76 121
76 138
77 78
77 104
78 79
78 110
79 80
79 83
79 114
79 145
80 81
80 112
81 82
82 83
83 84
84 85
85 86
86 87
87 88
87 107
88 89
88 126
89 90
89 148
90 91
90 93
91 92
92 93
92 106
93 94
94 95
94 105
94 113
95 96
96 97
96 128
97 98
98 99
98 125
99 100
100 101
101 102
102 103
102 131
103 104
103 131
103 135
103 147
104 105
105 106
106 107
106 115
107 108
107 112
107 140
108 109
109 110
109 126
109 147
109 148
110 111
111 112
112 113
113 114
113 119
113 128
114 115
115 116
115 149
116 117
117 118
118 119
119 120
120 121
121 122
122 123
123 124
124 125
125 126
125 146
126 127
126 146
127 128
127 143
128 129
129 130
130 131
131 132
131 137
132 133
133 134
134 135
135 136
136 137
137 138
138 139
138 146
139 140
140 141
141 142
142 143
143 144
144 145
145 146
146 147
147 148
148 149
