0 38.509489842193375
1 100.8516697712524
2 100.06388993984459
3 28.4605172572385
4 109.75224164700361
5 22.763160924979257
6 52.826799447779834
7 33.83761923691655
8 25.61813937158128
9 117.33936475166546
10 78.71687617091027
11 64.40406287324461
12 119.34465326706109
13 30.275465367378878
14 50.53891215300324
15 81.0456569494418
16 64.22337716538914
17 105.22385114179744
18 36.6819071146556
19 39.624281359478104
20 68.80746718734255
21 80.35015017553361
22 41.73325756461608
23 96.577871384807
24 119.60451090022792
25 33.60535471544245
26 75.41489839639738
27 92.47382508548232
28 69.67099843944948
29 55.72095588041526
30 103.38446176388973
31 105.85289183460219
32 51.30966295750306
33 57.3754810077894
34 64.79221699974535
35 111.20446416323544
36 98.98115144875433
37 97.54718198949432
38 50.95716662634051
39 119.54312986201595
40 104.57662950698588
41 53.75906829331121
42 27.123393806466005
43 27.81025282812142
44 91.35808643072258
45 41.73885947619105
46 44.98035939189907
47 54.20321710064522
48 85.15825304586468
49 31.957838300416903
50 37.47851086660262
51 90.53892449398786
52 81.84221836965679
53 103.57903196067599
54 109.4442492242311
55 59.88700191378973
56 58.56796722938928
57 22.53646852781718
58 37.59592866109054
59 27.962112245754614
60 53.043221758343954
61 29.783786769570312
62 71.78523625336516
63 80.14365641541802
64 39.761146379660644
65 78.19174169252148
66 85.6359400154816
67 42.49503660904936
68 65.10760885137105
69 62.14067147416123
70 59.22466797992492
71 94.78360218871273
72 64.26784921827985
73 42.54535519622404
74 89.04602114242292
75 96.2562804571338
76 72.0205717469257
77 81.86606184381885
78 111.22698292435973
79 20.804793537394964
80 56.79262869748536
81 68.60105880598394
82 92.80325976598147
83 77.15828022860953
84 52.75763742339541
85 28.822205476138535
86 92.84283134628434
87 71.87006139032948
88 38.29698033915705
89 93.5067041810147
90 20.299613669124554
91 58.11914959087716
92 110.8018446720338
93 114.73445563148933
94 118.70287499027596
95 101.72608426175823
96 37.58010468160681
97 101.26186475573365
98 89.13561612529223
99 87.28647142836014
100 20.541979386019985
101 74.54941431808604
102 22.427819175394642
103 81.95464989958695
104 98.37357486998528
105 30.011628237338126
106 49.08815398822343
107 72.16367056517666
108 24.067580872470202
109 25.07454907415532
110 31.220324795536598
111 89.4468045714531
112 97.9655440120313
113 105.56720309172323
114 114.51794309661103
115 45.529608316677326
116 106.87627129394691
117 25.039936183146303
118 30.404457110957
119 103.99054095501249
120 118.37012431318712
121 107.79395096176324
122 88.48232006222463
123 26.042007554241813
124 106.00907247725054
125 55.72273574674918
126 27.678240666975423
127 41.36261785688258
128 36.05755249623819
129 101.50748415659706
130 100.8189967047602
131 111.41534416234602
132 29.129340427135435
133 66.27506401765959
134 51.84499435653571
135 72.31518284324767
136 21.260780225022906
137 88.51842748995269
138 107.46635969421041
139 67.06382623827932
140 88.0609035516389
141 52.89582147819412
142 45.78903458908542
143 102.84776194929941
144 62.874085410920074
145 62.46650968318332
146 23.28600115209181
147 98.10008573765312
148 75.30107293462622
149 65.98717708442369
0 1
0 7
0 47
0 50
0 60
0 61
0 64
0 81
0 92
0 111
0 113
0 124
1 2
1 19
1 45
1 52
1 66
1 93
1 95
1 100
1 104
1 105
1 114
1 131
1 145
2 3
2 8
2 13
2 17
2 18
2 35
2 39
2 64
2 109
2 112
2 127
2 138
2 142
3 4
3 8
3 12
3 13
3 19
3 20
3 36
3 43
3 65
3 80
3 91
3 92
3 102
3 126
3 135
3 143
3 147
4 5
4 9
4 20
4 30
4 32
4 36
4 42
4 43
4 45
4 54
4 59
4 71
4 77
4 83
4 95
4 111
4 112
4 113
4 117
4 142
5 6
5 11
5 15
5 19
5 34
5 39
5 46
5 59
5 65
5 69
5 75
5 79
5 93
5 111
5 115
5 126
6 7
6 13
6 19
6 31
6 33
6 36
6 41
6 47
6 54
6 58
6 64
6 83
6 93
6 105
6 110
6 112
6 116
6 130
7 8
7 23
7 24
7 41
7 43
7 47
7 68
7 70
7 106
7 109
7 116
7 117
7 120
7 126
7 129
7 130
7 139
7 142
7 148
8 9
8 10
8 29
8 65
8 79
8 91
8 106
8 117
8 129
8 135
8 142
9 10
9 15
9 29
9 31
9 45
9 55
9 58
9 93
9 97
9 100
9 120
9 126
9 133
9 144
10 11
10 26
10 29
10 47
10 57
10 62
10 67
10 92
10 96
10 114
10 147
11 12
11 13
11 21
11 30
11 36
11 47
11 48
11 49
11 61
11 87
11 105
11 116
11 118
11 124
11 126
11 128
11 131
11 132
11 135
11 141
11 147
12 13
12 40
12 66
12 72
12 88
12 91
12 92
12 97
12 106
12 108
12 109
12 137
13 14
13 18
13 58
13 74
13 77
13 98
13 107
13 109
13 125
13 146
14 15
14 25
14 38
14 42
14 51
14 63
14 72
14 83
14 88
14 99
14 107
14 116
14 144
15 16
15 23
15 37
15 55
15 61
15 64
15 67
15 72
15 82
15 87
15 99
15 114
15 118
15 121
15 129
15 142
16 17
16 22
16 41
16 42
16 54
16 57
16 66
16 70
16 81
16 84
16 103
16 115
16 120
16 129
16 135
17 18
17 20
17 34
17 35
17 45
17 56
17 110
17 141
17 142
18 19
18 20
18 41
18 54
18 69
18 73
18 92
18 107
18 109
18 116
18 121
18 127
19 20
19 46
19 68
19 82
19 88
19 90
19 106
19 111
19 126
19 128
19 133
19 134
20 21
20 31
20 32
20 45
20 64
20 67
20 68
20 72
20 83
20 86
20 118
20 124
20 135
20 140
21 22
21 26
21 34
21 40
21 73
21 76
21 85
21 91
21 107
21 108
21 111
21 124
21 126
21 144
21 146
22 23
22 27
22 40
22 44
22 57
22 64
22 67
22 72
22 91
22 95
22 100
22 105
22 113
22 127
22 140
22 147
23 24
23 33
23 45
23 57
23 79
23 83
23 89
23 91
23 99
23 120
23 124
23 126
24 25
24 32
24 41
24 50
24 55
24 56
24 58
24 61
24 67
24 70
24 74
24 93
24 98
24 104
24 109
24 129
24 131
24 149
25 26
25 28
25 64
25 65
25 71
25 74
25 76
25 79
25 87
25 117
25 122
25 131
26 27
26 32
26 33
26 81
26 85
26 91
26 104
26 110
26 131
26 136
26 138
27 28
27 84
27 89
27 98
27 133
27 136
27 149
28 29
28 33
28 41
28 48
28 50
28 67
28 90
28 92
28 116
28 125
28 136
28 139
28 140
29 30
29 36
29 37
29 39
29 52
29 54
29 56
29 76
29 91
29 99
29 101
29 111
29 115
29 127
30 31
30 34
30 82
30 91
30 121
30 144
31 32
31 33
31 38
31 46
31 50
31 51
31 69
31 76
31 84
31 90
31 96
31 102
31 115
31 120
31 136
31 140
31 145
31 146
32 33
32 38
32 41
32 45
32 51
32 56
32 58
32 96
32 100
32 118
32 122
32 130
32 145
33 34
33 74
33 91
33 93
33 95
33 113
33 122
33 124
33 131
33 137
33 149
34 35
34 38
34 77
34 78
34 103
34 132
35 36
35 43
35 44
35 47
35 52
35 95
35 115
35 118
35 121
35 130
36 37
36 48
36 59
36 66
36 75
36 88
36 112
36 115
36 120
36 124
37 38
37 42
37 53
37 70
37 75
37 94
37 98
37 102
37 134
37 140
38 39
38 44
38 48
38 65
38 74
38 78
38 92
38 98
38 101
38 130
38 133
38 142
38 143
38 146
39 40
39 59
39 62
39 64
39 72
39 73
39 82
39 120
40 41
40 60
40 68
40 69
40 84
40 90
40 93
40 95
40 99
40 100
40 117
40 121
40 131
40 132
41 42
41 56
41 57
41 61
41 72
41 75
41 79
41 82
41 98
41 123
41 124
41 148
42 43
42 45
42 59
42 60
42 92
42 100
42 113
42 131
42 134
42 137
42 144
43 44
43 60
43 62
43 113
43 116
43 121
43 124
43 140
43 142
43 147
44 45
44 56
44 59
44 73
44 74
44 90
44 93
44 101
44 108
44 136
45 46
45 48
45 50
45 53
45 64
45 89
45 98
45 121
45 122
45 127
45 137
46 47
46 48
46 56
46 63
46 67
46 74
46 76
46 84
46 110
46 115
46 121
46 124
46 148
47 48
47 67
47 70
47 71
47 72
47 111
47 135
47 136
47 142
47 144
48 49
48 52
48 106
48 110
48 112
48 114
48 130
48 136
48 147
49 50
49 63
49 73
49 83
49 106
49 113
49 114
49 116
49 128
50 51
50 58
50 65
50 86
50 101
50 122
50 125
50 138
50 142
50 143
51 52
51 55
51 56
51 65
51 68
51 80
51 82
51 85
51 90
51 96
51 103
51 104
51 109
51 112
51 128
52 53
52 104
52 109
52 131
52 135
53 54
53 63
53 92
53 100
53 108
53 115
53 118
53 120
53 128
53 130
54 55
54 75
54 79
54 84
54 102
54 108
54 136
54 140
54 142
55 56
55 73
55 106
55 116
55 128
55 146
55 147
56 57
56 63
56 67
56 72
56 89
56 98
56 116
56 119
56 122
56 132
56 147
57 58
57 80
57 83
57 90
57 123
57 124
57 127
58 59
58 71
58 85
58 92
58 97
58 117
58 124
59 60
59 73
59 77
59 78
59 103
59 124
59 135
59 142
59 145
59 148
60 61
60 68
60 71
60 79
60 115
60 118
60 127
60 132
61 62
61 72
61 79
61 82
61 89
61 92
61 98
61 108
61 109
61 118
61 130
62 63
62 66
62 80
62 99
62 100
62 101
62 104
62 112
62 113
62 130
62 135
62 142
62 145
62 146
62 148
63 64
63 65
63 66
63 68
63 88
63 89
63 96
63 117
63 122
63 140
63 141
64 65
64 101
64 105
64 106
64 117
64 126
65 66
65 81
65 102
65 104
65 107
65 109
65 121
65 136
65 137
66 67
66 69
66 95
66 98
66 101
66 105
66 119
66 134
66 138
66 143
66 144
66 145
67 68
67 70
67 77
67 80
67 81
67 105
67 132
67 140
68 69
68 96
68 102
68 121
68 123
68 135
68 145
69 70
69 73
69 75
69 109
69 129
69 131
69 141
69 144
70 71
70 110
70 127
70 128
70 145
71 72
71 84
71 97
71 103
71 111
71 132
71 135
71 141
72 73
72 90
72 109
72 113
72 117
72 121
72 127
72 128
72 134
72 143
73 74
73 79
73 80
73 105
73 112
73 124
73 127
73 136
74 75
74 77
74 92
74 102
74 103
74 117
74 132
75 76
75 87
75 104
75 105
75 135
75 143
76 77
76 87
76 91
76 94
76 96
76 129
76 130
76 131
76 137
76 140
76 148
77 78
77 79
77 117
77 121
77 122
77 123
77 138
77 146
78 79
78 83
78 87
78 103
78 106
79 80
79 83
79 85
79 90
79 106
79 121
79 132
79 133
79 135
79 141
79 144
79 148
80 81
80 89
80 94
80 113
81 82
81 84
81 86
81 88
81 93
81 105
81 110
81 114
81 129
82 83
82 85
82 95
82 120
82 134
82 149
83 84
83 118
83 125
83 126
83 129
83 140
83 143
84 85
84 98
84 122
85 86
85 121
85 124
85 130
86 87
86 99
86 101
86 104
86 136
86 139
86 146
87 88
87 97
87 120
87 141
87 142
87 148
88 89
88 93
88 102
88 105
88 114
88 117
88 118
88 122
88 124
88 129
88 135
88 136
88 145
88 146
88 149
89 90
89 93
89 96
89 97
89 106
89 139
89 146
90 91
90 92
90 99
90 103
90 114
90 117
90 134
90 135
90 138
90 140
91 92
91 100
91 103
91 113
91 147
92 93
92 103
92 134
92 140
92 147
93 94
93 95
93 110
93 114
93 126
93 140
93 141
93 144
93 149
94 95
94 101
94 113
94 114
94 116
94 125
94 129
94 140
94 144
94 148
95 96
95 116
95 121
95 142
95 149
96 97
96 108
96 114
96 125
96 131
96 133
96 136
97 98
97 115
97 122
97 124
97 149
98 99
98 123
98 134
98 142
99 100
99 102
99 103
99 111
99 112
99 139
99 141
99 148
100 101
100 108
100 116
100 120
100 124
100 129
100 141
100 148
101 102
101 114
101 115
101 128
101 132
101 134
102 103
102 107
102 110
102 119
102 122
102 140
102 145
103 104
103 116
103 139
103 149
104 105
104 122
104 125
104 134
104 135
105 106
105 108
105 111
105 137
105 145
106 107
106 123
106 126
106 139
107 108
107 112
107 113
107 122
107 124
108 109
108 146
109 110
109 112
109 117
109 118
109 135
109 136
110 111
110 112
110 120
110 121
110 122
111 112
111 115
111 120
111 123
111 128
111 147
112 113
112 114
112 127
113 114
113 124
113 138
113 139
113 141
114 115
114 116
114 120
114 122
114 123
114 126
114 130
114 149
115 116
115 130
115 135
116 117
116 123
116 143
117 118
117 129
117 140
118 119
118 120
119 120
119 127
119 142
119 147
119 149
120 121
120 138
120 142
120 147
121 122
121 128
121 130
121 134
121 135
121 137
122 123
122 126
123 124
123 133
123 145
124 125
124 128
125 126
125 131
125 144
125 147
126 127
126 145
126 148
127 128
127 130
127 140
127 149
128 129
128 130
128 138
129 130
129 133
129 149
130 131
130 133
130 138
130 143
130 144
131 132
131 135
131 140
132 133
132 144
133 134
133 137
134 135
135 136
135 145
136 137
136 145
136 146
136 148
136 149
137 138
137 146
138 139
138 144
139 140
140 141
140 142
140 145
141 142
142 143
142 149
143 144
143 145
144 145
145 146
146 147
147 148
148 149
