0 39.209613360668854
1 40.343193014899285
2 104.01296397189992
3 94.41665112965214
4 90.0571547366865
5 37.738845370758426
6 58.32102184548491
7 27.980799451815166
8 53.24784110103807
9 36.81131951956958
10 52.211352981123525
11 68.10275971706159
12 61.01796258683303
13 71.8503497936521
14 70.47767301993784
15 65.68774995399777
16 91.21299027200301
17 69.95220157547033
18 82.59975720373652
19 63.70273450181488
20 55.89439203403385
21 56.92778776698806
22 106.60855816609462
23 66.4612080328072
24 64.0172796363587
25 61.98635010160174
26 109.86547867408837
27 85.13868359556527
28 38.96807568785093
29 24.37161350808706
30 113.14069414084273
31 75.24461271068324
32 99.97404873853318
33 118.50616850503934
34 119.16055543902081
35 84.217837768255
36 22.74419184657464
37 30.703798717636325
38 69.7042973477736
39 82.87911312916464
40 79.17362325235547
41 40.1383409400583
42 46.36537241804952
43 63.16560178009983
44 118.54130639229727
45 79.51158229736951
46 69.25296256211718
47 46.388697716130814
48 93.35355150850738
49 76.74161381625709
50 115.19431112084898
51 61.197915254849846
52 51.8334308368144
53 107.99694676277304
54 72.40869899486344
55 118.49995055442916
56 116.02886610176331
57 24.53062003200277
58 72.15907917676027
59 31.773548449393484
60 39.60987088350967
61 51.02243301544385
62 89.54744909083642
63 105.53703143595477
64 92.6479607756571
65 91.51633617740283
66 85.4053237506677
67 42.166951196719864
68 52.01855945219742
69 20.543909982600976
70 69.14069804662134
71 97.83255245370087
72 85.53974319020244
73 81.65381696771894
74 98.43815266362888
75 52.00228410259655
76 105.5584284155114
77 63.32093239505929
78 95.8688286003743
79 41.794918558582076
80 33.4176709066418
81 73.08785005055041
82 54.75221423126188
83 52.38925399826814
84 60.086503308059044
85 84.79532481785161
86 27.021813433195828
87 47.77281908965243
88 110.20628574630788
89 90.88710913753512
90 34.38192164031264
91 72.30137900424245
92 116.90530133396156
93 52.028584226614484
94 20.702898989040023
95 52.85743397922959
96 92.95589334565058
97 99.65746723034725
98 68.38749001274212
99 83.83732979438565
100 40.19618787673516
101 113.58876234072342
102 34.35088124847902
103 82.76302599532782
104 73.61100529968708
105 66.42510228097785
106 22.29236825246589
107 63.005913555806416
108 49.064308344978514
109 99.27742522169937
110 97.09662204788799
111 81.9265296615694
112 74.3981467575027
113 69.17996988428476
114 64.48773903949203
115 87.67541354391797
116 52.46069914881565
117 87.58732825107245
118 84.46940871454495
119 105.96674637715769
120 51.59870572164722
121 51.47034016284894
122 60.61965044013851
123 79.32781571042895
124 24.24724157921711
125 53.78143305348912
126 48.968794433339355
127 95.64378841457821
128 97.4723814665117
129 48.438944384859475
130 59.97446814429526
131 20.258619657432824
132 40.670051209277716
133 36.48387840221638
134 85.01755415308041
135 76.45940441441087
136 75.09692248363478
137 34.69143220035467
138 64.87822893474765
139 102.86281978458534
140 27.50694498289012
141 85.67355625974545
142 31.811342039093084
143 53.03877317556508
144 45.88972552512588
145 69.38771111357349
146 99.12554044110044
147 92.64769949330108
148 89.15460021657603
149 79.97087742350041
0 1
0 63
0 87
0 113
1 2
1 22
1 132
1 141
2 3
2 129
3 4
3 14
3 43
3 44
4 5
4 54
4 78
4 111
5 6
5 71
5 124
6 7
6 9
6 58
6 75
6 136
7 8
7 12
8 9
9 10
9 75
9 94
9 100
9 120
10 11
10 90
11 12
11 33
11 67
11 95
12 13
12 120
12 132
13 14
13 89
14 15
14 92
14 100
15 16
15 146
16 17
16 30
16 52
16 94
16 136
17 18
17 66
17 94
17 144
18 19
19 20
20 21
20 120
20 123
20 142
21 22
21 94
21 129
22 23
22 38
22 63
22 113
22 124
23 24
23 123
24 25
24 38
24 100
24 133
25 26
25 121
25 140
26 27
26 58
26 69
26 92
26 99
26 127
27 28
27 130
27 131
28 29
29 30
29 105
30 31
30 53
30 95
30 117
30 123
31 32
31 49
32 33
32 58
32 133
33 34
34 35
35 36
36 37
36 80
37 38
37 101
38 39
38 142
39 40
39 88
40 41
40 130
41 42
41 134
41 140
42 43
43 44
43 46
43 54
43 133
44 45
44 142
45 46
45 110
46 47
46 49
46 117
46 146
47 48
48 49
48 52
49 50
49 55
49 101
50 51
50 82
50 118
50 125
51 52
51 99
51 147
52 53
52 73
52 110
53 54
53 63
54 55
54 56
54 60
54 110
54 131
55 56
56 57
57 58
58 59
58 118
59 60
59 82
60 61
60 115
61 62
61 92
61 136
61 147
62 63
62 103
62 140
63 64
63 67
64 65
65 66
65 70
66 67
66 90
66 142
67 68
67 120
67 129
68 69
68 76
68 116
68 148
69 70
70 71
71 72
71 127
72 73
73 74
73 124
74 75
74 108
74 145
75 76
75 112
75 148
76 77
77 78
78 79
79 80
80 81
80 109
80 143
81 82
81 127
81 136
82 83
82 114
82 139
83 84
83 103
84 85
84 141
84 143
85 86
86 87
86 88
86 93
87 88
87 100
88 89
89 90
90 91
91 92
92 93
92 98
93 94
94 95
94 109
94 124
95 96
95 97
96 97
97 98
98 99
98 125
99 100
99 143
100 101
100 115
101 102
102 103
103 104
103 126
104 105
105 106
105 115
106 107
107 108
108 109
109 110
110 111
110 114
110 121
111 112
112 113
113 114
114 115
115 116
116 117
117 118
118 119
119 120
120 121
121 122
122 123
122 126
123 124
124 125
125 126
125 132
126 127
127 128
128 129
129 130
130 131
131 132
132 133
133 134
134 135
135 136
136 137
136 146
137 138
138 139
139 140
140 141
141 142
142 143
143 144
144 145
145 146
146 147
146 149
147 148
148 149
