0 27.009476634586996
1 43.89624913472977
2 75.32087554263651
3 21.30160133611712
4 67.03029902015967
5 117.75881058096488
6 88.68438973562071
7 29.73984100160915
8 83.26691366336559
9 96.37620232009102
10 37.07467232023598
11 68.09414238620963
12 47.74944146961662
13 115.47336849702693
14 22.420007669431502
15 90.82951943434286
16 69.0261066202763
17 78.99254746608543
18 29.113811455450207
19 78.834739050949
20 42.74453503775223
21 26.98462258429078
22 73.24519486463862
23 107.60061703227417
24 65.50523308331418
25 23.887083336478135
26 82.11982802729179
27 39.0945039965409
28 99.17292430547975
29 116.99633916032315
30 41.69625704341824
31 108.281353028358
32 68.24158351785167
33 83.00849836827734
34 46.53543635979186
35 107.37055452752095
36 96.38411478992303
37 101.69419429029455
38 61.958899505151436
39 106.12164926522398
40 39.97785636687496
41 70.08940902054857
42 61.33370035844789
43 84.92101935331205
44 56.182164561667065
45 98.02564754362932
46 32.74981900441395
47 98.84542709309774
48 51.0545536399607
49 106.38924707061597
50 58.82846864698645
51 35.557301816729954
52 89.22699632588099
53 83.1910010777359
54 60.99737392172166
55 77.63050740047771
56 110.82411516174486
57 39.34364971118776
58 65.29168034829947
59 30.78425166846201
60 93.59024670764678
61 45.98627797205116
62 90.58694993302555
63 33.506714638850816
64 118.60238679979749
65 28.260961970989804
66 82.14318944919327
67 20.678860591169528
68 46.481287735748694
69 36.63851238491132
70 113.43665216752478
71 74.06281885781365
72 87.67309436026856
73 116.20648966622419
74 57.47872625879641
75 55.89811344067092
76 55.159030559734326
77 46.77411600386394
78 85.16892690368847
79 88.35294566914638
80 20.860893884301838
81 32.21512209119173
82 82.7016133528845
83 111.20660966279812
84 58.0451471395601
85 76.16091261687538
86 92.6437817910163
87 22.893066549522405
88 41.188673758872724
89 92.97294104871234
90 74.02386568983921
91 85.91457865774474
92 92.05434154931584
93 67.86447621778407
94 45.61918455062825
95 56.638209086155925
96 106.13469502126668
97 98.10845405513255
98 23.602307936719384
99 81.61693558799504
100 67.15727757707711
101 118.45942482315637
102 89.80428455529768
103 87.83099435966385
104 59.005208763008284
105 38.23408098654194
106 30.075314104244555
107 82.62397830485234
108 114.19180245801859
109 94.93623612349644
110 63.57109908183733
111 70.61215820477965
112 95.93819438192882
113 59.87848506232968
114 43.26582115562093
115 89.47435773355268
116 96.93808012835946
117 114.9442736538112
118 45.59024679663298
119 64.28363746616347
120 52.05380766929238
121 56.45042288124459
122 82.81621945283591
123 80.92095889982753
124 104.4732790526807
125 72.01160972304984
126 65.65639634426691
127 83.11488171523644
128 35.26719216642287
129 79.37470515114809
130 115.52075009866725
131 104.78028992017231
132 64.82140789561777
133 112.38227045748391
134 75.96903271659332
135 59.58299613219944
136 61.27926587455206
137 88.5408988691978
138 101.12104258541356
139 23.036042215716815
140 45.913959736687445
141 95.11155252748203
142 105.13417276436292
143 58.93736037294504
144 68.2611106752988
145 86.20539016079957
146 41.33041759318563
147 61.58741256643166
148 34.87695586407849
149 92.06001381594596
0 1
0 7
0 8
0 15
0 16
0 36
0 49
0 55
0 72
0 89
0 94
0 117
0 127
0 133
0 135
0 142
1 2
1 16
1 33
1 35
1 49
1 71
1 101
1 114
1 122
2 3
2 5
2 21
2 36
2 52
2 59
2 64
2 67
2 70
2 80
2 92
2 98
2 118
2 127
2 133
2 136
2 139
2 145
3 4
3 19
3 31
3 63
3 84
3 88
3 108
4 5
4 12
4 48
4 51
4 65
4 82
4 96
4 106
4 107
4 139
4 142
4 144
5 6
5 8
5 37
5 60
5 70
5 120
5 127
5 149
6 7
6 12
6 69
6 70
6 72
6 74
6 101
6 123
6 132
6 149
7 8
7 55
7 56
7 76
7 79
7 95
7 101
7 106
7 117
7 139
7 141
8 9
8 20
8 76
8 97
8 100
8 109
8 110
8 130
9 10
9 15
9 46
9 52
9 54
9 74
9 111
9 115
9 118
10 11
10 34
10 84
10 89
10 104
10 133
10 149
11 12
11 15
11 17
11 30
11 53
11 58
11 71
11 72
11 81
11 91
11 97
11 109
12 13
12 29
12 30
12 46
12 53
12 79
12 89
12 98
12 104
12 106
12 115
12 128
12 133
13 14
13 16
13 17
13 43
13 77
13 98
13 102
13 133
13 145
14 15
14 17
14 29
14 37
14 47
14 52
14 64
14 101
14 102
14 103
14 131
14 139
14 145
15 16
15 43
15 64
15 67
15 68
15 73
15 75
15 87
15 121
15 127
16 17
16 38
16 45
16 55
16 59
16 63
16 80
16 95
16 111
16 120
16 124
16 133
17 18
17 26
17 45
17 105
17 112
17 127
17 149
18 19
18 20
18 35
18 59
18 107
18 111
18 115
19 20
19 27
19 29
19 41
19 50
19 69
19 97
19 108
20 21
20 40
20 43
20 54
20 57
20 122
20 125
20 140
21 22
21 24
21 39
21 41
21 52
21 64
21 77
21 86
21 94
21 100
21 111
21 113
21 118
21 138
21 140
22 23
22 24
22 54
22 61
22 64
22 87
22 89
22 108
22 120
22 141
23 24
23 28
23 48
23 75
23 77
23 105
23 115
23 126
23 137
23 149
24 25
24 48
24 61
24 85
24 99
24 101
24 123
24 135
25 26
25 47
25 51
25 65
25 109
26 27
26 52
26 77
26 92
26 97
26 102
26 107
26 109
26 117
26 119
27 28
27 29
27 51
27 89
27 97
27 99
27 123
27 126
27 136
27 138
28 29
28 31
28 45
28 60
28 87
28 106
28 108
28 111
28 119
28 133
28 135
28 146
29 30
29 31
29 48
29 56
29 78
29 82
29 95
29 97
29 118
30 31
30 42
30 97
30 98
30 122
30 129
31 32
31 39
31 54
31 63
31 67
31 72
31 77
31 79
31 86
31 128
32 33
32 36
32 39
32 49
32 73
32 88
32 90
32 99
32 120
32 145
33 34
33 62
33 112
33 131
33 133
33 142
34 35
34 51
34 72
34 87
34 98
34 100
34 119
34 125
35 36
35 42
35 49
35 65
35 69
35 92
35 114
35 117
36 37
36 55
36 64
36 67
36 69
36 70
36 73
36 90
36 99
36 101
36 105
36 106
36 109
36 110
36 112
36 120
36 121
36 136
36 140
37 38
37 48
37 77
37 92
37 107
38 39
38 55
38 58
38 62
38 82
38 84
38 86
38 105
38 112
38 119
38 123
39 40
39 62
39 64
39 81
39 87
39 89
39 109
39 112
39 115
39 116
39 120
39 137
39 138
39 141
40 41
40 44
40 144
41 42
41 61
41 97
41 98
41 118
41 141
41 147
42 43
42 56
42 73
42 93
42 102
42 114
42 134
42 143
42 147
43 44
43 50
43 56
43 85
43 109
43 126
44 45
44 85
44 100
44 118
44 132
44 137
45 46
45 49
45 54
45 97
45 111
45 122
46 47
46 54
46 58
46 59
46 87
46 99
46 147
47 48
47 59
47 66
47 81
47 89
47 97
47 116
47 119
47 128
47 145
47 148
48 49
48 51
48 107
48 108
48 124
48 129
48 133
48 139
48 146
49 50
49 55
49 56
49 79
49 82
49 85
49 114
49 115
49 117
49 147
49 149
50 51
50 61
50 77
50 81
50 85
50 111
50 129
51 52
51 63
51 74
51 97
51 105
51 112
51 114
51 131
51 135
52 53
52 87
52 95
52 100
52 120
52 133
53 54
53 68
53 69
53 83
53 87
53 108
53 135
54 55
54 73
54 74
54 83
54 88
54 102
54 128
55 56
55 58
55 59
55 65
55 89
55 91
55 92
55 97
55 147
56 57
56 82
56 85
56 112
56 114
57 58
57 59
57 63
57 70
57 114
57 139
58 59
58 87
58 115
58 122
58 123
58 124
58 132
58 148
59 60
59 66
59 82
59 135
59 144
60 61
60 67
60 71
60 74
60 76
60 101
60 114
60 127
61 62
61 64
61 84
62 63
62 69
62 78
62 80
62 101
62 117
62 135
62 144
63 64
63 68
63 74
63 90
63 93
63 98
63 105
64 65
64 70
64 73
64 90
64 98
64 104
64 112
64 146
65 66
65 104
65 134
65 136
66 67
66 71
66 82
66 116
66 124
66 130
67 68
67 69
67 76
67 80
67 105
67 108
67 122
67 132
68 69
68 89
68 101
69 70
69 74
69 79
69 85
69 93
69 95
69 101
69 105
69 112
70 71
70 78
70 81
70 83
70 89
71 72
71 115
71 122
71 136
72 73
72 141
72 148
73 74
73 97
73 113
73 115
73 145
74 75
74 85
74 95
74 104
74 109
74 125
74 148
75 76
75 92
75 113
75 118
75 123
76 77
76 78
76 82
76 95
76 115
76 130
76 139
76 141
77 78
77 105
77 121
77 147
78 79
78 112
78 142
78 145
79 80
79 90
79 105
79 107
79 119
79 124
79 147
80 81
80 106
80 115
80 126
81 82
81 111
81 115
81 121
81 123
81 132
82 83
82 127
82 135
82 146
83 84
83 96
83 112
83 115
83 124
83 133
83 143
83 144
84 85
84 102
84 111
84 113
84 114
84 146
85 86
85 88
85 89
85 91
85 148
86 87
86 107
86 129
86 130
86 132
86 136
86 142
87 88
87 104
87 105
87 121
87 138
87 141
88 89
88 128
88 142
89 90
89 100
89 104
89 122
90 91
90 137
91 92
91 93
91 101
91 103
91 107
91 110
91 117
91 141
92 93
92 111
92 121
92 128
92 131
92 137
92 140
92 144
92 145
93 94
93 105
93 136
94 95
94 102
94 104
94 116
95 96
95 113
95 147
96 97
96 110
96 119
96 144
96 146
97 98
97 106
97 108
97 112
97 128
97 133
97 136
98 99
98 117
98 120
98 122
98 138
98 145
99 100
99 109
99 144
100 101
100 117
100 119
101 102
101 129
102 103
102 109
102 137
102 144
103 104
103 109
103 111
103 123
103 125
104 105
104 118
104 121
104 132
104 133
104 145
105 106
105 111
105 121
105 122
105 148
106 107
106 110
106 113
106 126
106 135
106 139
106 146
107 108
107 109
107 113
107 141
108 109
108 114
109 110
109 117
109 133
109 138
109 140
109 147
109 149
110 111
110 114
110 132
110 144
111 112
111 120
111 122
111 127
111 147
112 113
112 119
112 148
112 149
113 114
113 122
113 132
113 135
113 144
114 115
114 145
114 147
115 116
115 118
116 117
116 136
116 147
117 118
117 129
117 133
118 119
118 147
118 149
119 120
120 121
120 126
120 127
120 131
120 135
121 122
121 125
121 129
122 123
122 134
123 124
123 149
124 125
124 128
124 132
124 133
125 126
126 127
127 128
127 145
127 147
128 129
128 143
129 130
129 134
129 136
129 148
130 131
131 132
132 133
132 142
132 143
132 144
132 147
133 134
133 135
134 135
135 136
136 137
136 141
136 148
137 138
137 145
138 139
138 143
139 140
140 141
140 148
141 142
142 143
142 144
142 149
143 144
143 148
144 145
145 146
146 147
147 148
148 149
