0 69.10158890363361
1 54.05311127824473
2 48.88968961285783
3 62.15684992755898
4 55.35087831510735
5 34.35899497101938
6 35.150381868915396
7 97.86337486881769
8 32.44926881085645
9 113.73631602005014
10 111.853614146613
11 46.42063116357036
12 59.09848482082724
13 105.88165231522946
14 30.493753288104358
15 99.3846437257387
16 104.38566502471603
17 64.70862981428996
18 45.02357927181501
19 22.419293145017964
20 93.23765592318193
21 88.78213283632513
22 47.76614694979992
23 29.187820827925655
24 46.01754021076679
25 114.83874868039499
26 20.173559492838127
27 22.225159618156802
28 22.056524814540072
29 98.98051474957482
30 32.883921372481765
31 113.48948341709624
32 108.26188577267418
33 25.63287963739365
34 37.43795921616933
35 117.85771793374619
36 103.41441848410767
37 28.986722922521015
38 28.05185346328816
39 46.521200019585876
40 36.36643251769656
41 59.398239133926054
42 116.00310432726936
43 114.0540958786973
44 22.07400301571232
45 78.09927385652006
46 51.47132850762874
47 112.86849937990239
48 103.24486380583615
49 117.5747438307642
50 48.08604790966881
51 101.83667942283084
52 47.35596041478384
53 102.09257747985733
54 113.96871679275817
55 102.05224851627183
56 68.89234727106597
57 83.12555904464426
58 69.71638414640594
59 92.018436572374
60 24.881782691822856
61 107.78337854606248
62 38.559508157101824
63 46.99312672053167
64 88.14700306568501
65 104.87707963766154
66 26.83665305773289
67 72.78664402457211
68 37.17033784751867
69 42.866966997178594
70 73.96389384882735
71 42.99974113622611
72 114.06297016475075
73 86.69903771829739
74 40.23697721607479
75 60.505592990914415
76 92.85381509349158
77 56.413795964965026
78 118.08936624039539
79 28.921069992201836
80 69.16063876275084
81 69.41529629211047
82 97.83954363954867
83 37.87890904353113
84 29.278679366905287
85 30.417127084032728
86 92.49599672531862
87 37.103836495029185
88 81.81973488637885
89 118.33598075985152
90 27.848578710549138
91 98.61213015254428
92 38.257267059840245
93 107.78231720297562
94 33.86000183193978
95 43.795433147380194
96 110.08082302040224
97 54.30159308271106
98 31.281418144837367
99 42.71614573143298
100 49.73562545452558
101 67.14839075441321
102 93.45122137261293
103 76.63302855295262
104 100.12091361554533
105 91.12969569240833
106 77.39629676083993
107 91.5921296823248
108 33.14326131293303
109 119.93250516448549
110 60.64015219071123
111 60.85949510152263
112 51.66872860938806
113 67.35481071088842
114 90.53251595394866
115 117.03859335507359
116 101.19037652491448
117 29.987943876959847
118 51.45012183576827
119 110.90673222524524
120 87.62533343588761
121 85.15216402564555
122 81.87856370663829
123 103.32118172628088
124 25.878255518328846
125 81.26626150882723
126 28.170280746905217
127 98.9871033409971
128 50.155674498420204
129 94.33589221829155
130 104.68385621506363
131 86.4458439275274
132 101.48839202109404
133 43.87420453667618
134 41.04499056932811
135 57.33348889924894
136 70.51671940607909
137 84.32232177581926
138 36.42969011905652
139 39.77599472344939
140 114.31603105448124
141 113.91602234496666
142 108.05526706747996
143 95.72869973129485
144 84.88777992631994
145 71.94898850107026
146 116.47507665135818
147 100.1342868930554
148 103.91369065078719
149 27.511824072989683
0 1
0 41
0 67
0 81
0 111
0 137
1 2
1 75
1 91
1 92
1 138
1 143
2 3
2 58
2 64
2 70
2 142
3 4
3 63
3 66
3 84
3 85
3 111
4 5
4 90
5 6
5 14
5 54
5 92
5 94
5 146
6 7
6 14
6 23
6 35
6 43
6 80
6 90
7 8
7 51
7 60
7 111
8 9
8 17
8 48
8 56
8 101
8 127
8 133
9 10
9 41
9 46
9 70
9 94
9 113
9 116
9 148
10 11
10 121
10 132
10 141
10 149
11 12
11 23
11 27
11 44
11 49
11 59
11 138
12 13
12 14
12 52
12 54
12 93
12 100
12 102
12 106
13 14
13 21
13 32
13 63
13 86
13 87
13 90
13 94
14 15
14 45
14 51
14 56
14 132
14 135
15 16
15 38
15 93
15 100
15 106
15 148
16 17
16 38
16 49
16 82
16 86
16 90
16 133
16 148
17 18
17 54
17 85
17 106
17 107
17 142
17 145
18 19
18 89
19 20
19 65
19 79
19 117
19 119
19 141
20 21
20 62
20 65
20 92
20 116
20 124
20 134
21 22
21 27
21 32
21 62
21 69
21 121
22 23
22 48
22 84
22 123
23 24
23 34
23 134
23 142
24 25
24 43
24 48
25 26
25 67
25 129
26 27
26 62
26 80
26 99
26 113
26 132
27 28
27 45
27 54
27 109
27 115
28 29
28 42
28 63
28 97
28 99
28 107
28 115
28 149
29 30
29 45
29 100
29 115
29 124
29 126
29 139
30 31
30 32
30 49
30 56
30 65
30 71
30 85
30 114
30 134
31 32
31 48
31 49
31 64
31 110
31 120
31 125
31 133
31 146
32 33
32 40
32 46
32 77
32 92
32 105
32 120
33 34
33 87
33 97
33 126
33 135
33 142
34 35
34 45
34 77
34 82
34 91
34 101
34 103
34 140
34 144
35 36
35 65
35 103
35 146
36 37
36 40
36 47
36 64
36 79
36 97
36 99
36 125
37 38
37 46
37 57
37 121
38 39
38 64
38 93
38 99
38 100
39 40
39 45
39 77
39 81
39 98
40 41
40 42
40 54
40 57
40 61
40 77
40 94
40 116
41 42
41 73
41 112
41 121
41 122
41 134
41 141
42 43
42 49
42 64
42 67
42 114
42 115
43 44
43 49
43 53
43 61
43 102
43 106
43 110
43 114
43 116
43 146
44 45
44 63
44 127
44 131
44 136
45 46
45 89
45 104
45 107
45 131
46 47
46 87
46 114
46 121
46 137
47 48
47 51
47 55
47 135
48 49
48 58
48 59
48 83
48 115
49 50
49 54
49 61
49 78
49 79
49 106
49 116
49 142
50 51
50 73
50 86
50 91
50 116
50 120
50 122
51 52
51 93
51 141
51 146
51 149
52 53
52 86
52 99
52 143
52 145
52 146
53 54
53 96
53 104
53 115
53 129
53 147
54 55
54 68
54 70
55 56
55 63
55 107
55 119
55 121
55 134
55 143
56 57
57 58
57 74
57 97
57 141
58 59
58 63
58 65
58 72
58 80
58 118
58 126
59 60
59 65
59 71
59 96
59 106
60 61
60 70
60 109
61 62
61 90
61 102
61 143
62 63
62 76
62 84
62 85
62 88
62 95
62 136
63 64
63 82
63 94
63 111
63 112
63 122
63 135
63 141
63 149
64 65
64 77
64 125
64 130
65 66
65 69
65 88
65 101
65 118
66 67
66 68
66 78
66 83
66 93
66 146
67 68
67 69
67 109
68 69
68 102
68 147
69 70
69 78
69 138
70 71
70 77
70 87
70 104
71 72
71 78
71 95
71 98
71 142
72 73
72 89
72 94
73 74
73 88
73 126
74 75
74 108
74 109
74 117
74 130
74 137
75 76
75 121
75 126
76 77
76 79
76 131
76 148
77 78
77 122
78 79
78 128
79 80
79 92
79 135
79 141
79 145
80 81
80 113
80 126
81 82
81 94
81 103
81 105
81 122
81 123
82 83
82 99
82 111
82 142
82 144
83 84
84 85
84 108
84 130
85 86
85 101
85 112
86 87
87 88
87 110
88 89
88 95
88 146
89 90
89 133
90 91
90 96
91 92
91 96
91 102
91 112
92 93
92 98
92 125
92 131
93 94
93 132
93 138
93 139
94 95
95 96
95 139
95 144
96 97
96 104
96 138
96 149
97 98
97 117
97 124
97 130
98 99
98 111
98 135
98 141
99 100
100 101
100 148
101 102
101 106
101 112
101 127
101 132
101 140
101 145
101 148
102 103
102 125
102 143
102 147
103 104
103 110
103 134
103 146
104 105
104 127
105 106
106 107
106 113
106 142
106 147
106 149
107 108
107 136
108 109
108 119
108 137
109 110
109 115
109 116
109 143
110 111
110 141
111 112
111 117
111 145
112 113
113 114
113 119
114 115
114 130
115 116
115 119
115 145
116 117
116 148
117 118
118 119
119 120
119 123
119 130
119 140
120 121
120 139
121 122
121 135
121 145
122 123
123 124
124 125
124 149
125 126
125 130
125 147
126 127
126 145
127 128
128 129
128 145
129 130
129 137
130 131
130 133
130 147
131 132
131 140
132 133
132 148
133 134
134 135
135 136
136 137
137 138
137 141
138 139
138 142
139 140
139 144
140 141
141 142
142 143
142 147
143 144
143 148
144 145
145 146
146 147
147 148
148 149
