0 78.6008380522218
1 79.34292281721498
2 81.8295800379747
3 44.10396374019539
4 65.17593476781282
5 103.70200948407326
6 107.08438084215463
7 56.35368982949837
8 92.07037378898852
9 49.80201745780661
10 72.85199878241451
11 78.32914426780738
12 111.52916857218572
13 50.960900200854745
14 31.16079440929664
15 29.546815660530328
16 119.96707016858775
17 22.194875850511202
18 40.19281705220691
19 57.80847965718744
20 108.7561015289957
21 77.71826105076134
22 20.08426477741452
23 116.18977063370802
24 57.47989844256078
25 22.54846866707801
26 98.99704290635812
27 112.48747125516572
28 29.740970570752825
29 47.564928047438
30 63.89317656622773
31 91.7731467402622
32 97.32953626406524
33 108.24959417036646
34 22.72898913012406
35 52.64208244690548
36 62.41036670672217
37 21.340593481627796
38 105.19613960917711
39 90.81295065713361
40 69.35661860667344
41 70.75951377339227
42 77.67173016697987
43 109.92496842862228
44 97.95736332740876
45 74.42668193764001
46 24.69988702824743
47 38.69579771126418
48 107.94814347195837
49 26.957735678608955
50 54.112350038292874
51 46.04477165666722
52 61.16157535110304
53 99.7386940525064
54 115.80577336515158
55 51.35247390667115
56 82.0676155054552
57 49.50557744729511
58 85.2286020888515
59 85.71910758298284
60 30.070825650596934
61 59.308645328669925
62 51.790509439512824
63 71.90047665447403
64 47.65459892996614
65 111.62011785982033
66 69.69260921951158
67 55.54182989668221
68 117.30996593060706
69 72.34820682195343
70 74.08673074407486
71 38.39619439240544
72 107.1592562102744
73 46.64919499369207
74 39.00724109133195
75 35.405266191927595
76 110.28255308093098
77 52.683184701407086
78 55.17907702576872
79 101.83731710752437
80 85.97753715271263
81 47.8380348031244
82 35.5907589644999
83 54.11796932343384
84 92.53095425290533
85 33.44996710946603
86 114.63134186470563
87 38.55612081232773
88 60.55262242079932
89 58.67815595115998
90 92.62540712472759
91 85.85868356541101
92 93.52053474553382
93 41.94456414314591
94 91.76037213509908
95 26.14424406501042
96 97.90825711312469
97 29.22919701790529
98 31.685518463620223
99 29.107096912303934
100 39.11353547646647
101 112.51484181755963
102 103.47231713837822
103 77.04958989831528
104 91.3795821099897
105 38.80424254551066
106 119.16080049970991
107 74.69203765894973
108 99.99827996809526
109 50.38661979090873
110 40.77684247244497
111 48.985960071852205
112 102.30710852073427
113 110.40931117979075
114 47.4904088947334
115 94.5977156557753
116 60.3393153887732
117 84.31420614508428
118 82.49497175727177
119 76.29607512889532
120 42.45945709436177
121 67.32761887696167
122 32.22344271435117
123 108.1686596711334
124 53.914149186105774
125 70.94604272632088
126 29.676137753179773
127 91.40856705597007
128 56.950471417550844
129 107.23925137812644
130 40.921461782363
131 107.35394455087673
132 40.00215679505742
133 38.79604104556144
134 89.24009183589129
135 30.529613672458048
136 92.41634687922922
137 94.26683582318496
138 94.91869837557883
139 47.63136333255885
140 116.29133313369272
141 84.71128447815062
142 60.35929583300574
143 42.70979782324157
144 60.21839242143916
145 94.33789562568964
146 109.9555360412523
147 36.2521566308128
148 91.06846858470189
149 60.72665664594662
0 1
0 14
0 23
0 47
0 60
0 82
0 93
0 97
0 114
0 125
0 127
0 128
0 130
0 132
1 2
1 11
1 13
1 18
1 24
1 29
1 32
1 41
1 44
1 52
1 56
1 68
1 78
1 82
1 88
1 92
1 110
1 116
1 118
1 131
1 136
2 3
2 5
2 38
2 56
2 69
2 70
2 73
2 97
2 103
2 107
2 110
2 114
2 116
2 134
2 142
2 148
3 4
3 18
3 21
3 28
3 41
3 43
3 47
3 64
3 76
3 84
3 92
3 112
3 136
4 5
4 9
4 17
4 24
4 33
4 38
4 43
4 44
4 48
4 53
4 60
4 81
4 96
4 98
4 121
4 129
4 137
4 141
5 6
5 10
5 88
5 89
5 94
5 95
5 98
5 111
5 130
5 132
6 7
6 19
6 20
6 32
6 33
6 46
6 56
6 64
6 90
6 96
6 99
6 112
6 119
6 124
6 128
6 136
6 140
6 143
7 8
7 9
7 10
7 24
7 27
7 32
7 51
7 54
7 56
7 85
7 122
7 127
7 131
7 140
8 9
8 18
8 24
8 55
8 75
8 76
8 85
8 91
8 94
8 123
8 126
8 129
8 131
8 143
9 10
9 37
9 47
9 69
9 71
9 84
9 91
9 92
9 101
9 102
9 108
9 118
9 122
9 126
9 127
9 129
9 135
9 141
9 145
10 11
10 26
10 36
10 43
10 56
10 62
10 75
10 91
10 95
10 116
10 132
11 12
11 28
11 33
11 43
11 46
11 59
11 65
11 68
11 98
11 120
11 124
11 135
11 143
12 13
12 22
12 23
12 43
12 56
12 70
12 89
12 93
12 100
12 107
12 115
12 122
12 124
12 126
12 127
12 133
12 140
12 143
13 14
13 24
13 25
13 35
13 41
13 52
13 66
13 67
13 69
13 79
13 81
13 84
13 87
13 94
13 98
13 112
13 129
13 145
13 148
14 15
14 17
14 42
14 65
14 72
14 73
14 96
14 139
15 16
15 23
15 25
15 32
15 43
15 46
15 47
15 71
15 76
15 77
15 83
15 85
15 111
15 116
15 141
15 143
16 17
16 26
16 47
16 63
16 76
16 77
16 86
16 87
16 89
16 115
16 117
16 128
16 129
16 136
16 142
16 149
17 18
17 19
17 20
17 29
17 58
17 62
17 66
17 82
17 84
17 94
17 96
17 101
17 113
17 127
17 138
17 142
17 146
17 149
18 19
18 21
18 53
18 55
18 62
18 82
18 83
18 94
18 98
18 109
18 112
18 117
18 124
18 142
19 20
19 31
19 42
19 51
19 73
19 79
19 93
19 118
19 123
19 130
19 132
19 145
20 21
20 35
20 41
20 50
20 77
20 113
20 119
20 126
20 128
20 137
20 149
21 22
21 63
21 67
21 72
21 100
21 108
21 127
21 132
22 23
22 41
22 48
22 66
22 67
22 79
22 107
22 112
22 118
22 130
23 24
23 37
23 39
23 51
23 59
23 69
23 77
23 99
23 101
23 109
23 140
24 25
24 31
24 36
24 59
24 68
24 89
24 101
24 107
24 108
24 124
24 127
24 136
24 139
24 146
24 147
25 26
25 37
25 44
25 45
25 75
25 80
25 106
25 110
25 126
25 136
26 27
26 34
26 45
26 49
26 52
26 61
26 74
26 92
26 97
26 99
26 124
26 131
26 143
27 28
27 39
27 46
27 66
27 70
27 77
27 85
27 97
27 102
27 103
27 108
27 120
27 125
27 141
27 145
28 29
28 32
28 34
28 43
28 60
28 74
28 79
28 115
28 118
28 122
28 126
28 129
28 131
28 147
29 30
29 37
29 49
29 69
29 80
29 85
29 86
29 99
29 111
29 123
29 144
30 31
30 40
30 47
30 56
30 73
30 89
30 104
30 122
30 123
30 125
30 139
31 32
31 33
31 41
31 43
31 53
31 59
31 80
31 92
31 100
31 114
32 33
32 40
32 63
32 64
32 71
32 85
32 86
32 105
32 116
32 126
32 147
33 34
33 57
33 75
33 82
33 87
33 109
33 121
34 35
34 40
34 45
34 56
34 82
34 116
34 124
34 136
34 137
35 36
35 39
35 55
35 84
35 90
35 103
35 105
35 110
35 115
35 120
35 126
35 140
35 148
36 37
36 80
36 90
36 120
36 140
37 38
37 46
37 50
37 61
37 67
37 72
37 85
37 92
37 101
37 134
37 135
37 136
37 148
38 39
38 54
38 65
38 74
38 79
38 83
38 87
38 107
38 123
38 124
38 135
38 137
38 141
39 40
39 55
39 90
39 92
39 100
39 101
39 111
39 112
39 124
39 126
39 138
39 139
40 41
40 44
40 50
40 51
40 60
40 81
40 102
40 127
41 42
41 48
41 60
41 69
41 71
41 75
41 87
41 104
41 109
41 119
41 125
41 130
41 138
41 142
41 143
42 43
42 78
42 86
42 88
42 98
42 108
42 120
42 143
42 146
43 44
43 55
43 59
43 75
43 84
43 89
43 120
43 136
43 142
43 145
43 149
44 45
44 57
44 62
44 66
44 68
44 86
44 89
44 99
44 117
44 137
44 140
45 46
45 60
45 65
45 86
45 95
45 103
45 112
45 113
45 128
45 140
45 146
46 47
46 55
46 62
46 64
46 74
46 76
46 79
46 89
46 101
46 104
46 108
46 113
46 117
46 127
46 131
47 48
47 52
47 57
47 68
47 70
47 80
47 95
47 97
47 140
48 49
48 58
48 59
48 61
48 71
48 93
48 94
48 97
48 114
48 118
48 119
48 121
48 126
48 131
48 140
48 146
49 50
49 51
49 52
49 54
49 60
49 70
49 91
49 96
49 115
49 117
49 134
49 135
49 141
50 51
50 67
50 75
50 92
50 108
50 117
50 134
50 144
51 52
51 61
51 63
51 66
51 94
51 96
51 97
51 100
51 105
51 112
51 120
51 144
52 53
52 69
52 74
52 108
52 134
53 54
53 55
53 67
53 79
53 81
53 97
53 117
53 121
53 130
53 136
53 149
54 55
54 68
54 71
54 73
54 91
54 95
54 100
54 114
54 130
54 147
55 56
55 74
55 81
55 85
55 94
55 102
55 109
55 135
55 147
55 148
56 57
56 80
56 90
56 108
56 111
56 125
56 132
57 58
57 60
57 68
57 74
57 75
57 76
57 93
57 94
57 106
57 110
57 115
57 129
58 59
58 60
58 71
58 77
58 78
58 86
58 89
58 104
58 107
58 138
58 143
59 60
59 63
59 65
59 67
59 77
59 109
59 130
59 134
59 137
59 138
60 61
60 62
60 65
60 67
60 76
60 81
60 85
60 90
60 105
60 117
60 119
60 129
60 131
60 146
61 62
61 69
61 77
61 96
61 108
61 126
62 63
62 68
62 81
62 92
62 104
62 106
62 108
62 110
62 148
63 64
63 80
63 96
63 97
63 104
63 113
63 133
64 65
64 77
64 110
64 111
64 132
64 142
65 66
65 81
65 101
65 108
65 118
65 132
65 144
66 67
66 74
66 83
66 124
66 139
67 68
67 69
67 90
67 103
67 104
67 107
67 109
67 121
67 126
67 136
67 137
67 149
68 69
68 72
68 98
68 109
68 114
68 123
68 125
68 126
68 144
69 70
69 78
69 93
69 101
69 102
69 115
69 120
69 122
69 123
69 126
69 134
69 137
70 71
70 73
70 79
70 104
70 110
70 111
70 116
70 118
70 128
70 147
71 72
71 80
71 102
71 103
71 104
71 105
71 116
71 127
71 133
71 143
72 73
72 82
72 113
72 117
72 120
72 130
72 137
72 147
72 149
73 74
73 80
73 81
73 94
73 103
73 109
73 110
73 116
73 133
73 145
74 75
74 89
74 94
74 110
74 120
74 127
74 136
74 137
75 76
75 80
75 81
75 99
75 104
75 109
75 114
75 121
75 124
75 134
76 77
76 102
76 103
76 112
76 119
76 124
76 138
76 139
77 78
77 126
77 129
77 130
77 140
78 79
78 96
78 119
78 133
78 135
78 140
79 80
79 87
79 95
79 99
79 100
79 105
79 108
79 130
79 133
79 141
80 81
80 83
80 85
80 86
80 89
80 110
80 116
80 137
81 82
81 86
81 94
81 99
81 109
81 118
81 124
81 139
82 83
82 91
82 94
82 103
82 110
82 117
82 124
82 130
82 144
83 84
83 88
83 94
83 104
83 107
83 113
83 114
83 120
83 121
83 129
83 136
83 148
84 85
84 90
84 93
84 102
84 108
84 112
84 136
85 86
85 91
85 94
85 112
85 126
85 128
85 135
85 143
85 144
86 87
86 88
86 91
86 94
86 129
86 132
86 134
86 138
86 143
87 88
87 115
87 119
87 122
87 128
87 132
87 143
88 89
88 103
88 104
88 123
88 135
88 136
89 90
89 95
89 97
89 100
89 105
89 106
89 113
89 124
89 138
89 139
89 141
89 144
89 146
90 91
90 92
90 103
90 104
90 108
90 120
90 131
90 147
91 92
91 98
91 112
91 119
91 130
91 145
91 148
92 93
92 112
92 141
92 144
93 94
93 124
93 140
93 144
93 147
93 149
94 95
94 109
94 126
94 137
95 96
95 101
95 128
95 132
95 140
95 145
95 146
96 97
96 133
97 98
97 114
97 130
97 135
97 148
98 99
98 105
98 106
98 142
98 144
98 149
99 100
99 127
99 137
100 101
100 123
101 102
101 118
101 121
101 132
101 149
102 103
102 119
102 122
102 125
102 128
102 132
102 142
102 143
102 145
103 104
103 107
103 113
103 124
103 129
103 130
104 105
104 120
104 130
104 144
104 146
105 106
105 107
105 122
105 128
105 133
106 107
106 115
106 125
107 108
107 122
107 135
108 109
108 136
108 142
109 110
109 128
110 111
110 114
110 124
110 125
110 127
110 128
111 112
111 125
111 147
112 113
112 119
112 121
113 114
113 122
113 143
113 149
114 115
114 125
115 116
115 128
116 117
116 122
116 137
116 148
117 118
117 120
117 131
117 134
117 141
118 119
118 120
118 124
118 129
118 140
119 120
119 138
120 121
120 126
120 129
120 131
121 122
121 124
121 125
121 126
121 135
121 140
121 147
122 123
122 128
122 139
123 124
124 125
124 126
124 136
124 145
124 147
124 148
125 126
125 148
126 127
126 130
126 135
127 128
127 139
128 129
128 132
128 147
129 130
129 131
129 133
129 143
129 147
130 131
130 132
130 137
130 139
131 132
131 136
132 133
132 135
132 141
133 134
133 135
134 135
134 138
134 148
135 136
136 137
136 138
136 140
137 138
137 140
137 141
138 139
139 140
140 141
141 142
141 148
142 143
143 144
143 145
144 145
145 146
146 147
147 148
148 149
