0 40.22848125533308
1 70.88479222735387
2 24.2969171408629
3 97.34221940890508
4 41.28530257832121
5 55.75829055714076
6 27.50316376497675
7 23.801185025348218
8 102.95039299665883
9 105.20128000954011
10 118.11266487205671
11 40.12858098728315
12 71.37226291959328
13 65.01894511953208
14 41.75481266527499
15 51.935775956182816
16 68.15243513060562
17 67.01174960806782
18 111.14475821415392
19 61.48088125568742
20 52.49090239545125
21 115.35159603572721
22 117.26112658115733
23 25.01510454785543
24 67.9507998897503
25 83.22187300134908
26 93.87007860542246
27 78.14599952685563
28 54.289739909293985
29 112.00967074674635
30 83.47004760659692
31 47.335924280732
32 109.59026016092808
33 57.77969531147401
34 109.07917861433208
35 32.15788697272955
36 20.832194901979065
37 35.325985370090045
38 90.76009299627265
39 112.55986731325554
40 42.084731832596006
41 68.78877892734289
42 58.37431457667571
43 108.14264997139666
44 88.6562239270835
45 69.64044479533145
46 102.78130248178721
47 92.33505154010855
48 32.82489572142707
49 27.78563505016352
50 76.54471238015542
51 43.354359636831234
52 32.183799424491966
53 119.58737319415664
54 102.18119786198757
55 95.96873582393387
56 95.16846191832586
57 107.82209036812259
58 71.08462735054384
59 43.33217684431726
60 89.99589045974871
61 32.88308185973326
62 119.48137486734963
63 26.541598743658035
64 33.02873427239203
65 71.99322948898777
66 49.119865364305355
67 41.06946439335261
68 50.48852063251901
69 73.75430699479048
70 119.87034320056979
71 83.85431790288706
72 93.47710181144829
73 59.051482606352614
74 79.00836562986447
75 62.58547487585888
76 100.42557409746712
77 116.14815342055368
78 107.6782742414025
79 89.59703035682548
80 43.37505595807245
81 107.74756235821698
82 58.88049959641916
83 86.7902508737672
84 64.90395097792862
85 50.86413882795632
86 33.299238790273535
87 35.13232661427213
88 111.05137598596936
89 26.538799237046746
90 89.38467376649949
91 112.53336405176596
92 92.2466887264459
93 25.748993169724056
94 112.32659061341819
95 77.28239826122098
96 59.04011510323509
97 40.30554449227665
98 72.90388565576276
99 70.7271245538737
100 62.339708082015335
101 63.09483389178551
102 91.66710424110583
103 32.510953664659475
104 78.89499160938826
105 70.71626364514857
106 86.50885122360596
107 44.43486715305608
108 21.92777112085023
109 23.381309762785566
110 22.39949670466808
111 44.89053595919556
112 24.095828688591297
113 31.881920266449026
114 100.91333588175144
115 84.81495375818872
116 75.385292914173
117 109.50239583997477
118 24.142964760692013
119 28.24587491144142
120 22.062661442040238
121 47.9403081547671
122 42.69730218898035
123 35.81112331450032
124 84.4776471889629
125 30.618413703799405
126 50.70135760234069
127 107.8638733371725
128 31.293115233868342
129 24.21092486031406
130 22.063498143530552
131 105.47978623348904
132 55.62855907639886
133 69.77391703115603
134 91.7485964895949
135 112.16088723333787
136 34.63873728347722
137 28.561036496287326
138 73.39313717929527
139 46.84492493582676
140 118.20923204944604
141 24.42209338061541
142 70.320994825991
143 89.6978846537212
144 84.73583118940257
145 64.62354689938758
146 80.86624981891329
147 36.171198388302315
148 22.364831191590422
149 113.99625445929621
0 1
0 3
0 7
0 23
0 31
0 37
0 39
0 42
0 49
0 55
0 56
0 71
0 72
0 82
0 84
0 85
0 88
0 92
0 103
0 118
0 120
0 126
0 127
0 143
0 146
1 2
1 8
1 29
1 33
1 35
1 38
1 44
1 53
1 59
1 66
1 71
1 74
1 83
1 90
1 117
1 118
1 123
1 130
1 131
1 132
1 140
1 141
1 144
2 3
2 8
2 14
2 25
2 26
2 35
2 41
2 46
2 49
2 58
2 60
2 86
2 88
2 90
2 95
2 109
2 122
2 134
2 146
2 147
3 4
3 31
3 37
3 42
3 44
3 48
3 51
3 56
3 59
3 62
3 70
3 82
3 98
3 112
3 122
3 123
3 149
4 5
4 16
4 21
4 23
4 31
4 32
4 34
4 45
4 54
4 55
4 61
4 63
4 69
4 72
4 83
4 85
4 99
4 104
4 118
4 127
4 135
5 6
5 34
5 36
5 41
5 47
5 50
5 51
5 80
5 92
5 111
5 114
5 120
5 122
5 131
5 135
5 140
5 145
6 7
6 26
6 27
6 40
6 46
6 54
6 55
6 56
6 57
6 73
6 97
6 107
6 121
6 131
6 137
6 146
7 8
7 26
7 32
7 37
7 40
7 55
7 60
7 66
7 73
7 74
7 75
7 77
7 87
7 91
7 96
7 102
7 105
7 106
7 110
7 117
7 124
7 128
7 130
7 136
7 138
8 9
8 18
8 20
8 50
8 54
8 65
8 74
8 79
8 97
8 98
8 107
8 119
8 122
8 124
8 127
8 128
8 129
8 136
8 137
8 138
8 144
9 10
9 22
9 39
9 57
9 84
9 94
9 99
9 103
9 112
9 114
9 118
9 119
9 126
9 140
9 141
9 146
10 11
10 25
10 36
10 46
10 63
10 76
10 79
10 88
10 92
10 95
10 104
10 126
10 140
11 12
11 14
11 18
11 25
11 33
11 34
11 42
11 65
11 74
11 75
11 81
11 91
11 95
11 113
11 114
11 117
11 127
11 129
11 140
12 13
12 18
12 27
12 41
12 53
12 78
12 101
12 113
12 116
12 118
12 122
12 123
12 125
12 128
12 132
12 136
12 139
12 142
13 14
13 16
13 20
13 29
13 38
13 39
13 40
13 44
13 51
13 76
13 82
13 87
13 90
13 118
13 119
13 135
13 138
13 141
13 149
14 15
14 19
14 42
14 44
14 67
14 71
14 74
14 77
14 80
14 85
14 88
14 93
14 97
14 115
14 122
14 127
14 132
14 142
14 145
15 16
15 36
15 45
15 51
15 60
15 66
15 80
15 85
15 91
15 101
15 115
15 133
15 148
16 17
16 29
16 44
16 69
16 70
16 83
16 88
16 92
16 93
16 117
16 118
16 127
16 129
16 142
17 18
17 24
17 29
17 33
17 45
17 60
17 68
17 84
17 117
17 121
17 144
18 19
18 28
18 38
18 44
18 56
18 69
18 73
18 84
18 86
18 91
18 97
18 105
18 106
18 110
18 134
18 136
18 138
19 20
19 27
19 29
19 36
19 39
19 43
19 45
19 48
19 62
19 99
19 108
19 114
19 115
19 122
19 131
19 132
19 134
19 148
20 21
20 44
20 47
20 53
20 54
20 55
20 60
20 89
20 92
20 102
20 129
20 132
20 144
21 22
21 24
21 27
21 31
21 33
21 41
21 55
21 63
21 65
21 67
21 69
21 72
21 78
21 87
21 94
21 105
21 107
21 112
21 114
21 122
21 127
22 23
22 24
22 34
22 67
22 77
22 82
22 87
22 102
22 105
22 113
22 115
22 122
22 143
23 24
23 31
23 42
23 46
23 49
23 50
23 53
23 55
23 58
23 88
23 95
23 99
23 101
23 103
23 110
23 128
23 136
23 149
24 25
24 30
24 35
24 42
24 43
24 48
24 61
24 63
24 64
24 69
24 73
24 77
24 79
24 82
24 100
24 113
24 115
24 116
24 123
24 130
24 131
24 144
24 147
25 26
25 37
25 42
25 56
25 73
25 77
25 80
25 81
25 140
25 141
26 27
26 33
26 66
26 75
26 87
26 88
26 91
26 109
26 117
26 120
26 121
26 125
26 133
26 139
26 141
27 28
27 40
27 43
27 78
27 87
27 105
27 106
27 114
27 131
27 135
27 142
28 29
28 41
28 58
28 59
28 82
28 111
28 122
28 124
28 125
28 128
28 137
28 140
28 144
28 146
29 30
29 46
29 49
29 59
29 65
29 73
29 83
29 91
29 94
29 95
29 106
29 110
29 117
29 121
29 142
29 149
30 31
30 39
30 59
30 93
30 104
30 105
30 106
30 109
30 112
30 124
30 148
31 32
31 68
31 73
31 75
31 76
31 80
31 84
31 86
31 94
31 96
31 104
31 105
31 114
31 128
31 139
31 146
31 147
32 33
32 55
32 56
32 71
32 75
32 93
32 96
32 100
32 131
32 139
32 140
33 34
33 49
33 63
33 65
33 68
33 78
33 79
33 83
33 96
33 110
33 133
33 136
33 139
33 144
34 35
34 36
34 37
34 42
34 62
34 64
34 83
34 86
34 88
34 99
34 101
34 109
34 120
34 126
34 147
35 36
35 43
35 50
35 51
35 63
35 66
35 67
35 68
35 76
35 79
35 84
35 102
36 37
36 39
36 44
36 46
36 48
36 50
36 60
36 62
36 82
36 98
36 123
36 131
36 140
36 142
37 38
37 40
37 45
37 48
37 96
37 98
37 101
37 106
37 108
37 111
37 120
38 39
38 41
38 45
38 52
38 58
38 65
38 70
38 83
38 87
38 89
38 91
38 96
38 98
38 109
38 113
38 115
38 117
38 131
38 134
38 137
38 144
38 147
38 148
39 40
39 41
39 48
39 61
39 69
39 70
39 71
39 72
39 74
39 77
39 95
39 100
39 104
39 110
39 125
39 128
39 129
39 138
39 139
40 41
40 46
40 75
40 77
40 78
40 84
40 95
40 100
40 104
40 105
40 122
40 124
40 126
40 137
40 138
41 42
41 44
41 60
41 61
41 72
41 73
41 80
41 111
41 114
41 130
41 138
41 141
42 43
42 46
42 49
42 52
42 57
42 71
42 73
42 74
42 77
42 87
42 88
42 93
42 104
42 106
42 109
42 111
42 115
42 118
42 120
42 134
43 44
43 60
43 61
43 72
43 92
43 94
43 106
43 111
43 126
43 128
43 143
44 45
44 64
44 79
44 84
44 98
44 120
44 138
44 139
45 46
45 62
45 70
45 75
45 79
45 90
45 98
45 101
45 105
45 114
45 116
46 47
46 48
46 55
46 69
46 70
46 80
46 87
46 101
46 103
46 109
46 121
46 133
46 144
47 48
47 49
47 59
47 61
47 67
47 72
47 79
47 82
47 92
47 100
47 112
47 113
47 120
47 129
47 132
47 134
47 147
48 49
48 65
48 72
48 86
48 93
48 104
48 107
48 116
48 117
48 138
48 142
48 144
48 145
49 50
49 53
49 58
49 59
49 75
49 97
49 103
49 117
49 120
49 125
49 144
50 51
50 55
50 58
50 60
50 76
50 80
50 82
50 84
50 116
50 125
50 130
50 137
50 138
51 52
51 59
51 63
51 67
51 75
51 80
51 89
51 104
51 108
51 129
51 137
51 145
52 53
52 75
52 85
52 86
52 87
52 109
52 117
52 122
52 132
52 138
52 144
53 54
53 67
53 76
53 80
53 95
53 99
53 119
53 124
53 127
53 132
53 137
54 55
54 57
54 59
54 60
54 63
54 68
54 78
54 85
54 91
54 117
54 130
54 132
54 135
54 149
55 56
55 69
55 71
55 72
55 73
55 75
55 87
55 89
55 95
55 100
55 112
55 128
55 136
55 140
55 148
55 149
56 57
56 58
56 61
56 62
56 68
56 71
56 73
56 79
56 86
56 101
56 106
56 117
56 118
56 148
57 58
57 77
57 81
57 96
57 106
57 113
57 119
57 127
57 129
57 137
57 138
57 140
57 141
57 146
58 59
58 67
58 70
58 73
58 93
58 94
58 106
58 115
58 139
59 60
59 73
59 79
59 90
59 91
59 98
59 103
59 113
59 114
59 119
59 143
59 146
60 61
60 71
60 91
60 110
60 111
60 114
60 118
60 120
60 121
60 123
60 140
60 141
60 142
60 149
61 62
61 67
61 86
61 98
61 99
61 115
61 139
61 140
61 142
61 147
61 149
62 63
62 64
62 81
62 83
62 88
62 117
62 141
62 142
62 143
63 64
63 70
63 72
63 85
63 86
63 89
63 99
63 101
63 121
63 125
63 127
63 128
63 133
63 143
64 65
64 67
64 68
64 70
64 74
64 81
64 93
64 106
64 107
64 116
64 121
64 122
64 132
64 137
64 139
64 144
65 66
65 75
65 78
65 82
65 101
65 113
65 126
65 129
66 67
66 85
66 86
66 96
66 106
66 110
66 125
66 127
66 135
67 68
67 70
67 71
67 77
67 81
67 82
67 98
67 100
67 103
67 104
67 117
67 134
67 136
67 140
68 69
68 71
68 74
68 76
68 77
68 84
68 94
68 103
68 113
68 116
68 117
68 121
68 129
68 134
69 70
69 76
69 77
69 78
69 80
69 101
69 103
69 107
69 109
69 111
69 113
69 114
69 122
69 129
69 143
70 71
70 77
70 100
70 102
70 103
70 104
70 133
70 134
70 138
70 148
71 72
71 77
71 87
71 91
71 116
71 119
71 129
71 134
71 139
72 73
72 140
72 143
73 74
73 88
73 89
73 90
73 92
73 102
73 105
73 110
73 126
73 132
73 139
74 75
74 82
74 105
74 106
74 113
74 119
74 120
74 121
74 123
74 137
74 140
74 144
74 147
74 148
75 76
75 100
75 118
75 123
75 129
75 136
75 147
76 77
76 80
76 85
76 106
76 108
76 113
76 124
76 139
76 141
76 146
77 78
77 79
77 93
77 102
77 103
77 106
77 137
78 79
78 91
78 95
78 99
78 108
78 122
78 126
78 129
78 130
78 144
78 148
79 80
79 84
79 101
79 105
79 120
79 124
79 126
79 131
79 142
80 81
80 83
80 86
80 87
80 113
80 114
80 122
81 82
81 85
81 86
81 89
81 109
81 119
81 132
81 135
81 145
81 148
82 83
82 90
82 91
82 102
82 103
82 124
82 130
82 142
83 84
83 85
83 98
83 103
83 105
83 113
83 115
83 117
83 121
83 129
83 132
83 138
83 139
83 140
83 148
84 85
84 92
84 93
84 94
84 98
84 105
84 116
84 127
84 133
85 86
85 90
85 104
85 112
85 115
85 131
86 87
86 89
86 115
86 123
86 125
86 139
87 88
87 103
87 115
87 127
87 134
87 137
87 139
87 143
88 89
88 98
88 116
88 139
88 145
88 146
89 90
89 108
89 114
89 122
89 132
89 139
89 148
90 91
90 93
90 100
90 114
90 119
90 121
90 123
90 131
90 137
90 141
90 142
91 92
91 94
91 108
91 109
91 125
91 127
91 128
91 140
91 145
92 93
92 99
92 105
92 108
92 109
92 112
92 117
92 127
92 139
92 143
92 147
93 94
93 100
93 121
93 125
93 128
93 148
94 95
94 106
94 129
95 96
95 107
95 122
95 132
95 136
95 141
96 97
96 108
96 113
96 117
96 136
97 98
97 99
97 113
97 114
98 99
98 102
98 104
98 106
98 112
98 129
98 131
98 135
98 146
98 148
99 100
99 103
99 113
99 136
99 142
100 101
100 111
100 113
100 119
100 128
100 132
101 102
101 103
101 104
101 107
101 122
101 128
101 133
102 103
102 105
102 107
102 120
102 125
102 126
102 140
102 142
102 143
103 104
103 107
103 108
103 114
103 139
103 142
104 105
104 106
104 127
104 129
104 133
104 140
105 106
105 112
105 114
105 135
105 139
105 140
106 107
106 115
106 116
106 118
106 130
106 147
107 108
107 109
107 113
107 114
107 116
107 148
108 109
108 132
108 134
108 143
109 110
109 126
109 127
109 128
109 129
109 136
109 139
109 145
109 147
110 111
110 112
110 120
110 121
110 124
110 129
110 135
110 141
110 146
110 148
111 112
111 114
111 129
111 143
112 113
112 119
112 120
112 126
112 133
112 134
112 138
112 140
113 114
113 116
113 118
113 119
113 121
113 124
113 127
113 140
114 115
114 123
114 139
115 116
115 118
115 121
115 135
115 136
115 140
115 146
115 148
116 117
116 142
117 118
117 123
117 124
117 145
118 119
118 120
118 121
118 123
118 127
118 132
118 133
118 134
118 137
118 140
118 148
119 120
119 125
119 129
119 130
119 139
119 140
119 141
119 142
120 121
121 122
121 125
121 129
121 130
121 137
122 123
122 130
122 139
122 141
122 145
122 147
123 124
123 131
123 134
123 139
123 143
123 149
124 125
124 141
124 145
124 148
125 126
125 129
125 139
125 144
126 127
126 129
126 130
126 135
126 143
127 128
127 132
127 141
127 144
128 129
129 130
129 136
129 140
129 141
129 144
129 146
130 131
130 135
130 149
131 132
131 139
132 133
132 139
132 142
132 144
133 134
133 136
133 137
133 142
134 135
134 142
134 143
134 148
135 136
135 142
135 146
136 137
136 141
137 138
137 139
137 144
137 147
138 139
138 147
139 140
140 141
141 142
142 143
143 144
144 145
145 146
145 148
146 147
147 148
147 149
148 149
