0 49.87537097303466
1 112.91172927766422
2 59.69135571595398
3 66.6684828671895
4 23.854532366755613
5 110.93790766742644
6 110.78846064325467
7 53.63883314145325
8 46.53492004294786
9 116.63139956322806
10 47.79759373363011
11 69.55657956648244
12 112.62994845922225
13 94.91205373170392
14 40.43983282230488
15 41.47948206119783
16 42.80292456569497
17 92.76504386885546
18 49.039770502986414
19 39.78339349235529
20 21.339172501871822
21 104.18360557801002
22 115.68926633698563
23 98.32585033541143
24 50.854684840400225
25 37.47317781456125
26 48.523482637366456
27 78.83048366521146
28 55.514082389321715
29 59.871158642226504
30 52.1151848240095
31 40.432823426857
32 39.32832283571931
33 29.690398736999494
34 108.65342394020408
35 49.644422295265414
36 59.325246586932884
37 64.57349262351806
38 94.3579265294566
39 93.43370978060616
40 104.73370839255377
41 35.94877984585121
42 23.490618368805933
43 38.68828816149206
44 82.79469335946644
45 24.407929875829034
46 48.36089874727922
47 115.01490016975157
48 99.41047964513692
49 118.47885587143597
50 107.88141056347445
51 84.64963326857497
52 88.56556805964578
53 90.14660858521414
54 109.51627048646716
55 103.19232421908822
56 88.30074357404692
57 34.47883682761667
58 49.87377200898239
59 67.94560084977806
60 82.99430257440615
61 117.84127103549335
62 27.73084134136084
63 96.83034287287607
64 31.802120463269894
65 39.44262579183622
66 79.93661388827256
67 80.16575841725268
68 81.33091543867663
69 74.32719445933883
70 75.42767871852936
71 100.04370998486002
72 116.96670252864975
73 32.437331715593416
74 35.49768779219403
75 117.59331126171804
76 41.75307192988283
77 37.9969236368707
78 109.49919641243018
79 87.12319634811756
80 84.31162550757598
81 106.22085391225502
82 24.315730327419963
83 67.9453204527297
84 28.019532338770667
85 70.23437238916716
86 43.22726444809257
87 69.62552647924565
88 22.506804850795053
89 90.0901808067379
90 115.20243949188031
91 84.47251549060957
92 85.50860953410013
93 57.89997324533287
94 69.18597624438418
95 32.26826096253435
96 28.20550624893216
97 98.35103547331165
98 109.6099515258419
99 66.55937259991063
100 40.40725284093894
101 52.25746850756334
102 99.14271740534137
103 69.27020984858757
104 53.283366954659876
105 22.299465097515075
106 72.59940685302713
107 90.96506148147643
108 56.81640691725315
109 54.732975054191726
110 111.97315250736744
111 77.7780523813478
112 86.75148175374653
113 28.606043396281258
114 26.706253703336277
115 62.84586222256882
116 111.53824253195687
117 24.896954103116578
118 25.60574215228316
119 90.01974333257898
120 43.60919463283642
121 51.99326748604512
122 37.217892187667516
123 80.69973490333692
124 71.31090122359576
125 111.05971007995812
126 34.01143124094947
127 50.82537451224145
128 57.90220329167219
129 95.09679960647738
130 42.37931710215469
131 34.37361156160366
132 82.25637383962628
133 28.871017775845516
134 75.2541363836665
135 72.1560590678263
136 102.25161829266968
137 73.40116722711491
138 107.04234211574922
139 80.27405952663068
140 106.30714822994265
141 38.31456526911737
142 21.617633913991
143 21.2815361983477
144 81.11959070107812
145 68.14055629831225
146 103.27406883387265
147 62.92194613354032
148 64.37722299781394
149 94.48775144613529
0 1
0 8
0 15
0 16
0 24
0 31
0 61
0 68
0 74
0 75
0 83
0 87
0 91
0 100
0 103
0 108
0 113
0 120
0 123
0 126
0 136
0 139
0 144
1 2
1 10
1 14
1 22
1 23
1 24
1 28
1 60
1 84
1 85
1 87
1 101
1 105
1 117
1 118
1 129
1 131
1 134
1 136
1 137
1 139
1 143
2 3
2 8
2 14
2 24
2 32
2 44
2 45
2 57
2 60
2 61
2 63
2 69
2 71
2 88
2 95
2 114
2 123
2 124
2 128
2 137
3 4
3 11
3 13
3 15
3 35
3 37
3 42
3 57
3 59
3 61
3 79
3 128
3 135
3 137
3 139
3 141
3 142
4 5
4 6
4 13
4 16
4 17
4 23
4 37
4 39
4 42
4 48
4 50
4 54
4 65
4 68
4 76
4 83
4 89
4 107
4 142
4 144
5 6
5 14
5 20
5 26
5 27
5 28
5 37
5 46
5 49
5 61
5 72
5 80
5 86
5 102
5 122
5 146
6 7
6 14
6 17
6 20
6 29
6 35
6 47
6 58
6 71
6 74
6 81
6 86
6 96
6 104
6 109
6 118
6 136
6 142
7 8
7 9
7 39
7 47
7 54
7 62
7 86
7 97
7 106
7 110
7 114
7 121
7 128
7 134
8 9
8 11
8 26
8 30
8 42
8 45
8 59
8 65
8 73
8 84
8 85
8 86
8 97
8 103
8 110
8 125
8 126
8 127
8 132
8 137
8 143
9 10
9 11
9 18
9 19
9 26
9 29
9 37
9 38
9 40
9 43
9 47
9 48
9 50
9 63
9 70
9 84
9 108
9 110
9 115
9 120
9 127
9 142
9 145
10 11
10 23
10 26
10 30
10 33
10 46
10 48
10 54
10 55
10 59
10 81
10 93
10 95
10 97
10 103
10 105
10 107
10 118
10 122
10 125
11 12
11 16
11 20
11 31
11 40
11 72
11 80
11 82
11 83
11 87
11 93
11 98
11 99
11 100
11 107
11 117
11 126
11 129
12 13
12 22
12 43
12 46
12 51
12 60
12 62
12 64
12 82
12 92
12 98
12 104
12 105
12 124
12 125
12 144
12 145
12 147
12 149
13 14
13 15
13 21
13 24
13 31
13 40
13 48
13 50
13 51
13 57
13 58
13 78
13 88
13 101
13 102
13 104
13 105
13 121
13 128
13 133
13 147
14 15
14 28
14 33
14 73
14 79
14 87
14 103
14 109
14 129
14 135
14 138
14 144
15 16
15 18
15 20
15 35
15 39
15 45
15 62
15 63
15 76
15 89
15 92
15 94
15 101
15 104
15 115
15 142
15 146
16 17
16 26
16 54
16 64
16 65
16 76
16 79
16 106
16 111
16 118
16 131
17 18
17 37
17 41
17 45
17 78
17 105
17 111
17 113
17 125
17 140
18 19
18 24
18 29
18 38
18 42
18 58
18 80
18 103
18 109
18 138
18 140
19 20
19 21
19 29
19 40
19 43
19 44
19 64
19 65
19 71
19 80
19 87
19 90
19 97
19 100
19 101
19 106
19 134
20 21
20 25
20 33
20 37
20 41
20 45
20 46
20 60
20 69
20 81
20 85
20 92
20 99
20 100
20 105
20 112
20 114
20 127
20 145
20 149
21 22
21 34
21 36
21 37
21 46
21 60
21 77
21 82
21 84
21 97
21 115
21 121
21 128
21 135
21 143
22 23
22 40
22 41
22 45
22 52
22 54
22 73
22 95
22 106
22 115
22 120
22 122
22 125
22 137
22 138
23 24
23 31
23 37
23 57
23 62
23 63
23 87
23 98
23 100
23 102
23 108
23 139
23 143
23 147
24 25
24 42
24 46
24 49
24 57
24 66
24 81
24 85
24 111
24 121
24 127
24 131
24 146
25 26
25 27
25 29
25 39
25 41
25 46
25 50
25 77
25 80
25 82
25 88
25 89
25 96
25 103
25 111
25 114
25 116
25 127
25 139
25 144
26 27
26 33
26 35
26 38
26 44
26 47
26 58
26 64
26 77
26 81
26 87
26 89
26 93
26 118
26 121
26 124
26 148
27 28
27 35
27 36
27 40
27 51
27 61
27 66
27 69
27 72
27 78
27 79
27 93
27 106
27 114
27 121
27 137
27 144
27 149
28 29
28 30
28 41
28 46
28 63
28 67
28 71
28 91
28 98
28 106
28 121
28 123
28 124
28 128
28 131
28 132
28 144
29 30
29 31
29 34
29 41
29 58
29 65
29 72
29 123
29 135
29 142
30 31
30 33
30 40
30 49
30 56
30 69
30 80
30 90
30 91
30 97
30 105
30 106
30 110
30 111
30 129
31 32
31 38
31 42
31 43
31 46
31 51
31 65
31 69
31 71
31 72
31 74
31 75
31 90
31 91
31 98
31 102
31 103
31 109
31 114
31 116
31 121
31 125
31 128
31 133
31 136
31 141
32 33
32 40
32 46
32 48
32 58
32 66
32 79
32 81
32 82
32 85
32 88
32 90
32 93
32 98
32 112
32 117
32 123
32 134
32 138
33 34
33 37
33 42
33 55
33 67
33 73
33 79
33 89
33 90
33 91
33 96
33 103
33 108
33 142
34 35
34 37
34 38
34 40
34 42
34 49
34 63
34 80
34 81
34 83
34 89
34 103
34 108
34 109
34 111
34 114
34 121
34 126
34 132
34 141
34 144
34 145
35 36
35 40
35 52
35 61
35 80
35 82
35 88
35 99
35 103
35 109
35 111
35 114
35 125
35 128
36 37
36 43
36 50
36 54
36 59
36 63
36 81
36 102
36 110
36 115
36 119
36 131
36 137
36 139
36 140
36 144
36 149
37 38
37 61
37 71
37 72
37 80
37 85
37 86
37 95
37 108
37 121
38 39
38 44
38 45
38 48
38 55
38 66
38 69
38 72
38 74
38 80
38 85
38 93
38 97
38 99
38 116
38 119
38 132
38 143
39 40
39 43
39 51
39 64
39 68
39 78
39 91
39 93
39 98
39 99
39 113
39 121
39 122
39 127
39 139
40 41
40 42
40 55
40 56
40 69
40 74
40 76
40 77
40 116
40 119
40 126
40 132
40 142
40 144
41 42
41 45
41 52
41 73
41 74
41 97
41 104
41 113
41 115
41 125
41 129
41 131
41 133
41 140
41 145
41 148
42 43
42 50
42 51
42 57
42 58
42 63
42 77
42 81
42 82
42 83
42 102
42 108
42 115
42 119
42 136
42 138
42 144
42 146
43 44
43 60
43 62
43 68
43 78
43 90
43 104
43 112
43 141
43 142
44 45
44 71
44 77
44 115
44 122
44 123
44 127
44 128
44 129
44 133
44 139
44 144
44 147
45 46
45 64
45 66
45 71
45 99
45 107
45 113
45 118
45 131
45 134
45 144
46 47
46 49
46 62
46 71
46 73
46 80
46 86
46 91
46 93
46 103
46 105
46 109
46 123
46 128
46 129
47 48
47 75
47 82
47 90
47 95
47 98
47 100
47 102
47 103
47 110
47 123
47 130
47 131
47 135
47 139
48 49
48 54
48 63
48 73
48 82
48 84
48 88
48 114
48 134
48 136
48 138
49 50
49 51
49 62
49 71
49 76
49 94
49 99
49 104
49 112
49 114
49 117
49 143
49 144
49 146
49 148
50 51
50 56
50 64
50 74
50 81
50 83
50 88
50 92
50 93
50 94
50 95
50 115
50 131
50 136
50 139
50 143
51 52
51 53
51 54
51 57
51 59
51 63
51 74
51 76
51 78
51 79
51 91
51 93
51 97
51 98
51 100
51 105
51 126
51 136
51 138
51 149
52 53
52 71
52 78
52 92
52 93
52 97
52 101
52 105
52 120
52 127
53 54
53 68
53 76
53 83
53 93
53 110
53 122
53 123
53 139
53 145
53 148
54 55
54 61
54 94
54 101
54 105
54 106
54 108
54 110
54 129
54 136
54 140
55 56
55 67
55 85
55 87
55 112
55 121
55 141
56 57
56 59
56 63
56 65
56 74
56 83
56 103
56 107
56 112
56 125
56 145
56 148
56 149
57 58
57 66
57 72
57 75
57 77
57 103
57 114
57 117
57 133
57 138
58 59
58 61
58 65
58 67
58 78
58 81
58 82
58 89
58 104
58 105
58 107
58 121
58 125
58 133
58 136
58 142
59 60
59 62
59 68
59 71
59 89
59 92
59 114
59 115
59 122
59 127
59 129
60 61
60 66
60 69
60 80
60 87
60 96
60 101
60 107
60 108
60 120
60 123
60 132
60 142
60 143
60 149
61 62
61 68
61 71
61 74
61 84
61 86
61 99
61 108
61 113
61 115
61 126
61 134
61 146
62 63
62 72
62 96
62 109
62 126
62 127
62 137
63 64
63 81
63 85
63 88
63 92
63 99
63 102
63 127
63 133
63 135
63 136
63 137
64 65
64 77
64 80
64 89
64 92
64 103
64 115
64 118
64 123
64 132
65 66
65 77
65 79
65 80
65 85
65 99
65 108
65 121
65 134
65 146
66 67
66 70
66 74
66 76
66 81
66 84
66 89
66 95
66 98
66 100
66 110
66 121
66 131
66 149
67 68
67 79
67 83
67 103
67 116
67 127
67 131
67 132
67 147
68 69
68 75
68 80
68 82
68 101
68 104
68 109
68 118
68 120
68 126
68 127
68 128
68 139
68 142
69 70
69 86
69 95
69 96
69 98
69 100
69 102
69 103
69 106
69 113
69 121
69 131
69 136
69 141
70 71
70 108
70 109
70 119
70 125
70 127
70 130
70 139
71 72
71 74
71 95
71 100
71 104
71 112
71 118
71 123
71 124
71 127
71 144
71 147
71 149
72 73
72 75
72 86
72 87
72 98
72 99
72 105
72 119
72 129
72 139
72 149
73 74
73 77
73 82
73 85
73 109
73 113
73 117
73 131
73 141
74 75
74 81
74 89
74 90
74 98
74 109
74 117
74 124
74 127
74 141
74 143
75 76
75 98
75 113
75 119
75 123
75 126
75 130
75 144
76 77
76 81
76 83
76 89
76 91
76 92
76 94
76 127
76 130
76 139
76 146
77 78
77 87
77 94
77 98
77 100
77 102
77 121
77 124
77 128
77 139
78 79
78 81
78 92
78 96
78 97
78 122
78 126
78 127
78 142
79 80
79 84
79 87
79 93
79 122
79 129
79 130
79 149
80 81
80 88
80 95
80 99
80 127
80 149
81 82
81 91
81 98
81 101
81 105
81 119
81 121
81 122
81 131
81 137
81 139
81 148
82 83
82 87
82 94
82 97
82 100
82 122
82 141
82 143
82 145
82 146
83 84
83 92
83 110
83 113
83 127
83 129
83 138
83 144
84 85
84 94
84 100
84 109
84 117
84 125
84 127
84 136
84 137
84 139
85 86
85 88
85 97
85 99
85 102
85 117
85 121
85 125
85 136
85 140
86 87
86 88
86 109
86 136
86 138
86 143
87 88
87 96
87 115
87 116
87 130
87 135
88 89
88 105
88 124
88 127
88 132
88 137
89 90
89 113
89 114
89 122
89 125
89 129
89 140
89 141
89 142
90 91
90 100
90 116
90 117
90 122
90 127
90 147
90 148
91 92
91 95
91 112
91 113
91 118
91 122
91 128
91 131
92 93
92 99
92 100
92 111
92 112
92 114
92 117
92 124
92 127
92 136
92 140
93 94
93 98
93 101
93 112
93 115
93 139
93 141
93 143
93 144
93 145
93 149
94 95
94 102
94 103
94 114
94 115
94 117
94 118
94 119
94 121
95 96
95 103
95 112
95 129
95 131
95 145
96 97
96 100
96 112
96 118
96 130
97 98
97 101
97 107
97 111
97 134
97 137
97 141
97 148
98 99
98 109
99 100
99 108
99 112
99 121
99 137
99 146
100 101
100 115
100 126
100 130
100 135
100 141
100 146
100 148
101 102
101 103
101 112
101 119
101 122
101 128
101 133
102 103
102 106
102 109
102 114
102 143
102 144
102 149
103 104
103 112
103 127
103 132
103 143
104 105
104 131
104 134
104 138
104 140
105 106
105 109
105 123
105 132
105 139
106 107
106 111
106 113
106 123
106 129
106 141
106 146
106 149
107 108
107 110
108 109
108 110
108 138
108 143
109 110
109 132
109 136
109 137
109 141
109 145
109 148
109 149
110 111
110 114
110 118
110 119
110 144
110 146
111 112
111 118
111 125
111 126
111 129
111 133
111 148
112 113
112 114
112 142
113 114
113 119
113 126
113 129
114 115
114 126
114 134
114 136
114 147
114 148
115 116
115 127
115 138
115 146
116 117
116 123
116 130
116 131
116 136
116 146
117 118
117 120
117 121
117 126
117 127
118 119
118 123
119 120
119 131
119 135
119 140
119 145
120 121
120 134
120 144
120 145
120 148
121 122
122 123
122 126
122 127
122 130
122 145
122 146
123 124
123 128
123 130
123 133
123 138
123 148
124 125
124 138
125 126
125 137
125 142
126 127
126 146
127 128
127 130
127 134
127 139
127 141
127 148
128 129
128 132
128 143
128 147
128 149
129 130
129 131
129 132
129 141
130 131
131 132
131 146
131 148
132 133
132 135
132 137
132 139
132 140
133 134
134 135
134 137
134 145
134 148
135 136
135 141
135 149
136 137
137 138
137 146
138 139
138 144
139 140
139 141
139 148
140 141
141 142
142 143
142 145
143 144
143 145
144 145
145 146
145 148
146 147
147 148
147 149
148 149
