0 44.621082374212136
1 31.051895150113992
2 97.92931238257536
3 40.48849924682628
4 102.2857609337729
5 71.28215176060138
6 110.977590388224
7 64.15470457158813
8 55.471692531702324
9 60.799490887837514
10 108.89542297582844
11 102.49684201318037
12 54.805223649206695
13 30.32388943723556
14 89.06183354763408
15 73.80385099930879
16 47.352848915038166
17 99.13305032852868
18 91.70580861984027
19 26.47568456837999
20 96.94025947061178
21 94.10594279034162
22 69.70088118337722
23 110.3458082283773
24 77.34289444351792
25 71.29862888655006
26 106.916336645847
27 51.37978528782038
28 62.789529531764735
29 76.72537973998537
30 118.59975254826765
31 39.90928449634188
32 90.31804840621845
33 93.27190426063879
34 93.9257790771039
35 91.87718540699484
36 96.74527974642582
37 34.04654174873242
38 95.63119863169112
39 45.010918496807534
40 39.36037254405485
41 58.97905006220498
42 114.56645280606433
43 107.40754468949133
44 93.92387666820103
45 111.10562846035101
46 88.02901049366939
47 84.70551940758786
48 86.15231279360924
49 91.73267325129045
50 29.90408648683879
51 73.83445211921787
52 53.5907463813203
53 119.55066124514693
54 87.92335807432454
55 26.275618509042946
56 53.62342495802636
57 47.77348627692781
58 38.76254671575093
59 51.832361372574645
60 30.345313698022718
61 45.507493009645486
62 55.2337974532308
63 55.100942846509035
64 28.11492870558894
65 84.80829429408693
66 31.489038563942742
67 71.14877437673007
68 92.83157358344032
69 113.26245749505809
70 31.935578945206338
71 94.34845305569276
72 33.32771827783844
73 33.43496015831015
74 37.475416760135985
75 74.88228918210663
76 24.739930081631716
77 55.15229636498455
78 98.71485600907118
79 91.12357443138723
80 23.319424388964208
81 34.3449581176035
82 69.95120247093439
83 92.91714067063921
84 27.86591454708958
85 63.05198636405265
86 90.02844300214285
87 50.72320151856401
88 66.81619369628726
89 29.194124513447395
90 96.56399338577988
91 38.654871934596
92 111.99141174985117
93 21.851087711610756
94 108.58374634391248
95 25.631173106481413
96 20.104781068620284
97 118.03227079973188
98 89.26280766470913
99 48.18373131991218
100 81.35402875533518
101 50.30925463862675
102 105.25446571266629
103 90.89677182783112
104 110.77058899483316
105 21.182235153983623
106 32.00007106270705
107 106.02645159527728
108 52.470216520582994
109 99.68151358568933
110 115.44773528703692
111 62.536929597344454
112 79.54728288701844
113 108.45904022486401
114 89.76780045479092
115 26.607027847611
116 63.07777985308556
117 85.50392985369794
118 67.93829197049519
119 40.6027221491446
120 52.54359948425085
121 83.61975340687295
122 67.48366252824113
123 85.57709170558101
124 56.963396849744925
125 52.930331555072065
126 107.1853085732694
127 83.5508033598854
128 41.11297636627664
129 36.934686638857166
130 112.24250333442168
131 20.142560331616657
132 54.44076334558375
133 101.01064534689876
134 95.14753178882583
135 45.56040359515672
136 91.63164287992736
137 103.77056713498688
138 37.44898052794866
139 42.53112723669186
140 43.24502595806168
141 116.30153738076542
142 83.61231004027486
143 33.436485396726
144 32.45075950940041
145 92.07627804683821
146 72.34692155279802
147 35.74126367257605
148 49.60904996621222
149 91.19994151784483
0 1
0 31
0 55
0 60
0 66
0 69
0 72
0 88
0 89
0 103
0 137
0 142
0 144
1 2
1 5
1 11
1 13
1 46
1 50
1 64
1 72
1 81
1 120
1 122
1 144
2 3
2 15
2 58
2 69
2 71
2 90
2 124
2 127
2 143
3 4
3 9
3 26
3 41
3 42
3 50
3 64
3 81
3 88
3 92
3 100
3 122
3 147
4 5
4 33
4 75
4 102
4 116
4 122
4 124
5 6
5 25
5 52
5 62
5 67
5 81
5 98
5 116
5 147
5 149
6 7
6 31
6 69
6 77
6 136
7 8
7 19
7 43
7 111
7 123
7 138
7 144
8 9
8 13
8 21
8 25
8 51
8 59
8 72
8 83
8 84
8 94
8 104
8 117
8 119
8 132
8 143
9 10
9 24
9 53
9 69
9 76
9 98
9 100
9 141
9 143
10 11
10 15
10 103
10 128
10 148
11 12
11 32
11 39
11 61
11 77
11 85
11 86
11 99
11 103
11 115
11 121
11 123
11 134
12 13
12 40
12 47
12 83
12 87
12 98
12 100
12 129
13 14
13 24
13 33
13 68
13 74
13 88
14 15
14 33
14 35
14 38
14 55
14 74
14 88
14 95
14 99
14 126
14 140
14 145
14 147
15 16
15 27
15 43
15 50
15 53
15 68
15 82
15 98
15 132
15 141
16 17
16 24
16 43
16 50
16 55
16 70
16 96
16 99
16 108
16 115
16 124
16 133
17 18
17 49
17 63
17 82
17 120
17 125
17 130
17 142
18 19
18 25
18 29
18 57
18 60
18 66
18 67
18 74
18 80
18 89
18 91
18 94
18 125
18 130
18 137
19 20
19 22
19 23
19 43
19 53
19 82
19 85
19 87
19 102
19 103
19 107
19 120
19 122
19 136
19 141
20 21
20 22
20 25
20 40
20 43
20 79
20 83
20 87
20 93
20 114
20 135
21 22
21 23
21 42
21 53
21 55
21 81
21 90
21 99
21 100
21 116
22 23
22 49
22 54
22 55
22 107
22 109
22 142
23 24
23 44
23 45
23 49
23 73
23 114
23 115
23 144
24 25
24 52
24 59
24 101
24 109
24 119
24 130
25 26
25 40
25 46
25 55
25 58
25 81
25 94
25 105
25 120
25 130
26 27
26 70
26 75
26 107
26 139
27 28
27 62
27 87
27 93
27 102
27 105
27 118
27 121
27 137
28 29
28 35
28 39
28 41
28 42
28 86
28 90
28 131
29 30
29 35
29 36
29 57
29 67
29 99
29 114
29 119
29 126
30 31
30 94
30 109
30 111
30 115
30 130
31 32
31 51
31 62
31 93
31 97
31 102
31 118
31 135
32 33
32 41
32 46
32 48
32 64
32 91
32 93
32 94
32 109
32 110
32 112
32 136
33 34
33 44
33 50
33 52
33 64
33 81
33 104
33 125
33 139
33 145
34 35
34 66
34 69
34 73
34 114
34 126
34 127
34 135
34 136
34 143
35 36
35 83
35 89
35 117
35 124
36 37
36 84
36 98
37 38
37 80
37 98
37 106
37 123
37 130
38 39
38 52
38 102
38 129
38 137
39 40
39 65
39 83
39 85
39 99
39 108
39 109
40 41
40 50
40 64
40 72
40 89
40 104
40 116
40 129
40 133
40 134
40 135
40 141
41 42
41 43
41 48
41 57
41 65
41 97
41 131
41 145
42 43
42 45
42 56
42 64
42 70
42 105
42 119
42 120
42 127
42 139
43 44
43 48
43 71
43 89
43 100
43 133
43 140
44 45
44 47
44 59
44 76
44 80
44 94
44 114
44 129
44 132
44 139
45 46
45 47
45 48
45 74
45 83
45 101
45 107
45 132
45 142
46 47
46 74
46 96
46 103
46 109
46 124
46 129
46 135
46 144
47 48
47 61
47 72
47 82
47 102
47 128
47 130
47 142
48 49
48 59
48 62
48 69
48 72
48 82
48 91
48 95
48 107
48 123
48 124
48 126
48 133
49 50
49 64
49 78
49 82
49 85
49 86
49 89
49 103
49 116
49 128
49 137
49 149
50 51
50 65
50 91
50 102
50 105
50 106
50 139
50 144
51 52
51 64
51 69
51 87
51 116
51 135
52 53
52 58
52 85
52 87
52 98
52 108
52 110
53 54
53 68
53 70
53 73
53 108
53 128
53 130
54 55
54 66
54 73
54 75
54 78
54 93
54 101
54 115
54 137
54 148
55 56
55 58
55 60
55 79
55 102
55 105
55 123
55 132
55 142
56 57
56 67
56 71
56 104
56 112
56 121
56 128
56 133
56 136
56 140
57 58
57 62
57 75
57 79
57 91
57 111
57 143
58 59
58 62
58 81
58 98
58 99
58 137
59 60
59 66
59 95
59 104
59 105
59 110
59 130
60 61
60 69
60 73
60 78
60 98
60 112
60 126
60 131
60 132
60 149
61 62
61 78
61 84
61 98
61 104
61 107
61 117
61 149
62 63
62 78
62 89
62 114
62 120
62 133
63 64
63 65
63 68
63 81
63 132
63 136
63 140
63 147
64 65
64 68
64 71
64 78
64 82
64 98
64 118
64 119
64 123
64 137
65 66
65 72
65 105
65 107
65 120
65 132
65 149
66 67
66 72
66 75
66 78
66 80
66 91
66 96
66 108
66 115
66 118
66 120
66 126
66 137
66 139
67 68
67 74
67 94
67 124
67 129
67 130
67 135
67 143
67 144
67 145
67 148
68 69
68 87
68 94
68 102
68 108
68 120
68 121
69 70
69 85
69 96
69 102
69 112
69 140
69 142
69 143
69 144
70 71
70 83
70 86
70 89
70 95
70 105
70 108
70 118
70 133
71 72
71 79
71 84
71 101
71 113
71 135
72 73
72 76
72 122
72 146
73 74
73 78
73 85
73 87
73 90
73 96
73 97
73 122
73 140
73 145
74 75
74 93
74 110
74 114
74 127
74 136
74 148
75 76
75 94
76 77
76 95
76 101
76 105
76 124
76 135
77 78
77 95
77 131
77 140
78 79
78 82
78 85
78 119
78 122
78 135
79 80
79 82
79 90
79 93
79 101
79 104
79 118
79 127
79 132
79 149
80 81
80 84
80 97
80 112
80 124
80 139
81 82
81 105
81 124
81 135
81 147
82 83
82 98
82 140
82 141
83 84
83 85
83 93
83 120
83 140
83 148
84 85
84 101
84 120
84 130
84 137
84 145
85 86
85 99
85 106
86 87
86 93
86 119
86 121
87 88
87 103
87 104
87 108
87 131
88 89
88 100
88 109
89 90
89 106
89 117
89 120
89 124
89 136
89 143
90 91
90 94
90 121
90 126
90 130
91 92
91 111
91 112
91 127
92 93
92 107
92 110
92 128
92 129
93 94
93 148
94 95
94 119
94 137
94 139
95 96
95 111
95 113
95 131
96 97
96 132
96 137
96 140
97 98
97 136
97 145
97 147
98 99
98 102
98 106
98 119
98 127
98 138
99 100
99 120
99 125
100 101
100 102
100 104
100 126
100 128
101 102
101 118
101 127
101 144
102 103
102 135
103 104
103 118
103 132
103 148
104 105
104 112
104 128
104 134
104 149
105 106
105 122
105 123
105 124
105 132
105 146
106 107
106 127
107 108
107 113
107 127
107 128
107 144
108 109
108 113
108 119
109 110
109 137
109 148
110 111
111 112
111 127
111 131
111 135
111 148
112 113
112 114
112 128
112 137
113 114
113 137
114 115
114 121
114 125
114 126
114 145
115 116
115 117
116 117
116 129
116 133
117 118
117 132
117 135
118 119
118 126
118 130
119 120
119 121
120 121
121 122
121 136
121 141
121 148
122 123
123 124
123 128
123 134
123 141
123 149
124 125
124 146
125 126
126 127
127 128
128 129
129 130
129 143
130 131
131 132
132 133
133 134
133 149
134 135
134 149
135 136
135 137
135 146
136 137
136 144
136 145
137 138
137 140
137 142
138 139
138 143
139 140
140 141
141 142
141 147
142 143
142 148
143 144
144 145
144 148
145 146
145 149
146 147
147 148
148 149
