0 33.04719861700092
1 95.09451394295787
2 42.6377976866179
3 59.50266869991192
4 102.05557201621916
5 55.092237763172626
6 37.1681600544274
7 82.66194060057714
8 42.88833232831503
9 52.04856811046039
10 87.84094617988765
11 20.138382907732037
12 76.25878335180809
13 103.20979298902665
14 37.09627592964943
15 34.39225728236498
16 32.317148380405655
17 78.9060942116974
18 85.58962111595702
19 44.885471391209975
20 24.621575596335838
21 104.04915211039705
22 102.06031460478067
23 96.39899405721737
24 34.802602247334285
25 57.686630673040185
26 54.8081172393552
27 112.8476494136045
28 47.74347100717465
29 97.27677698272545
30 22.227205440723424
31 39.08558031380973
32 81.88381943396695
33 86.78772093598752
34 96.19454334180483
35 39.69956854296893
36 92.1644634582426
37 113.29250258500119
38 26.58233417936681
39 93.41630621588692
40 84.16612828318789
41 35.42227183521129
42 67.76182626723278
43 94.50363658246503
44 67.15512244831584
45 118.85646138198427
46 78.68845785583798
47 48.424659219180064
48 91.03414630874691
49 78.97021048170586
50 97.0059464809974
51 28.00752857261497
52 57.60654815523315
53 68.82563875280272
54 54.57962742137504
55 38.52267514113677
56 70.09751332474448
57 21.88507543692118
58 26.966955726629855
59 25.313049703948167
60 86.53581644180258
61 83.14065149964281
62 112.55575297794486
63 46.0019655532441
64 72.38493952109349
65 39.79615598454602
66 118.44848263799315
67 20.806951746384023
68 105.72250540803408
69 93.20340887800499
70 89.64341560581934
71 69.11698678070474
72 74.30213567892974
73 97.44682795180815
74 55.66127906533043
75 38.244345207356076
76 117.99197443300437
77 26.786277219508598
78 84.48857782156863
79 31.141239846394235
80 112.36932720292295
81 24.10968722097128
82 27.556480945609945
83 43.87531553054093
84 59.660979105339344
85 25.61333680820244
86 111.44679143227854
87 30.78697185926628
88 51.75390053800843
89 53.1191092663276
90 82.11418341429567
91 25.505389272487783
92 96.66127435916867
93 114.75440647060276
94 35.63655109816055
95 59.3790495576821
96 54.61384564953049
97 57.1618753454429
98 75.8529689712224
99 35.38044888325732
100 112.85681827180217
101 67.97242528547362
102 23.721402055115885
103 35.17358668370203
104 39.267636266575124
105 35.96648250408252
106 65.82600255380743
107 59.78674575365594
108 94.07019829260251
109 38.16483483607459
110 70.18642721262265
111 30.211987703176682
112 46.206121415457794
113 38.0317489663104
114 116.36932860498716
115 103.25662878162554
116 36.333925886916035
117 47.03957748792324
118 83.87476305670086
119 90.10100966424332
120 51.96210496087275
121 23.0353521857574
122 117.86798771440122
123 100.2705911817172
124 31.882198267736825
125 53.166339958693676
126 44.54971816431771
127 72.10948161226503
128 96.85320530812093
129 96.56293720658307
130 39.80557823445762
131 92.34630866956346
132 111.3987560626301
133 42.543658408357004
134 64.248187717414
135 51.97228558899246
136 117.61363994642662
137 73.79839610228215
138 65.36289758613682
139 33.405239707780694
140 46.03649295806089
141 110.82253890310095
142 113.19093111739127
143 74.79224980985668
144 100.93053071205003
145 53.81594943533753
146 79.8312730099491
147 111.3074616902748
148 37.724399229996195
149 31.32716552270876
0 1
0 5
0 6
0 8
0 35
0 53
0 69
0 75
0 89
0 114
0 129
0 130
0 139
0 146
1 2
1 4
1 8
1 18
1 21
1 34
1 37
1 40
1 50
1 54
1 89
1 110
1 115
1 120
1 136
2 3
2 7
2 11
2 18
2 22
2 28
2 31
2 43
2 58
2 81
2 89
2 108
2 109
2 119
2 120
2 131
2 134
2 142
3 4
3 5
3 29
3 34
3 43
3 72
3 102
3 134
3 146
4 5
4 13
4 25
4 29
4 43
4 44
4 47
4 48
4 49
4 50
4 67
4 95
4 100
4 143
5 6
5 13
5 30
5 44
5 120
5 121
5 132
6 7
6 28
6 30
6 36
6 42
6 56
6 59
6 73
6 74
6 80
6 87
6 93
6 114
6 116
6 141
7 8
7 10
7 31
7 75
7 81
7 87
7 89
7 100
7 102
7 122
7 124
7 128
7 132
7 135
7 138
7 144
8 9
8 24
8 36
8 42
8 50
8 52
8 63
8 66
8 85
8 101
8 105
8 106
8 127
8 139
8 142
9 10
9 23
9 29
9 33
9 34
9 46
9 55
9 57
9 93
9 118
9 139
10 11
10 17
10 20
10 23
10 41
10 54
10 92
10 103
10 114
10 116
10 122
10 146
10 147
11 12
11 21
11 22
11 31
11 33
11 34
11 46
11 48
11 61
11 117
12 13
12 26
12 30
12 32
12 46
12 52
12 61
12 69
12 71
12 74
12 80
12 86
12 102
12 104
12 114
12 126
12 130
12 141
12 143
13 14
13 15
13 35
13 38
13 66
13 77
13 86
13 88
13 107
13 113
13 116
13 121
13 138
14 15
14 23
14 24
14 71
14 78
14 79
14 83
14 84
14 111
14 114
14 116
14 127
14 142
14 148
15 16
15 28
15 43
15 52
15 68
15 70
15 86
15 91
15 92
15 98
15 112
15 114
15 117
15 126
15 129
15 136
16 17
16 31
16 47
16 92
16 100
16 103
16 114
16 123
16 125
16 126
16 138
16 145
17 18
17 32
17 36
17 44
17 53
17 59
17 62
17 67
17 71
17 74
17 79
17 110
17 115
17 127
18 19
18 25
18 28
18 57
18 60
18 65
18 83
18 89
18 91
18 109
18 123
18 146
19 20
19 46
19 48
19 70
19 72
19 76
19 104
19 122
19 125
19 126
20 21
20 23
20 32
20 46
20 66
20 78
20 90
20 104
20 129
21 22
21 30
21 34
21 45
21 67
21 72
21 89
21 105
21 131
21 137
21 140
22 23
22 34
22 37
22 41
22 68
22 75
22 115
22 118
22 129
22 132
22 140
23 24
23 36
23 41
23 72
23 76
23 84
23 105
23 111
23 139
24 25
24 46
24 47
24 78
24 81
24 90
24 107
24 109
24 116
24 134
25 26
25 46
25 56
25 63
25 67
25 86
25 87
25 93
25 106
25 115
25 126
25 127
25 133
25 134
25 143
26 27
26 28
26 55
26 65
26 67
26 69
26 72
26 83
26 92
26 98
26 105
26 106
26 110
26 111
26 112
26 114
26 117
26 118
26 130
26 137
26 138
26 141
27 28
27 53
27 61
27 62
27 67
27 76
27 82
27 101
27 106
27 110
27 121
27 135
28 29
28 45
28 62
28 77
28 92
28 112
28 116
28 129
28 133
28 138
28 146
28 148
28 149
29 30
29 33
29 38
29 41
29 47
29 57
29 60
29 66
29 77
29 87
29 93
29 95
29 100
29 106
29 108
29 130
29 138
29 143
30 31
30 36
30 50
30 58
30 75
30 85
30 115
30 121
30 148
31 32
31 60
31 69
31 71
31 98
31 110
31 119
31 120
31 126
31 134
32 33
32 55
32 85
32 106
32 114
32 119
32 127
32 129
33 34
33 71
33 81
33 87
33 88
33 92
33 104
33 106
33 107
33 115
33 130
33 132
33 137
34 35
34 38
34 50
34 65
34 82
34 85
34 87
34 91
34 133
34 145
35 36
35 42
35 46
35 55
35 58
35 60
35 67
35 73
35 75
35 79
35 82
35 84
35 85
35 92
35 96
35 100
35 107
35 109
35 110
35 126
35 132
35 135
35 137
35 147
36 37
36 41
36 45
36 46
36 49
36 53
36 60
36 69
36 75
36 76
36 84
36 97
36 118
36 128
36 132
36 135
36 149
37 38
37 47
37 48
37 58
37 67
37 69
37 98
37 102
37 107
37 119
37 124
37 127
37 142
37 143
38 39
38 53
38 69
38 96
38 116
38 123
38 132
39 40
39 44
39 49
39 63
39 68
39 73
39 82
39 87
39 101
39 122
39 129
39 131
40 41
40 48
40 57
40 74
40 77
40 96
40 102
41 42
41 45
41 47
41 50
41 58
41 62
41 65
41 80
41 109
41 114
41 120
41 124
41 127
41 131
41 134
41 135
42 43
42 53
42 54
42 63
42 67
42 71
42 73
42 74
42 94
42 105
42 106
42 115
42 118
42 119
42 130
42 138
42 141
42 142
43 44
43 46
43 71
43 88
43 95
43 100
43 107
43 109
43 111
43 123
43 132
44 45
44 50
44 57
44 61
44 75
44 80
44 86
44 88
44 92
44 103
44 110
44 128
44 143
45 46
45 56
45 57
45 58
45 66
45 72
45 94
45 96
45 138
45 143
46 47
46 57
46 68
46 74
46 79
46 98
46 130
46 137
47 48
47 59
47 69
47 79
47 81
47 93
47 94
47 98
47 101
47 104
47 121
47 124
47 145
48 49
48 50
48 63
48 84
48 85
48 96
48 97
48 113
48 115
48 128
48 137
48 142
48 149
49 50
49 52
49 61
49 65
49 70
49 78
49 106
49 107
49 108
49 112
49 113
49 127
49 133
49 134
49 136
50 51
50 59
50 84
50 115
50 125
50 128
50 141
51 52
51 76
51 83
51 107
51 118
51 135
51 143
51 147
52 53
52 67
52 71
52 74
52 75
52 76
52 95
52 98
52 105
52 145
52 146
52 149
53 54
53 81
53 100
53 103
53 104
53 105
53 118
53 125
53 130
53 136
53 141
53 146
53 147
53 148
54 55
54 64
54 66
54 75
54 85
54 86
54 106
54 116
54 119
55 56
55 62
55 69
55 71
55 75
55 78
55 91
55 117
55 130
55 139
55 143
56 57
56 92
56 94
56 96
56 104
56 113
56 116
56 117
56 121
56 123
56 125
56 146
57 58
57 64
57 87
57 92
57 94
57 120
57 123
57 144
58 59
58 79
58 83
58 92
58 103
58 106
58 121
58 140
58 144
58 148
59 60
59 98
59 115
59 133
59 140
59 147
60 61
60 63
60 89
60 101
60 109
60 125
60 134
60 140
60 143
61 62
61 65
61 74
61 78
61 89
61 93
61 94
61 106
61 109
61 144
61 147
62 63
62 73
62 75
62 89
62 107
62 112
62 118
62 119
62 136
62 142
62 145
63 64
63 68
63 84
63 88
63 93
63 98
63 114
63 115
63 117
63 124
63 127
63 130
64 65
64 87
64 90
64 123
64 127
64 129
64 139
64 142
65 66
65 82
65 104
65 121
65 135
66 67
66 82
66 87
66 101
66 128
66 147
66 149
67 68
67 86
67 97
67 111
67 115
67 121
67 140
68 69
68 74
68 103
68 105
68 121
68 122
68 123
68 138
68 139
68 140
68 141
68 146
69 70
69 78
69 101
69 105
69 111
69 114
69 125
69 126
70 71
70 80
70 85
70 96
70 109
70 124
70 127
70 139
71 72
71 73
71 91
71 105
71 111
71 121
71 129
71 131
71 147
72 73
72 78
72 103
72 121
72 140
72 146
72 147
73 74
73 86
73 88
73 92
73 107
73 111
73 114
73 125
73 127
73 129
73 134
73 136
74 75
74 92
74 110
74 127
74 136
75 76
75 82
76 77
76 97
76 108
76 114
77 78
77 82
77 87
77 92
77 117
77 136
77 137
77 147
78 79
78 87
78 88
78 90
78 92
78 93
78 108
78 109
78 119
78 123
78 128
78 129
78 130
78 137
79 80
79 82
79 90
79 102
79 103
79 108
79 109
79 116
79 117
79 135
79 144
79 149
80 81
80 93
80 101
80 120
80 136
81 82
81 83
81 84
81 105
81 113
81 114
81 120
81 129
82 83
82 88
82 97
82 100
82 124
82 133
82 137
82 140
82 144
83 84
83 88
83 97
83 107
83 108
83 120
83 128
83 137
83 144
84 85
84 115
84 116
84 126
84 134
84 138
84 141
85 86
85 88
85 107
85 108
85 117
85 131
85 134
85 136
85 142
86 87
86 91
86 113
86 119
86 125
86 132
86 139
86 141
86 143
87 88
87 91
87 98
87 106
87 114
87 115
87 116
87 135
88 89
88 100
88 110
88 112
88 114
88 116
88 118
88 121
89 90
89 95
89 118
89 136
89 148
90 91
90 93
90 100
90 103
90 112
90 128
90 140
90 143
90 149
91 92
91 100
91 114
91 127
91 130
91 148
91 149
92 93
92 100
92 102
92 105
92 109
92 127
92 136
93 94
93 96
93 98
93 105
93 110
93 116
93 124
94 95
94 104
95 96
95 103
95 138
95 147
96 97
96 102
96 116
96 124
96 141
96 148
97 98
97 111
97 128
97 139
97 149
98 99
98 130
98 131
98 138
98 141
99 100
99 101
99 115
99 116
99 136
99 140
99 147
100 101
100 113
100 116
100 124
100 132
100 142
101 102
101 108
101 119
101 128
101 131
102 103
102 130
102 135
103 104
103 107
103 128
103 140
104 105
104 112
104 116
104 135
105 106
105 108
105 117
105 118
106 107
106 111
106 142
107 108
107 112
107 115
107 117
107 126
107 146
108 109
108 112
108 121
108 126
108 130
108 140
108 144
108 145
109 110
109 116
109 117
109 121
109 122
109 125
109 133
109 144
110 111
110 125
110 139
111 112
111 113
111 142
111 148
112 113
112 133
112 144
112 146
113 114
113 129
114 115
114 116
114 117
114 119
114 139
115 116
115 123
115 134
116 117
116 140
116 147
117 118
117 125
117 131
117 142
118 119
118 121
118 124
118 130
119 120
119 124
119 131
119 149
120 121
120 144
120 146
120 147
121 122
121 137
121 142
121 146
122 123
122 124
122 128
122 135
122 144
123 124
123 143
124 125
124 137
124 148
125 126
125 134
125 136
126 127
126 134
126 139
126 141
127 128
127 130
127 134
127 136
128 129
128 132
129 130
129 137
129 147
130 131
130 137
131 132
131 149
132 133
132 146
132 148
133 134
134 135
134 141
134 144
134 149
135 136
136 137
137 138
138 139
139 140
139 143
140 141
140 143
141 142
142 143
142 144
143 144
143 149
144 145
145 146
146 147
147 148
148 149
