0 44.012323932312114
1 24.052491958136255
2 106.9906693101599
3 48.635890424319776
4 113.37278755335522
5 40.704585420578056
6 44.78297904660373
7 77.65301671876358
8 102.48182975364647
9 48.498778368322405
10 51.26711335887869
11 34.709444689365924
12 43.85091445393287
13 69.57820725642102
14 62.233777140067986
15 54.05651907031025
16 51.31777275138552
17 98.64230700775276
18 75.03611019565419
19 31.281041314953104
20 31.100119324974933
21 29.89269042192466
22 78.1100202897631
23 63.78191603746225
24 70.84173010886732
25 33.57553726375728
26 55.168103177926525
27 96.27698242113861
28 34.022082162679
29 26.410621863144026
30 97.34651969056547
31 60.9914595268611
32 80.94842006096128
33 84.20109606218934
34 26.994419134435994
35 45.245947142539464
36 109.52177973088727
37 52.04695861141925
38 35.330670776492425
39 115.35327693978383
40 59.06616154607451
41 117.83910748983419
42 62.852735831713524
43 75.04988255124954
44 48.732696655577406
45 28.08977054668414
46 106.16777921662643
47 39.12887096058334
48 28.33827461880448
49 41.65898703957575
50 117.82617208150546
51 58.50825281708642
52 103.97082755968171
53 36.56575450060147
54 76.77279002902885
55 41.65929682581621
56 63.29104888751553
57 107.8263352397453
58 46.19157904524026
59 79.13631535986656
60 66.18302988849368
61 20.141144961459226
62 102.80407827622774
63 92.89064950717591
64 85.2539180444594
65 108.25552556847137
66 117.09271895253342
67 100.11797093141486
68 77.65540814785604
69 49.94864850540753
70 87.45489014293511
71 102.57947424236919
72 44.79745061638232
73 71.85864600137123
74 82.9538896732713
75 86.65390034043273
76 89.74732869346593
77 86.73104435230606
78 29.1180787034752
79 46.81875743397018
80 113.45478829771594
81 102.18139877915719
82 79.14967316463142
83 25.82553997333707
84 100.41668395367279
85 85.69203570245207
86 48.93977011823655
87 98.5250629216157
88 31.99215466028185
89 118.31658123565386
90 58.44640721077264
91 113.1155663558851
92 31.302061103458993
93 20.445020329491253
94 114.27753825646253
95 43.52750715542136
96 87.49407081701348
97 86.9857872905282
98 88.73100855766337
99 99.72549927816772
100 29.127397564133773
101 26.45038818258119
102 99.07878383439575
103 88.89914796173684
104 116.5288836972895
105 58.67994872193773
106 67.54277889827749
107 119.83103933854827
108 101.1947895223015
109 89.33194816294217
110 47.194875949523166
111 95.1714409410426
112 56.660242766324544
113 45.74933421671582
114 31.92380318417492
115 41.915793387554785
116 119.73105297897003
117 28.46314919733601
118 29.646724532789648
119 89.07236724637072
120 93.57015096277901
121 105.33362605835691
122 67.10359332537985
123 113.32396423922532
124 54.85366701451556
125 51.21370298901398
126 111.85738704806792
127 38.428868155600796
128 76.0592145111631
129 115.02274534954289
130 42.533578558935176
131 92.17269761899178
132 20.921729327749855
133 78.24722066955218
134 71.8673399627919
135 95.87422967409084
136 96.18971365790611
137 54.138958457680765
138 28.787062020433567
139 85.76463663856987
140 46.037554479864646
141 65.26050127949587
142 35.54805333677017
143 43.000996701639
144 56.83711526237595
145 28.531013811288876
146 73.84029918814164
147 39.64137006141759
148 99.46451584423436
149 71.55510590791496
0 1
0 4
0 8
0 9
0 36
0 37
0 44
0 50
0 56
0 58
0 60
0 63
0 64
0 68
0 74
0 83
0 85
0 90
0 95
0 99
0 114
0 117
0 133
0 134
1 2
1 3
1 4
1 6
1 8
1 18
1 25
1 26
1 34
1 36
1 39
1 40
1 45
1 49
1 53
1 89
1 104
1 124
1 128
1 132
1 144
2 3
2 42
2 43
2 52
2 61
2 78
2 84
2 97
2 121
2 123
2 127
2 129
2 141
3 4
3 28
3 30
3 49
3 51
3 56
3 64
3 85
3 99
3 104
3 118
3 130
3 132
3 142
3 143
3 144
4 5
4 13
4 29
4 34
4 36
4 45
4 75
4 83
4 93
4 94
4 105
4 119
4 124
4 133
4 136
4 139
5 6
5 8
5 12
5 15
5 19
5 26
5 29
5 36
5 39
5 41
5 42
5 43
5 54
5 71
5 77
5 80
5 92
5 97
5 106
5 111
5 112
5 132
5 144
5 148
6 7
6 15
6 23
6 26
6 31
6 32
6 35
6 37
6 60
6 62
6 65
6 68
6 93
6 94
6 98
6 100
6 140
6 141
6 144
7 8
7 11
7 17
7 33
7 35
7 47
7 68
7 70
7 76
7 79
7 94
7 103
7 104
7 110
7 111
7 137
7 147
8 9
8 15
8 24
8 33
8 34
8 36
8 41
8 47
8 49
8 58
8 59
8 62
8 78
8 81
8 88
8 99
8 121
8 130
8 134
8 139
9 10
9 16
9 21
9 23
9 31
9 42
9 46
9 60
9 66
9 78
9 90
9 94
9 126
9 136
10 11
10 12
10 18
10 23
10 32
10 51
10 58
10 77
10 79
10 89
10 99
10 100
10 109
10 119
10 121
10 140
10 141
10 146
11 12
11 17
11 20
11 25
11 33
11 59
11 66
11 76
11 77
11 79
11 93
11 94
11 105
11 118
11 123
11 127
11 129
11 135
11 148
12 13
12 24
12 38
12 53
12 61
12 65
12 70
12 71
12 84
12 85
12 91
12 104
12 105
12 107
12 108
12 117
12 119
12 147
13 14
13 19
13 20
13 32
13 40
13 50
13 55
13 64
13 71
13 74
13 81
13 93
13 128
13 136
13 146
14 15
14 18
14 20
14 27
14 30
14 34
14 43
14 44
14 55
14 59
14 66
14 67
14 78
14 100
14 101
14 106
14 109
14 112
14 126
14 148
15 16
15 23
15 60
15 75
15 83
15 94
15 98
15 113
15 115
15 121
15 132
15 133
15 141
15 147
16 17
16 21
16 23
16 27
16 29
16 35
16 47
16 49
16 52
16 63
16 66
16 70
16 78
16 83
16 106
16 111
16 121
16 123
16 127
17 18
17 25
17 32
17 37
17 40
17 44
17 50
17 58
17 66
17 85
17 95
17 98
17 141
17 143
17 146
18 19
18 32
18 40
18 58
18 63
18 68
18 72
18 74
18 76
18 77
18 100
18 102
18 107
18 108
18 115
18 117
18 118
18 128
18 131
18 140
18 145
19 20
19 24
19 38
19 44
19 46
19 52
19 54
19 62
19 69
19 70
19 81
19 82
19 83
19 88
19 100
19 102
19 105
19 116
19 134
20 21
20 22
20 29
20 30
20 42
20 46
20 48
20 52
20 56
20 63
20 66
20 72
20 73
20 75
20 83
20 84
20 88
20 97
20 99
20 126
20 132
20 133
20 134
20 136
21 22
21 28
21 29
21 31
21 37
21 42
21 48
21 50
21 52
21 63
21 70
21 74
21 106
21 123
21 133
21 137
22 23
22 33
22 34
22 40
22 48
22 54
22 55
22 61
22 70
22 77
22 78
22 99
22 102
22 108
22 111
22 115
22 126
23 24
23 31
23 42
23 48
23 49
23 53
23 73
23 82
23 86
23 91
23 99
23 130
23 136
23 139
23 149
24 25
24 27
24 48
24 61
24 95
24 99
24 116
24 127
24 138
25 26
25 28
25 37
25 41
25 43
25 53
25 55
25 63
25 64
25 73
25 83
25 90
25 91
25 96
25 97
25 113
25 139
25 148
25 149
26 27
26 33
26 38
26 39
26 46
26 52
26 62
26 67
26 81
26 95
26 106
26 114
26 131
26 143
27 28
27 29
27 31
27 67
27 75
27 79
27 80
27 101
27 135
27 138
27 142
28 29
28 44
28 57
28 61
28 64
28 77
28 87
28 88
28 99
28 116
28 119
28 120
28 130
28 138
29 30
29 36
29 62
29 67
29 79
29 83
29 101
29 126
29 146
30 31
30 40
30 42
30 44
30 51
30 53
30 54
30 60
30 61
30 72
30 80
30 88
30 90
30 103
30 111
30 114
30 117
30 119
30 122
30 123
30 131
30 142
30 147
31 32
31 59
31 62
31 88
31 97
31 99
31 104
31 112
31 114
31 126
31 133
31 138
31 139
31 142
31 143
32 33
32 37
32 41
32 42
32 54
32 73
32 76
32 77
32 80
32 84
32 91
32 96
32 101
32 125
32 136
32 141
32 146
33 34
33 52
33 71
33 90
33 94
33 115
33 116
33 129
33 134
33 136
33 147
34 35
34 39
34 47
34 54
34 65
34 75
34 90
34 93
34 108
34 109
34 113
34 115
34 127
34 137
34 138
35 36
35 40
35 58
35 65
35 67
35 69
35 78
35 87
35 117
35 136
35 138
35 139
35 140
35 142
35 143
36 37
36 38
36 40
36 54
36 62
36 63
36 67
36 68
36 69
36 77
36 86
36 96
36 106
36 113
36 116
36 117
36 130
36 138
36 148
37 38
37 41
37 56
37 57
37 64
37 70
37 79
37 81
37 91
37 111
37 122
38 39
38 40
38 49
38 53
38 60
38 68
38 77
38 86
38 96
38 106
38 113
39 40
39 47
39 57
39 74
39 85
39 96
39 114
39 120
39 121
39 127
39 129
39 130
40 41
40 48
40 51
40 62
40 96
40 103
40 104
40 107
40 109
40 111
40 127
40 128
40 132
40 141
40 149
41 42
41 54
41 62
41 70
41 86
41 91
41 95
41 99
41 106
41 115
41 119
41 141
41 146
42 43
42 46
42 53
42 54
42 63
42 64
42 79
42 83
42 84
42 94
42 107
42 111
42 115
42 116
42 120
42 123
42 130
42 131
42 136
42 144
43 44
43 57
43 59
43 70
43 79
43 81
43 86
43 87
43 91
43 95
43 98
43 107
43 109
43 113
43 114
43 120
43 136
43 137
43 138
43 140
43 141
43 142
44 45
44 54
44 59
44 66
44 67
44 68
44 79
44 80
44 92
44 97
44 99
44 106
44 118
44 120
44 125
44 127
44 135
44 136
44 147
45 46
45 48
45 51
45 57
45 69
45 78
45 86
45 97
45 100
45 110
45 112
45 116
46 47
46 48
46 52
46 71
46 72
46 89
46 94
46 103
46 105
46 106
46 116
46 117
46 125
46 127
46 129
46 131
46 136
46 140
47 48
47 85
47 88
47 89
47 93
47 95
47 97
47 104
47 109
47 112
47 118
47 133
47 134
47 144
47 149
48 49
48 56
48 60
48 70
48 74
48 83
48 86
48 98
48 113
48 116
48 124
48 147
49 50
49 56
49 57
49 61
49 88
49 93
49 104
49 115
49 130
49 136
49 140
49 145
50 51
50 53
50 54
50 57
50 64
50 71
50 78
50 80
50 92
50 94
50 102
50 121
50 129
50 146
50 148
51 52
51 54
51 59
51 64
51 71
51 72
51 86
51 87
51 91
51 95
51 97
51 101
51 102
51 115
51 117
51 123
51 125
51 126
51 129
51 130
51 132
51 146
51 147
52 53
52 55
52 66
52 69
52 83
52 85
52 94
52 96
52 109
52 112
52 113
52 118
52 121
52 136
53 54
53 73
53 76
53 79
53 93
53 108
53 109
53 113
53 116
53 132
53 138
54 55
54 72
54 73
54 75
54 77
54 82
54 88
54 89
54 93
54 104
54 106
54 116
54 134
54 144
54 149
55 56
55 69
55 70
55 71
55 75
55 81
55 87
55 104
55 113
55 119
55 128
55 134
55 148
56 57
56 59
56 66
56 77
56 119
56 128
56 132
56 140
56 145
57 58
57 93
57 105
57 108
57 126
57 136
58 59
58 84
58 88
58 97
58 98
58 104
58 118
58 129
58 131
58 138
58 143
59 60
59 66
59 74
59 89
59 94
59 96
59 97
59 102
59 104
59 105
59 131
59 132
59 137
59 141
59 143
59 149
60 61
60 77
60 86
60 107
60 108
60 109
60 118
60 132
61 62
61 65
61 85
61 107
61 129
61 130
61 139
61 145
61 149
62 63
62 68
62 72
62 73
62 80
62 88
62 89
62 103
62 106
62 109
62 115
62 117
62 138
62 140
62 149
63 64
63 78
63 88
63 93
63 96
63 98
63 101
63 110
63 111
63 131
63 137
63 145
64 65
64 66
64 83
64 124
64 126
64 131
65 66
65 79
65 82
65 86
65 87
65 104
65 105
65 111
65 115
65 119
65 122
65 130
65 141
65 144
66 67
66 84
66 108
66 111
66 113
66 114
66 147
67 68
67 70
67 73
67 77
67 81
67 90
67 96
67 99
67 118
67 136
68 69
68 80
68 82
68 86
68 92
68 100
68 103
68 106
68 114
68 115
68 130
68 135
68 140
69 70
69 81
69 93
69 107
69 112
69 138
69 146
70 71
70 95
70 97
70 107
70 109
70 110
70 116
70 118
70 121
70 138
70 141
71 72
71 80
71 86
71 87
71 105
71 109
71 123
71 126
71 135
72 73
72 89
72 97
72 124
72 125
72 127
72 137
72 140
72 141
73 74
73 82
73 89
73 92
73 99
73 121
73 129
73 130
73 133
73 134
73 141
74 75
74 87
74 92
74 93
74 95
74 104
74 122
74 137
75 76
75 86
75 92
75 93
75 111
75 117
75 120
76 77
76 87
76 120
76 125
76 127
76 139
76 146
77 78
77 95
77 106
77 121
77 129
77 147
78 79
78 86
78 111
78 124
78 130
78 132
78 145
78 147
79 80
79 81
79 93
79 97
79 103
79 117
79 126
79 128
79 142
79 143
80 81
80 87
80 88
80 100
80 101
80 105
80 109
80 121
80 123
80 124
80 135
80 144
81 82
81 83
81 92
81 100
81 108
81 114
81 120
81 122
81 138
81 139
82 83
82 95
82 110
82 113
82 124
82 140
83 84
83 92
83 93
83 94
83 99
83 106
83 115
83 119
83 120
83 126
84 85
84 87
84 90
84 111
84 113
84 115
84 134
84 135
84 141
84 149
85 86
85 94
85 107
85 111
85 115
85 125
85 143
85 147
85 148
86 87
86 90
86 92
86 98
86 104
86 114
86 115
86 117
86 132
86 134
86 138
86 144
87 88
87 105
87 119
87 120
87 127
87 137
87 142
87 148
87 149
88 89
88 94
88 102
88 109
88 116
88 119
88 126
88 134
88 145
89 90
89 101
89 110
89 112
89 146
90 91
90 100
90 110
90 112
90 131
90 134
90 141
91 92
91 128
91 135
91 137
92 93
92 102
92 103
92 106
92 109
92 112
92 124
92 130
92 134
92 140
92 141
92 144
92 147
92 148
93 94
93 97
93 114
93 124
93 127
93 134
93 140
93 141
93 144
94 95
94 97
94 112
94 117
94 122
94 127
94 130
95 96
95 106
95 108
95 117
95 121
95 124
95 143
95 145
96 97
96 112
96 119
96 121
96 145
97 98
97 112
97 120
97 124
97 138
98 99
98 110
98 118
98 132
98 140
98 147
99 100
99 103
99 104
99 112
99 113
99 127
99 129
99 130
99 134
99 135
99 141
99 145
99 149
100 101
100 102
100 106
100 107
100 116
100 123
100 145
100 149
101 102
101 126
101 130
101 141
101 144
102 103
102 105
102 142
102 147
103 104
103 108
103 109
103 122
103 124
103 125
103 139
103 141
103 147
104 105
104 111
104 136
104 138
104 145
104 146
104 147
105 106
105 112
105 122
105 147
106 107
106 108
106 113
107 108
107 118
108 109
108 113
108 115
108 122
108 130
108 132
108 134
108 135
108 142
109 110
109 114
109 115
109 130
109 134
109 136
109 137
109 141
109 144
109 145
109 148
110 111
110 113
110 126
110 134
110 138
110 142
111 112
111 113
111 143
111 148
112 113
112 116
112 117
112 122
112 126
112 131
112 137
112 138
113 114
113 115
113 119
113 122
113 131
113 135
113 145
113 147
114 115
114 123
114 130
115 116
115 123
115 124
115 133
116 117
116 123
116 129
116 138
117 118
117 120
117 130
117 137
117 147
118 119
118 120
118 131
118 139
118 145
119 120
119 121
119 122
119 128
119 139
119 144
119 146
119 147
120 121
120 142
120 146
120 149
121 122
121 124
121 126
121 130
121 136
122 123
122 124
122 125
122 128
122 133
123 124
123 132
123 133
123 136
124 125
124 126
124 129
124 131
125 126
125 138
126 127
126 134
126 135
126 137
126 139
126 140
127 128
127 131
128 129
129 130
129 142
129 149
130 131
130 135
130 142
131 132
131 133
131 136
132 133
132 137
133 134
133 144
133 147
134 135
134 137
134 144
135 136
135 138
135 148
136 137
136 142
137 138
137 140
138 139
138 146
139 140
139 144
140 141
141 142
141 149
142 143
143 144
143 147
144 145
144 146
145 146
145 148
145 149
146 147
146 148
147 148
148 149
