0 63.957551886241035
1 112.42925304729691
2 64.42480104875114
3 88.31413774721015
4 69.83136856898798
5 84.29004621097596
6 118.8716671340914
7 83.6150158152198
8 53.202471502125796
9 84.79749314062977
10 107.72411285271858
11 70.28394818441015
12 43.36546126065993
13 107.17893196625135
14 80.67430187390653
15 103.67635873451883
16 88.22426842006706
17 110.99145260755905
18 64.62772579990427
19 94.52172682833692
20 100.3259521186401
21 70.92415453053962
22 40.41141393964647
23 105.02812919732993
24 94.18180640560267
25 106.32631603806662
26 54.154780060262176
27 47.577027919351536
28 26.67085375299158
29 25.25367373809943
30 119.32758634089704
31 84.69305813468993
32 35.23090752449519
33 72.39126221129965
34 49.89223338604575
35 48.60235007122627
36 79.57755117239059
37 78.9027923001324
38 27.625129246704798
39 21.446950328776786
40 31.851571241308953
41 74.07287055614688
42 47.38463141692759
43 43.10170291899543
44 27.380489586645922
45 33.54980705646046
46 102.95068228652484
47 42.543940423973766
48 83.65003296891317
49 107.06316012173866
50 73.03390017780674
51 20.85520391927265
52 118.61652572309632
53 89.68157510011092
54 42.1495910690073
55 49.188089625891294
56 51.151318856114685
57 74.99285605182223
58 44.27474500647901
59 83.41032385944649
60 46.19358249401843
61 56.02965179484365
62 48.55376527664154
63 38.641933635384454
64 75.09788691792781
65 20.33053108355603
66 115.79135376969899
67 111.53041043550819
68 97.69819060029482
69 119.21759698342272
70 42.068593446472136
71 85.86262551968758
72 36.77000310004611
73 78.18825655275108
74 71.54094762661612
75 107.99110323951706
76 107.85760980759689
77 55.26009970114441
78 104.32455548473871
79 72.5562982238069
80 87.84348336021664
81 47.1743381554717
82 47.34984963096521
83 116.11528069232837
84 54.17207548237099
85 89.55452141771397
86 56.159163905007816
87 76.54125540656386
88 103.30039000837891
89 96.43383576807436
90 93.84770458301897
91 39.43716641869201
92 61.73287578986966
93 37.00551035715742
94 89.69484429026865
95 59.3106235000687
96 35.908354366462305
97 53.017420968913825
98 114.50543623112222
99 112.88618717157331
100 108.24181333715501
101 78.92328170345425
102 102.27839863454793
103 114.68509677381678
104 75.78411026441393
105 38.71924846699513
106 38.54260727131172
107 100.88125823157792
108 45.247721645587404
109 58.33622145698382
110 104.54765088864458
111 66.44640308678088
112 43.5568947871313
113 50.52443009852929
114 113.46977793059646
115 22.726071251996697
116 76.61565356566122
117 100.35840949452943
118 99.8909325216429
119 27.842087090963002
120 70.6473223955555
121 103.80677493068468
122 27.03150250537001
123 30.69604929948202
124 60.24434272830165
125 89.25270693194547
126 57.56499922716595
127 60.852276567740205
128 45.177352328754736
129 82.41737444773679
130 93.31558869779398
131 91.20756864778691
132 24.047603574258176
133 58.83001153787078
134 26.7370298805056
135 98.10902344506127
136 27.027009799491637
137 64.80469561385041
138 62.79423453470846
139 44.460083017314346
140 112.21524497867624
141 77.82534045369655
142 63.7163189921585
143 115.35886655037748
144 60.553429481098554
145 20.306794315309688
146 41.06268335812763
147 42.941772914708096
148 102.76918312905077
149 36.89133130218471
0 1
0 8
0 19
0 27
0 34
0 61
0 71
0 72
0 82
0 95
0 100
0 105
0 119
0 123
0 127
0 129
0 133
0 144
0 149
1 2
1 8
1 52
1 54
1 61
1 76
1 89
1 92
1 113
1 114
1 119
1 123
1 133
1 141
1 146
2 3
2 21
2 23
2 58
2 68
2 69
2 80
2 91
2 105
2 107
2 127
3 4
3 5
3 24
3 43
3 61
3 100
3 101
3 102
3 114
3 121
3 124
3 125
3 127
3 130
4 5
4 7
4 10
4 13
4 34
4 48
4 94
4 96
4 115
4 119
4 124
4 133
4 135
4 141
4 148
5 6
5 17
5 22
5 23
5 38
5 39
5 43
5 58
5 62
5 78
5 79
5 98
5 119
5 122
5 128
5 135
5 149
6 7
6 9
6 12
6 17
6 29
6 35
6 45
6 49
6 52
6 63
6 68
6 72
6 109
6 112
6 118
6 125
6 143
6 149
7 8
7 9
7 52
7 59
7 64
7 68
7 109
7 113
7 123
7 124
7 125
7 134
7 137
7 138
7 142
7 149
8 9
8 13
8 16
8 23
8 24
8 29
8 34
8 49
8 53
8 73
8 78
8 85
8 106
8 118
8 122
8 129
8 132
8 134
8 141
8 142
9 10
9 15
9 19
9 20
9 35
9 41
9 71
9 77
9 96
9 106
9 124
9 127
9 135
9 136
9 142
9 144
10 11
10 22
10 24
10 25
10 28
10 37
10 44
10 57
10 83
10 107
10 111
10 131
10 136
10 139
10 140
10 141
11 12
11 16
11 38
11 79
11 91
11 101
11 102
11 103
11 111
11 115
11 131
11 132
11 134
11 135
11 139
12 13
12 20
12 34
12 37
12 48
12 58
12 65
12 68
12 73
12 74
12 100
12 104
12 111
12 114
12 122
12 129
12 134
12 137
13 14
13 24
13 27
13 32
13 34
13 39
13 43
13 55
13 64
13 69
13 74
13 78
13 82
13 85
13 104
13 105
13 107
13 116
13 134
13 142
13 145
13 147
14 15
14 18
14 19
14 23
14 37
14 39
14 46
14 47
14 53
14 61
14 62
14 64
14 72
14 76
14 77
14 88
14 92
14 101
14 102
14 103
14 105
14 116
14 118
14 119
14 125
14 131
14 138
15 16
15 28
15 36
15 38
15 57
15 64
15 68
15 75
15 77
15 82
15 90
15 91
15 110
15 114
15 117
15 121
15 128
15 133
15 143
16 17
16 18
16 22
16 23
16 25
16 26
16 34
16 36
16 40
16 42
16 47
16 57
16 58
16 74
16 88
16 91
16 100
16 110
16 112
16 117
16 119
16 121
16 128
16 141
16 146
17 18
17 30
17 39
17 43
17 53
17 62
17 63
17 71
17 72
17 79
17 80
17 98
17 116
17 117
17 120
17 122
17 124
17 137
17 142
18 19
18 21
18 25
18 27
18 30
18 56
18 66
18 95
18 102
18 127
18 131
18 138
18 140
18 141
18 142
18 143
18 146
19 20
19 26
19 53
19 75
19 79
19 81
19 86
19 89
19 92
19 103
19 121
19 128
19 134
19 139
19 143
19 148
20 21
20 32
20 38
20 46
20 54
20 65
20 68
20 71
20 72
20 78
20 87
20 91
20 100
20 105
20 116
20 121
20 122
20 127
20 128
20 142
20 143
20 147
21 22
21 23
21 35
21 42
21 44
21 52
21 72
21 89
21 94
21 113
21 114
21 118
21 125
21 130
21 143
22 23
22 32
22 33
22 45
22 48
22 55
22 60
22 65
22 67
22 100
22 102
22 105
22 116
22 117
22 128
22 131
22 141
22 144
23 24
23 27
23 31
23 37
23 43
23 54
23 71
23 72
23 76
23 81
23 87
23 94
23 95
23 96
23 97
23 105
23 107
23 120
23 121
23 122
23 126
23 132
24 25
24 30
24 36
24 44
24 56
24 63
24 64
24 68
24 70
24 75
24 80
24 91
24 98
24 101
24 111
24 113
24 128
24 144
24 147
25 26
25 42
25 53
25 72
25 73
25 75
25 89
25 91
25 93
25 110
25 115
25 136
26 27
26 30
26 32
26 33
26 38
26 40
26 42
26 50
26 55
26 64
26 99
26 115
26 119
26 134
26 144
27 28
27 36
27 43
27 47
27 57
27 81
27 99
27 106
27 109
27 117
27 119
27 125
27 135
27 141
27 145
27 149
28 29
28 31
28 40
28 42
28 43
28 46
28 67
28 68
28 80
28 89
28 92
28 110
28 115
28 120
28 121
28 136
28 146
29 30
29 60
29 64
29 72
29 83
29 96
29 103
29 108
29 118
29 119
29 122
29 125
29 134
29 136
29 140
29 143
30 31
30 34
30 35
30 38
30 41
30 46
30 49
30 50
30 64
30 65
30 75
30 77
30 90
30 94
30 107
30 116
30 117
30 119
30 120
30 132
30 146
31 32
31 37
31 42
31 44
31 52
31 56
31 58
31 73
31 75
31 81
31 111
31 129
31 135
31 141
31 146
32 33
32 52
32 58
32 72
32 77
32 78
32 93
32 112
32 122
32 143
33 34
33 38
33 42
33 44
33 54
33 56
33 65
33 84
33 95
33 119
33 124
33 128
33 139
33 140
33 149
34 35
34 44
34 45
34 47
34 49
34 70
34 71
34 79
34 81
34 89
34 90
34 92
34 103
34 104
34 109
34 115
34 134
34 137
34 139
34 140
34 144
34 146
34 148
35 36
35 42
35 46
35 57
35 84
35 88
35 92
35 93
35 109
35 112
35 113
35 116
35 128
35 129
35 135
35 145
36 37
36 40
36 53
36 72
36 77
36 83
36 85
36 96
36 101
36 116
36 117
36 140
36 142
37 38
37 50
37 57
37 58
37 85
37 90
37 98
37 115
37 117
37 118
37 123
37 142
37 143
38 39
38 40
38 51
38 75
38 106
38 112
38 125
38 127
38 129
38 134
38 146
38 147
38 149
39 40
39 56
39 60
39 64
39 65
39 76
39 85
39 87
39 96
39 107
39 121
39 122
39 127
39 130
39 140
39 142
39 143
40 41
40 64
40 84
40 92
40 105
40 106
40 107
40 113
40 121
40 125
40 133
40 136
41 42
41 51
41 54
41 55
41 60
41 64
41 69
41 71
41 76
41 80
41 83
41 85
41 104
41 125
41 130
41 138
41 141
41 143
41 149
42 43
42 56
42 64
42 76
42 95
42 105
42 114
42 134
42 137
42 140
42 141
43 44
43 50
43 54
43 56
43 58
43 62
43 72
43 78
43 83
43 88
43 89
43 91
43 93
43 94
43 125
43 132
43 134
44 45
44 56
44 62
44 70
44 74
44 75
44 85
44 89
44 92
44 132
44 141
44 142
44 149
45 46
45 59
45 64
45 71
45 79
45 92
45 96
45 98
45 116
45 132
45 138
45 141
45 143
46 47
46 59
46 62
46 75
46 92
46 94
46 97
46 100
46 117
46 118
46 119
46 122
46 125
46 137
47 48
47 56
47 61
47 65
47 69
47 77
47 84
47 94
47 96
47 104
47 111
47 129
47 131
47 134
48 49
48 71
48 75
48 81
48 83
48 89
48 93
48 94
48 98
48 104
48 107
48 109
48 111
48 118
48 125
48 129
49 50
49 53
49 54
49 56
49 60
49 70
49 76
49 89
49 108
49 119
49 125
49 132
49 139
49 140
49 145
50 51
50 56
50 64
50 69
50 76
50 107
50 114
50 115
50 118
50 124
50 125
50 126
50 133
50 142
50 148
51 52
51 57
51 64
51 67
51 82
51 93
51 104
51 105
51 123
51 128
51 132
51 134
52 53
52 63
52 71
52 73
52 83
52 99
52 106
52 122
52 125
53 54
53 61
53 75
53 88
53 90
53 96
53 97
53 100
53 101
53 106
53 108
53 121
53 134
53 135
54 55
54 58
54 68
54 69
54 70
54 83
54 126
54 127
54 128
54 131
54 136
54 138
55 56
55 57
55 70
55 73
55 84
55 88
55 96
55 111
55 117
55 119
55 138
55 141
55 142
55 144
55 148
56 57
56 75
56 81
56 95
56 98
56 99
56 104
56 121
56 124
56 130
56 148
57 58
57 84
57 86
57 125
57 130
57 136
57 148
58 59
58 64
58 68
58 77
58 87
58 99
58 107
58 120
58 124
58 126
58 129
58 134
58 140
58 148
59 60
59 80
59 85
59 89
59 101
59 107
59 110
59 120
59 126
59 129
59 131
59 133
59 148
60 61
60 78
60 80
60 87
60 90
60 95
60 98
60 100
60 101
60 111
60 121
60 141
61 62
61 76
61 89
61 90
61 98
61 124
61 131
61 136
61 137
61 144
61 147
62 63
62 66
62 71
62 80
62 92
62 101
62 116
62 120
62 128
62 134
62 140
62 147
63 64
63 92
63 123
63 124
63 129
63 133
63 141
64 65
64 76
64 77
64 79
64 91
64 106
64 116
64 136
64 139
64 144
65 66
65 74
65 78
65 83
65 106
65 147
66 67
66 84
66 88
66 102
66 109
66 110
66 114
66 120
66 137
66 142
66 143
66 149
67 68
67 72
67 74
67 75
67 88
67 117
67 120
67 121
67 130
67 137
67 140
67 143
67 148
68 69
68 71
68 72
68 83
68 84
68 87
68 93
68 95
68 129
68 137
68 140
68 148
68 149
69 70
69 74
69 77
69 93
69 102
69 121
69 134
69 136
70 71
70 73
70 80
70 85
70 88
70 100
70 109
70 113
70 116
70 126
70 140
71 72
71 73
71 74
71 82
71 83
71 86
71 99
71 118
71 122
71 144
72 73
72 76
72 80
72 84
72 92
72 103
72 107
72 119
72 138
73 74
73 76
73 79
73 92
73 93
73 104
73 116
73 130
73 136
73 139
73 141
74 75
74 77
74 99
74 101
74 116
74 121
74 128
74 130
74 131
74 134
75 76
75 85
75 101
75 103
75 109
75 114
75 131
75 141
75 144
76 77
76 78
76 83
76 89
76 93
76 103
76 110
76 115
76 116
76 136
76 137
76 140
77 78
77 79
77 94
77 95
77 115
77 120
77 125
78 79
78 94
78 113
78 123
78 140
79 80
79 83
79 88
79 92
79 95
79 98
79 103
79 110
79 121
79 127
79 132
79 147
80 81
80 88
80 93
80 95
80 99
80 107
80 116
80 133
80 147
81 82
81 89
81 94
81 97
81 101
81 104
81 110
81 114
81 119
81 120
81 134
81 142
81 147
82 83
82 87
82 97
82 100
82 104
82 111
82 124
82 128
83 84
83 115
84 85
84 86
84 99
84 102
84 113
84 114
84 118
84 136
84 137
85 86
85 120
85 130
86 87
86 107
86 111
86 119
86 124
86 127
86 140
87 88
87 100
87 127
87 129
87 135
87 148
88 89
88 116
88 117
88 135
88 138
88 140
89 90
89 95
89 100
89 107
89 111
89 117
89 119
89 128
89 129
89 149
90 91
90 95
90 107
90 109
90 114
90 119
90 133
90 134
90 149
91 92
91 105
91 106
91 134
91 140
92 93
92 102
92 103
92 110
92 121
92 148
93 94
93 115
93 121
93 126
93 132
93 134
93 139
93 141
93 148
94 95
94 104
94 106
94 110
94 112
94 113
94 116
94 117
94 122
94 132
94 136
94 145
94 148
95 96
95 126
95 128
95 137
95 142
95 146
96 97
96 110
96 122
96 134
96 138
96 142
97 98
97 105
97 112
97 116
97 127
97 130
97 132
97 138
98 99
98 105
98 115
98 116
98 122
98 136
98 137
98 148
99 100
99 104
99 116
99 121
99 125
99 147
99 148
100 101
100 104
100 127
100 129
100 134
100 141
100 144
101 102
101 115
101 127
101 128
101 133
102 103
102 104
102 108
102 122
102 138
103 104
103 133
103 146
104 105
104 113
104 114
104 119
104 129
104 142
104 143
104 146
104 147
105 106
105 117
105 122
105 130
105 141
105 147
105 148
106 107
106 120
106 122
106 127
106 131
106 136
106 138
107 108
107 116
107 126
107 133
107 146
107 147
108 109
108 112
108 113
108 119
108 129
108 135
108 136
108 142
108 145
108 148
109 110
109 113
109 115
109 121
109 125
109 137
109 144
109 147
109 148
110 111
110 112
110 119
110 126
110 127
110 139
110 140
110 144
110 146
110 148
111 112
111 114
111 126
111 132
111 133
111 138
112 113
112 117
112 124
112 129
112 133
112 140
112 142
112 145
112 146
112 147
112 148
113 114
113 120
113 127
113 142
114 115
114 121
114 130
114 145
114 148
115 116
115 117
115 125
115 128
115 138
115 144
116 117
116 135
116 147
116 148
117 118
117 126
117 136
118 119
118 133
118 146
119 120
119 132
119 144
119 145
120 121
120 123
120 129
120 136
120 142
121 122
121 136
121 139
121 147
122 123
122 132
122 139
123 124
123 125
123 128
123 134
124 125
124 135
124 138
124 147
124 149
125 126
125 129
125 138
125 147
125 148
126 127
126 134
126 141
126 148
127 128
127 131
127 142
128 129
128 135
128 144
128 147
129 130
129 131
129 139
130 131
130 137
131 132
132 133
132 138
132 139
133 134
133 142
134 135
134 141
135 136
135 147
136 137
137 138
137 144
138 139
138 141
138 142
138 144
138 145
138 147
139 140
139 143
139 147
140 141
140 143
140 147
141 142
141 144
141 145
142 143
143 144
144 145
145 146
146 147
147 148
148 149
