0 111.51234271646526
1 82.498525969493
2 109.59288918738778
3 47.45858663714036
4 87.98879403822575
5 34.21058993498296
6 86.66080044157844
7 113.42740351972355
8 78.12980307747966
9 116.89195946829717
10 60.36588630338621
11 90.5058985096009
12 114.47600807654851
13 45.05600119666035
14 71.25582369655993
15 89.29404045783045
16 77.41227156749855
17 94.9282258038211
18 90.51458994030952
19 82.3428763652773
20 49.090327900530625
21 77.01146911141706
22 24.909387928601117
23 56.46295192066041
24 34.11632894250633
25 37.18127662086074
26 54.76379059693785
27 79.9047937051582
28 114.31595776316672
29 74.44933664019376
30 92.24042772721346
31 94.47313919801297
32 51.86236738451509
33 45.66166273696733
34 20.751710265911022
35 113.82790727676979
36 80.14986962585064
37 112.65216145633244
38 77.97719337826621
39 33.54141843165283
40 25.018998559225217
41 75.75113767549774
42 74.75140718565652
43 35.92270552535504
44 80.28614018487582
45 29.05213845770725
46 99.99611448834509
47 103.18617531844066
48 21.003707800983467
49 67.46954033831784
50 47.90604289509548
51 36.23333152222438
52 75.47434304732516
53 73.37309146490355
54 117.75743053424316
55 113.13260431389992
56 92.76541540319333
57 111.46457760974506
58 78.99373710993616
59 111.3238023725841
60 36.31766243617636
61 64.56570053183678
62 64.65314640459509
63 60.64007762158921
64 106.214518448011
65 50.11512209538097
66 54.737558988075264
67 90.43168175034707
68 42.77629831943053
69 67.42654971134647
70 37.78297717143853
71 83.39226131397317
72 92.36609427004984
73 39.13867484468409
74 93.67632293344636
75 51.12977913345779
76 22.641855420121743
77 26.791635625125302
78 23.673894547951996
79 102.0905843820842
80 58.961850163797266
81 20.093600065295107
82 64.61179934565456
83 81.13656591484946
84 76.24826588544786
85 22.194986500569275
86 63.45890574254065
87 21.891719037861193
88 21.336457961157723
89 79.16674218988769
90 55.64795556561445
91 67.91586929657771
92 59.684937326822535
93 30.882962733509338
94 86.03068089080945
95 86.82967434116735
96 37.29389906701883
97 92.63710606430482
98 34.83788585330451
99 22.706509555332946
100 23.77771102681693
101 112.07492365713966
102 62.68566201076932
103 106.36312347741216
104 55.759454853964
105 84.40614430758686
106 68.45400019931307
107 70.62249895634645
108 31.103273596017726
109 50.36083828162539
110 61.77427040787372
111 98.18862114701814
112 113.97293298630014
113 45.985346768753786
114 87.89716135366967
115 63.464406064073316
116 98.30263146268571
117 21.126489666975672
118 106.87285367087007
119 116.4602933946961
120 42.9888070428328
121 94.3317349905351
122 21.26034061869508
123 96.8825521554412
124 35.95929371341563
125 65.89690061255578
126 66.99297204872815
127 59.55666602552451
128 66.24884883268658
129 67.9218500616073
130 30.562449751866886
131 38.53260846631903
132 83.3077704325075
133 90.48857742670124
134 32.34367205515217
135 76.53521766108707
136 100.99289277564219
137 86.45493437013758
138 20.66796199374364
139 98.86427364298181
140 60.03801790214691
141 23.86124341823311
142 54.16237018773868
143 116.41531985737348
144 97.27337060087456
145 24.575847211420648
146 110.90794454921553
147 101.18362620625787
148 82.46145941778839
149 100.55963279630596
0 1
0 5
0 6
0 23
0 31
0 76
0 77
0 80
0 82
0 83
0 93
0 126
0 142
1 2
1 27
1 38
1 56
1 73
1 84
1 139
2 3
2 7
2 17
2 26
2 39
2 78
2 92
2 129
2 134
2 148
3 4
3 21
3 27
3 53
3 96
3 112
3 116
3 124
4 5
4 11
4 13
4 16
4 27
4 29
4 47
4 92
4 100
4 112
4 120
4 144
4 148
5 6
5 43
5 46
5 57
5 98
5 106
5 144
6 7
6 18
6 27
6 34
6 38
6 45
6 106
6 110
6 121
6 129
7 8
7 29
7 40
7 98
7 111
7 113
7 114
7 123
7 139
8 9
8 28
8 32
8 35
8 36
8 43
8 65
8 67
8 79
8 94
8 115
8 123
8 136
9 10
9 21
9 42
9 46
9 83
9 89
9 111
9 112
10 11
10 22
10 27
10 45
10 69
10 73
10 121
10 149
11 12
11 29
11 42
11 47
11 48
11 65
11 66
11 79
11 84
11 109
11 115
11 123
11 126
11 130
12 13
12 20
12 61
12 63
12 71
12 77
12 89
12 95
13 14
13 39
13 64
13 87
13 92
13 105
13 112
13 115
13 132
13 134
13 148
14 15
14 20
14 37
14 71
14 76
14 81
14 89
14 90
14 97
14 142
15 16
15 20
15 22
15 28
15 62
15 78
16 17
16 19
16 78
16 89
16 106
16 108
16 119
16 126
16 136
16 139
16 148
17 18
17 23
17 79
17 97
17 111
17 137
18 19
18 30
18 34
18 43
18 52
18 55
18 57
18 67
18 123
18 125
18 147
19 20
19 78
19 103
19 107
19 127
19 128
20 21
20 35
20 39
20 58
20 61
20 148
21 22
21 30
21 41
21 73
21 80
21 83
21 85
21 126
21 138
22 23
22 33
22 36
22 37
22 38
22 60
22 69
22 100
22 105
22 132
22 133
22 144
23 24
23 86
23 89
23 93
23 135
23 140
24 25
24 46
24 65
24 78
24 101
24 106
24 108
24 134
24 138
25 26
25 29
25 30
25 35
25 40
25 42
25 56
25 57
25 71
25 78
25 84
25 86
25 91
25 92
25 98
25 105
25 108
25 120
25 133
26 27
26 28
26 38
26 64
26 67
26 82
26 92
26 100
26 117
26 131
26 148
27 28
27 61
27 65
27 87
27 104
27 106
27 115
27 117
27 137
27 147
28 29
28 31
28 32
28 39
28 51
28 99
28 100
28 111
28 125
28 127
28 142
28 147
29 30
29 38
29 44
29 50
29 59
29 86
29 94
29 95
29 100
29 114
29 115
29 117
29 121
30 31
30 39
30 41
30 72
30 80
30 82
30 102
30 108
30 134
30 143
30 147
30 149
31 32
31 33
31 42
31 69
31 73
31 83
31 99
31 114
31 115
31 125
31 134
31 141
32 33
32 36
32 61
32 82
32 111
32 112
32 132
32 139
33 34
33 50
33 55
33 57
33 91
33 122
34 35
34 50
34 64
34 89
34 92
34 97
34 143
35 36
35 40
35 43
35 49
35 58
35 59
35 67
35 83
35 134
35 139
36 37
36 48
36 51
36 56
36 57
36 65
36 75
36 109
36 119
36 131
36 134
36 139
37 38
37 54
37 61
37 102
37 112
37 124
37 136
37 148
37 149
38 39
38 58
38 77
38 93
38 106
38 107
38 108
38 116
38 121
38 132
38 133
39 40
39 48
39 84
39 93
39 98
39 118
39 119
39 121
39 123
39 124
39 129
39 134
39 142
39 145
40 41
40 60
40 64
40 81
40 94
40 100
40 115
41 42
41 45
41 53
41 65
41 82
41 124
42 43
42 50
42 51
42 61
42 75
42 90
42 95
42 113
42 135
42 145
43 44
43 56
43 58
43 70
43 98
43 127
43 137
44 45
44 93
44 107
44 122
44 129
44 135
45 46
45 76
45 109
45 132
46 47
46 62
46 71
46 85
46 92
46 121
47 48
47 68
47 111
47 113
47 115
47 140
48 49
48 58
48 75
48 104
48 121
49 50
49 61
49 85
49 86
49 136
49 139
49 143
50 51
50 83
50 106
50 126
50 144
51 52
51 62
51 65
51 107
51 123
51 129
51 137
52 53
52 60
52 69
52 85
52 100
52 121
53 54
53 56
53 74
53 81
53 87
53 96
53 104
53 110
53 114
53 119
53 125
53 130
54 55
54 67
54 68
54 72
54 79
54 96
54 106
54 131
54 132
55 56
55 61
55 77
55 81
55 87
55 109
55 110
55 112
55 120
55 124
56 57
56 59
56 61
56 82
56 108
56 125
57 58
57 59
57 71
57 88
57 103
57 104
57 119
57 126
57 129
57 130
57 139
57 149
58 59
58 74
58 81
58 91
58 122
58 123
58 134
58 138
58 149
59 60
59 69
59 77
60 61
60 69
60 84
60 105
60 111
60 132
60 138
60 139
61 62
61 84
61 92
61 112
61 119
61 124
61 128
61 135
61 142
62 63
62 131
63 64
63 70
63 72
63 79
63 94
63 111
63 114
63 129
64 65
64 75
64 89
64 134
65 66
65 99
65 117
65 134
65 135
65 148
65 149
66 67
66 85
66 107
66 126
66 127
66 129
66 131
67 68
67 70
67 88
67 120
67 130
67 134
68 69
68 100
68 109
68 123
68 145
69 70
69 74
69 86
69 119
69 121
69 138
69 139
70 71
70 82
70 86
70 97
70 103
70 131
71 72
71 84
71 90
71 93
71 113
71 122
71 134
71 143
72 73
72 84
72 90
72 98
72 110
72 146
72 149
73 74
73 77
73 131
73 145
74 75
74 77
74 133
75 76
75 103
75 110
75 118
75 133
75 147
76 77
76 110
76 123
76 139
76 142
77 78
77 106
77 116
77 145
78 79
78 87
78 90
78 131
78 144
79 80
79 81
79 87
79 93
79 103
79 120
80 81
80 113
80 123
80 124
81 82
81 91
81 103
81 106
81 116
81 127
81 132
82 83
82 105
82 116
82 149
83 84
83 88
83 101
83 112
83 113
83 133
83 146
84 85
84 104
84 108
84 112
85 86
85 110
85 118
85 126
85 137
85 144
86 87
86 93
86 120
86 123
86 146
87 88
87 91
87 92
87 122
87 136
87 149
88 89
88 107
88 139
89 90
89 92
89 100
89 113
89 118
89 138
89 149
90 91
90 114
90 122
90 145
91 92
91 102
91 136
92 93
92 122
92 129
92 132
93 94
93 96
93 101
93 102
93 111
93 132
93 149
94 95
94 116
94 117
94 138
95 96
95 97
95 111
95 133
96 97
96 108
96 122
96 131
97 98
97 101
97 104
97 125
97 128
97 149
98 99
98 121
98 124
98 125
98 137
98 138
98 139
98 141
99 100
99 102
99 108
99 135
100 101
100 108
100 117
100 127
100 149
101 102
101 104
101 114
101 121
101 138
101 146
101 147
102 103
102 134
102 142
103 104
103 118
103 123
103 133
103 136
103 141
103 142
104 105
104 115
104 127
104 135
104 136
105 106
105 113
105 119
105 124
106 107
106 126
106 146
107 108
107 120
107 123
107 124
107 131
107 138
107 147
108 109
108 119
108 142
109 110
109 113
109 141
110 111
110 122
110 131
111 112
111 121
111 123
111 146
112 113
112 132
112 133
113 114
113 119
113 120
113 127
113 137
113 139
113 142
114 115
114 139
115 116
116 117
117 118
117 121
117 132
117 145
117 148
118 119
118 136
119 120
119 139
120 121
120 129
120 139
121 122
121 129
121 141
121 148
122 123
122 129
122 131
122 133
122 136
122 142
122 144
123 124
123 135
124 125
125 126
125 131
125 132
125 134
125 143
126 127
126 140
127 128
127 144
128 129
128 131
128 135
128 139
128 141
129 130
130 131
130 132
130 133
131 132
131 141
132 133
133 134
133 140
133 146
133 147
134 135
135 136
136 137
136 144
137 138
138 139
138 140
138 144
139 140
139 143
139 145
140 141
141 142
141 148
142 143
142 147
143 144
144 145
145 146
145 148
146 147
147 148
148 149
