0 70.29510735975046
1 36.9834614982407
2 115.92281224516178
3 35.575815401875225
4 55.19403508873531
5 84.98828581860202
6 111.32562800389401
7 85.69976000160324
8 55.84372696780347
9 119.97725597340346
10 60.738533747642336
11 35.57826676325384
12 42.37287622803373
13 62.62626371621728
14 96.19811838486098
15 91.49653858886967
16 58.42859493882534
17 104.5188485513033
18 73.88639873361271
19 111.0267583252518
20 117.09980578156511
21 112.7649382047368
22 101.83108986882888
23 92.9717375580315
24 119.4954705993545
25 109.71352141489464
26 92.94774637177201
27 103.45139154816718
28 93.9543201265646
29 35.6236569443662
30 101.99620131607276
31 33.54524578141593
32 32.08542009953757
33 65.53706426899684
34 109.808827536722
35 36.345601737655386
36 54.18658296036386
37 118.09952511980265
38 51.05829955259631
39 96.842360819611
40 71.06028178701942
41 63.70716185738955
42 42.86778021226144
43 46.751952569446274
44 21.84436179663282
45 112.1076420991449
46 60.72645098023136
47 48.21917541426041
48 58.19752543822169
49 35.46515829106452
50 25.458643332888556
51 35.2622304230173
52 114.0272047802698
53 61.902070701728235
54 110.4048374574102
55 119.89754270690382
56 46.92011007328205
57 56.65886405523248
58 51.50803511706995
59 41.072469839753154
60 62.53339344307685
61 93.26812391741917
62 44.65913747502729
63 58.85031501559373
64 36.42698270635759
65 105.51699295905831
66 44.44012827882841
67 73.7335403035364
68 29.16538769893659
69 102.47662134765879
70 36.31399912317511
71 81.57743067414253
72 49.989833933434994
73 23.505894150665547
74 40.34553997556946
75 58.23790405261642
76 61.95930689626552
77 107.8907426790988
78 118.69724151938983
79 104.9135161985832
80 37.181735573015885
81 54.65917018667356
82 101.42974876213137
83 75.08319970761676
84 64.60413416919604
85 52.11607905111407
86 115.54641727122417
87 47.007584991219275
88 84.80330233885205
89 63.770838083169785
90 100.75671079821677
91 101.9532338573803
92 76.3162184526426
93 67.58453272483428
94 22.09335103709869
95 117.61549314132519
96 46.271970722602234
97 58.84261316150955
98 44.303227229487774
99 88.65705103373139
100 84.43475469718138
101 43.46268156119851
102 115.84228154284304
103 41.845771530833815
104 24.24004377110776
105 68.17599869287774
106 21.33975063570223
107 21.966670922376878
108 117.00380100268009
109 56.77521624736598
110 100.5572243530525
111 86.49942998402076
112 66.20712548353933
113 47.49974997913421
114 99.15323834552706
115 61.99413269364486
116 87.60652438247814
117 55.63410626706342
118 111.97420436135435
119 83.14440258841277
120 57.89255402503482
121 117.52338469800615
122 103.12765184949757
123 56.74848521917304
124 89.71724952327243
125 107.46409882891267
126 38.75394624144633
127 67.06522322040666
128 24.133489519577093
129 57.30733124694924
130 48.19775108895195
131 66.51331164923954
132 62.836964254548725
133 50.11518216140229
134 37.19069193956844
135 76.22857730602666
136 72.07423805158359
137 103.84035338612789
138 112.69183277129942
139 54.685465114808544
140 77.67788514997793
141 108.75262558418616
142 43.19272525463175
143 79.4053434372225
144 36.41247285436287
145 33.214879422681705
146 70.57895941649775
147 26.71557348160393
148 112.66273771967496
149 66.41524788093997
0 1
0 8
0 12
0 16
0 18
0 27
0 30
0 44
0 51
0 54
0 62
0 74
0 77
0 93
0 98
0 100
0 102
0 114
0 124
0 131
0 140
0 143
0 144
1 2
1 21
1 28
1 56
1 64
1 71
1 82
1 84
1 89
1 108
1 124
1 131
2 3
2 8
2 15
2 16
2 17
2 23
2 24
2 31
2 37
2 38
2 44
2 45
2 52
2 59
2 66
2 71
2 72
2 98
2 136
3 4
3 23
3 43
3 47
3 53
3 60
3 67
3 73
3 86
3 94
3 107
3 133
3 134
4 5
4 15
4 32
4 33
4 57
4 60
4 62
4 72
4 92
4 95
4 97
4 113
4 122
4 136
4 142
4 145
5 6
5 11
5 20
5 50
5 53
5 57
5 78
5 102
5 125
5 134
5 145
5 146
6 7
6 12
6 15
6 48
6 52
6 63
6 81
6 83
6 125
6 129
6 131
6 134
6 135
7 8
7 14
7 30
7 43
7 45
7 46
7 61
7 63
7 65
7 80
7 82
7 83
7 88
7 90
7 98
7 100
7 102
7 126
7 143
8 9
8 16
8 31
8 46
8 103
8 120
8 147
9 10
9 16
9 37
9 39
9 43
9 46
9 71
9 73
9 77
9 78
9 91
9 97
9 103
9 107
9 108
9 119
9 121
9 136
10 11
10 24
10 31
10 34
10 38
10 68
10 77
10 86
10 92
10 123
10 129
10 146
11 12
11 15
11 20
11 25
11 38
11 40
11 49
11 50
11 67
11 69
11 73
11 81
11 94
11 95
11 100
11 103
11 119
11 148
12 13
12 33
12 35
12 44
12 48
12 77
12 88
12 110
12 124
13 14
13 19
13 30
13 31
13 57
13 64
13 68
13 76
13 78
13 82
13 93
13 104
13 109
13 124
13 133
14 15
14 18
14 36
14 42
14 43
14 51
14 53
14 78
14 79
14 103
14 115
14 116
14 117
14 120
14 139
14 145
15 16
15 20
15 47
15 59
15 61
15 89
15 93
15 101
15 106
15 121
15 122
15 124
15 135
15 140
15 143
15 149
16 17
16 24
16 38
16 41
16 68
16 71
16 73
16 77
16 106
16 116
16 118
16 149
17 18
17 20
17 33
17 49
17 56
17 58
17 60
17 70
17 71
17 76
17 79
17 93
17 98
17 130
17 136
17 140
18 19
18 24
18 29
18 36
18 41
18 60
18 65
18 85
18 107
18 141
18 146
19 20
19 29
19 30
19 32
19 48
19 81
19 101
19 103
19 117
19 119
19 134
19 138
19 139
19 140
20 21
20 28
20 33
20 35
20 43
20 47
20 63
20 77
20 91
20 100
20 112
20 115
20 118
20 121
20 124
20 132
20 136
20 137
21 22
21 30
21 36
21 55
21 92
21 106
21 110
22 23
22 31
22 33
22 63
22 74
22 93
22 95
22 112
22 113
22 126
22 128
22 144
23 24
23 27
23 48
23 58
23 63
23 67
23 79
23 115
23 117
23 123
23 135
23 137
23 145
24 25
24 29
24 39
24 47
24 56
24 73
24 75
24 90
24 93
24 95
24 109
24 122
24 124
24 137
25 26
25 33
25 34
25 50
25 56
25 65
25 86
25 140
26 27
26 29
26 32
26 35
26 53
26 59
26 62
26 89
26 91
26 99
26 100
26 106
26 114
26 115
26 140
26 143
27 28
27 33
27 46
27 67
27 80
27 108
27 149
28 29
28 38
28 41
28 60
28 70
28 72
28 78
28 82
28 91
28 112
28 126
28 139
28 140
29 30
29 31
29 33
29 46
29 58
29 82
29 84
29 93
29 106
29 116
29 123
29 129
29 132
29 147
29 148
30 31
30 36
30 55
30 56
30 61
30 69
30 75
30 102
30 116
30 121
30 144
30 147
31 32
31 42
31 47
31 49
31 53
31 71
31 77
31 78
31 89
31 90
31 116
31 122
31 125
31 132
31 141
31 147
32 33
32 34
32 42
32 61
32 70
32 99
32 117
32 134
33 34
33 58
33 104
33 109
33 110
33 113
33 129
33 131
34 35
34 37
34 47
34 60
34 62
34 76
34 86
34 89
34 100
34 102
34 128
34 133
35 36
35 41
35 43
35 47
35 52
35 93
35 103
35 109
35 112
35 121
35 123
35 129
35 136
36 37
36 45
36 50
36 57
36 70
36 81
36 84
36 102
36 113
36 128
36 135
36 145
36 147
37 38
37 42
37 49
37 53
37 54
37 57
37 80
37 102
37 140
38 39
38 43
38 48
38 82
38 97
38 104
38 112
38 122
38 123
38 132
38 133
38 139
38 142
39 40
39 42
39 77
39 80
39 81
39 85
39 88
39 96
39 117
39 124
39 132
39 135
39 137
40 41
40 44
40 64
40 79
40 90
40 110
40 121
40 123
40 141
41 42
41 49
41 55
41 66
41 67
41 69
41 83
41 84
41 94
41 110
41 139
42 43
42 68
42 72
42 78
42 99
42 102
42 103
42 130
42 132
42 134
42 135
42 149
43 44
43 49
43 67
43 88
43 99
43 100
43 105
43 132
43 139
43 149
44 45
44 46
44 53
44 81
44 84
44 88
44 98
44 119
44 129
44 137
45 46
45 51
45 56
45 58
45 62
45 64
45 70
45 72
45 80
45 113
45 132
46 47
46 48
46 52
46 63
46 86
46 99
46 104
46 110
46 116
46 120
46 123
46 124
46 136
46 144
47 48
47 68
47 87
47 106
47 123
47 132
47 142
48 49
48 57
48 58
48 71
48 77
48 85
48 86
48 89
48 90
48 95
48 100
48 103
48 108
48 131
48 145
48 147
49 50
49 72
50 51
50 65
50 67
50 75
50 76
50 88
50 99
50 108
50 120
50 138
50 145
51 52
51 69
51 85
51 109
51 112
51 121
51 134
51 149
52 53
52 97
52 105
52 125
52 129
52 145
52 148
53 54
53 60
53 89
53 117
53 125
53 128
53 131
53 137
54 55
54 58
54 87
54 96
54 101
54 102
54 116
54 119
54 120
54 124
54 132
54 147
55 56
55 59
55 60
55 78
55 80
55 81
55 96
55 97
55 102
55 105
55 106
55 107
55 114
55 130
55 133
55 136
56 57
56 67
56 72
56 78
56 87
56 91
56 98
56 100
56 107
56 118
56 127
56 133
56 137
56 138
57 58
57 65
57 76
57 106
57 109
57 116
57 123
57 125
57 135
57 147
58 59
58 65
58 66
58 82
58 86
58 89
58 93
58 105
58 131
58 132
58 137
58 143
58 144
59 60
59 67
59 82
59 84
59 92
59 99
59 147
60 61
60 75
60 80
60 84
60 103
60 114
60 125
60 135
60 137
61 62
61 70
61 77
61 85
61 92
61 114
61 129
61 142
61 143
62 63
62 74
62 95
62 103
62 127
62 140
62 148
63 64
63 67
63 77
63 78
63 80
63 81
63 82
63 89
63 94
63 102
63 110
63 112
63 114
63 132
64 65
64 66
64 68
64 70
64 100
64 117
64 120
64 124
64 141
64 143
65 66
65 67
65 75
65 91
65 98
65 103
65 108
65 134
65 136
66 67
66 69
66 71
66 86
66 88
66 102
66 104
66 110
66 121
66 141
66 147
67 68
67 82
67 98
67 115
67 120
67 132
67 136
67 141
68 69
68 70
68 97
68 105
68 107
68 128
68 144
69 70
69 73
69 76
69 100
69 120
69 123
69 135
69 143
70 71
70 90
70 99
70 114
70 139
71 72
71 76
71 81
71 105
71 108
71 111
71 115
71 118
71 127
71 137
71 140
71 141
72 73
72 89
72 91
72 100
72 109
72 117
72 121
72 132
73 74
73 75
73 78
73 80
73 106
73 110
73 127
74 75
74 79
74 97
74 107
74 116
74 137
74 145
75 76
75 89
75 94
75 95
75 101
75 108
75 120
75 138
75 146
75 147
76 77
76 81
76 92
76 93
76 119
76 135
76 140
77 78
77 82
77 114
77 122
77 124
77 142
77 144
77 145
78 79
78 80
78 83
78 109
78 126
78 141
78 142
78 148
79 80
79 93
79 96
79 106
79 122
79 140
79 143
80 81
80 89
80 107
80 117
80 130
80 135
80 137
80 138
81 82
81 136
81 138
81 139
82 83
82 96
82 99
82 112
82 114
82 141
82 144
82 146
83 84
83 86
83 88
83 102
83 107
83 108
83 118
83 136
83 140
84 85
84 113
84 114
84 131
84 135
85 86
85 100
85 101
85 131
85 132
85 135
85 140
85 142
86 87
86 102
86 103
86 119
86 120
86 122
86 137
87 88
87 94
87 103
87 105
87 113
87 119
87 133
87 136
88 89
88 97
88 100
88 105
88 106
88 109
88 118
88 143
88 149
89 90
89 98
89 100
89 108
89 113
89 114
89 121
89 131
89 140
90 91
90 93
90 121
90 126
90 143
90 147
91 92
91 93
91 112
91 115
91 125
91 126
91 138
92 93
92 130
92 132
92 134
93 94
93 95
93 96
93 101
93 112
93 118
93 132
94 95
94 99
94 100
94 134
94 136
94 144
95 96
95 99
95 104
95 106
95 111
95 112
95 114
95 130
95 138
96 97
96 113
96 125
96 142
96 145
96 146
97 98
97 122
97 126
97 129
97 138
97 142
97 143
97 144
98 99
98 108
98 139
99 100
99 103
99 107
99 117
99 124
99 126
99 143
100 101
100 119
100 120
100 137
100 141
100 142
101 102
101 112
101 139
101 144
102 103
102 108
102 109
102 127
102 131
102 132
102 146
103 104
103 111
103 137
103 143
103 144
104 105
104 116
104 117
104 129
105 106
105 117
105 137
105 139
105 143
105 148
106 107
106 114
106 117
106 120
106 134
106 142
107 108
107 122
107 130
107 145
108 109
108 118
108 127
108 142
108 144
109 110
109 122
109 133
109 135
109 138
110 111
110 113
110 138
110 139
110 145
111 112
111 123
111 132
111 142
111 144
111 146
111 147
112 113
112 138
113 114
113 117
113 145
114 115
114 139
114 147
115 116
115 134
115 144
116 117
116 132
116 134
116 146
117 118
117 141
117 145
118 119
118 120
118 135
118 141
119 120
119 123
119 129
119 146
120 121
120 133
120 141
121 122
121 127
121 139
121 142
121 148
122 123
122 136
122 141
123 124
123 130
123 139
124 125
124 128
124 137
125 126
125 139
126 127
127 128
127 139
127 144
127 145
128 129
129 130
130 131
130 148
131 132
131 138
132 133
132 134
132 137
132 139
132 145
132 147
133 134
133 136
133 141
134 135
135 136
136 137
137 138
137 139
138 139
138 142
139 140
139 149
140 141
140 145
140 149
141 142
142 143
143 144
143 149
144 145
145 146
145 147
146 147
146 148
147 148
148 149
