0 28.833038711535146
1 111.68320912519377
2 38.00128780079162
3 23.177642477549735
4 98.16822357754447
5 68.40562557360937
6 102.98851781791357
7 55.22045647479786
8 62.29764447720808
9 112.56404876871834
10 102.6493474361518
11 101.54753077639063
12 61.77412073270729
13 35.35931452617587
14 92.59704021590964
15 34.270749382475124
16 36.70422407133688
17 70.57737633759649
18 60.5642791620375
19 114.96396573096578
20 20.492153277039442
21 90.76784441828474
22 60.947947230344326
23 25.253973349460246
24 83.51504234336862
25 70.68564456521412
26 105.58569163773288
27 55.11801027426251
28 64.74543892986233
29 29.96174902756217
30 100.00072766921191
31 64.02759575735361
32 38.80938167611428
33 111.59782464788898
34 50.38647571331701
35 63.769856681673765
36 53.56609409495836
37 100.63354613388101
38 30.762814937586324
39 58.593920959664835
40 39.01805415798129
41 38.21425533009826
42 92.02084273712263
43 118.2713883159543
44 32.20778831936562
45 40.29051540893191
46 114.9832535077195
47 52.72626968723204
48 84.73041054607083
49 87.31003417951686
50 58.1425266797531
51 103.08116269449356
52 119.58862281905182
53 111.51634765754811
54 27.399346283730637
55 63.28293338511829
56 82.33948092126259
57 71.84754874665282
58 99.90878097109271
59 98.91245352743006
60 87.82994655217146
61 72.93222827410565
62 67.05191021829552
63 35.34946904514255
64 98.29087932870725
65 54.3087829292977
66 22.585792378579555
67 46.154983787196244
68 81.15675349546137
69 48.74801947774659
70 111.184744069418
71 84.35001371955693
72 85.70110059932698
73 84.43803721477197
74 69.87112866707332
75 64.21095542052215
76 46.42527385942077
77 84.79415708886879
78 40.243969182306465
79 119.26819098555
80 68.11081854894425
81 101.78565118152558
82 102.94886099503795
83 33.38601148877767
84 72.54339172195981
85 103.9248809620885
86 87.49283898879766
87 66.11828482079764
88 90.13881300558138
89 28.443398970569948
90 40.292974062082024
91 70.97576242471303
92 61.049498090872696
93 98.68343793491913
94 91.75765501255152
95 35.807271786192466
96 69.80217285951181
97 102.36214983359224
98 49.23468633612506
99 58.188483134213435
100 75.11543348150309
101 24.119853310572275
102 56.82040667914306
103 105.52834301754808
104 112.26836905899324
105 26.64242349003466
106 105.30932243249654
107 99.54462976746305
108 39.23911188362225
109 78.6519343210409
110 45.973766013751955
111 107.82656578199604
112 69.80484698143763
113 35.18848231887967
114 60.398345817133176
115 21.39377022214656
116 86.8924764785976
117 85.86010382404432
118 65.25406868167968
119 46.47725575116845
120 57.69175221951554
121 100.11656553050793
122 85.68217527972972
123 41.18959135918735
124 78.39040356778801
125 115.10669862273106
126 113.86788786747844
127 83.31775221519379
128 60.86340270410543
129 31.307911069660037
130 80.41943134696956
131 64.16357624859205
132 36.246165585166274
133 103.87035077828662
134 105.32784362379248
135 65.17316813465703
136 91.0441711224751
137 43.49715623876604
138 62.568218945355326
139 89.0379853686363
140 70.27911361353085
141 69.68608555928407
142 87.81326238133526
143 85.01675882577746
144 79.14435553587688
145 91.28677992900879
146 82.2650664067334
147 29.418782014619286
148 89.7401537694621
149 24.581759613331126
0 1
0 32
0 80
0 94
0 95
0 131
0 132
1 2
1 22
1 36
1 41
1 56
1 94
1 97
1 115
1 121
1 138
2 3
2 94
2 106
2 119
3 4
3 31
3 32
3 52
3 136
3 139
4 5
4 29
4 55
4 69
4 96
4 135
5 6
5 60
6 7
6 34
6 35
6 69
6 79
6 142
7 8
7 18
7 45
7 66
7 124
8 9
8 15
8 29
8 33
8 50
8 60
8 85
8 119
9 10
9 11
9 66
9 72
9 93
9 94
9 97
9 101
9 114
9 127
9 141
10 11
10 31
10 65
10 123
10 127
10 130
11 12
11 136
11 146
11 148
12 13
12 19
12 20
12 47
12 52
12 59
12 61
12 78
12 116
12 127
13 14
13 37
13 38
13 69
13 98
13 116
13 126
13 129
14 15
14 110
15 16
15 48
15 53
15 57
15 87
15 95
15 104
15 138
16 17
16 19
16 41
16 75
17 18
17 52
17 89
17 137
17 143
18 19
18 34
18 39
18 62
18 64
18 68
18 70
19 20
19 52
19 56
19 58
20 21
20 37
20 130
21 22
21 40
21 68
21 110
22 23
22 24
22 57
22 80
22 84
22 85
22 114
22 119
22 122
22 127
23 24
23 46
23 49
23 74
23 90
24 25
24 35
24 41
24 51
24 124
25 26
25 45
25 74
25 76
26 27
26 28
26 76
26 124
26 127
26 132
27 28
27 56
27 58
27 68
27 87
27 88
27 97
27 113
28 29
28 42
28 54
28 76
28 91
28 118
28 129
29 30
29 88
30 31
30 42
30 52
30 68
30 84
30 110
30 118
30 124
31 32
31 33
31 88
31 94
31 107
31 124
32 33
32 35
32 37
32 44
32 78
32 94
32 107
32 126
33 34
33 63
33 64
33 72
33 73
33 101
33 109
33 132
34 35
34 76
34 114
34 126
35 36
35 67
35 73
35 84
35 107
35 110
35 122
35 124
35 132
35 137
36 37
36 50
36 135
37 38
37 52
37 67
37 74
37 92
37 125
38 39
38 42
38 103
38 104
38 146
39 40
39 43
39 61
39 70
39 103
39 113
39 114
40 41
40 107
40 139
41 42
41 44
41 48
41 51
41 61
41 72
41 77
41 134
41 138
42 43
42 47
42 61
42 73
43 44
43 71
43 94
43 123
43 143
44 45
44 57
44 58
44 63
44 98
44 111
45 46
45 60
45 77
45 82
45 128
45 145
45 149
46 47
46 82
46 86
46 119
46 124
46 135
46 142
47 48
47 58
47 65
47 89
47 94
47 111
47 116
47 120
48 49
48 106
48 113
49 50
49 52
49 116
50 51
50 95
50 144
50 146
51 52
51 57
51 61
51 73
51 83
51 124
51 129
51 144
52 53
52 65
52 92
52 99
52 111
53 54
53 55
53 73
53 123
53 129
54 55
54 101
54 130
55 56
55 76
55 92
55 140
56 57
56 63
56 65
56 95
56 106
56 107
56 114
56 147
57 58
57 76
57 94
57 120
58 59
58 60
58 117
58 118
58 138
59 60
59 62
59 94
59 128
59 131
59 138
60 61
60 63
60 146
61 62
61 99
61 123
61 134
62 63
62 74
62 82
62 122
62 126
63 64
63 71
63 85
63 89
63 141
64 65
64 73
64 89
64 93
64 99
64 101
64 111
64 114
64 126
65 66
65 86
65 130
66 67
66 115
67 68
67 87
67 93
67 110
68 69
68 125
69 70
69 77
69 122
69 126
70 71
70 74
70 116
71 72
71 111
71 118
72 73
72 95
72 98
72 109
72 124
73 74
73 83
73 90
73 108
73 148
74 75
74 105
74 137
75 76
75 113
75 115
75 127
76 77
76 84
76 92
76 114
76 146
77 78
77 139
78 79
78 94
78 142
79 80
79 99
80 81
80 128
81 82
81 97
81 99
81 105
81 123
82 83
82 89
82 92
82 98
82 134
83 84
83 108
83 111
83 115
83 143
84 85
84 86
84 101
84 121
84 143
85 86
85 115
86 87
86 94
86 95
86 116
86 149
87 88
87 110
87 125
87 140
88 89
88 100
88 135
88 141
88 149
89 90
89 143
89 147
90 91
90 98
90 103
90 119
90 126
90 137
91 92
91 93
91 97
91 103
91 108
91 125
91 138
91 145
92 93
92 107
92 109
92 126
93 94
93 123
93 124
93 126
93 138
94 95
94 114
94 149
95 96
95 143
96 97
96 109
96 121
97 98
97 118
97 122
98 99
98 143
99 100
99 122
99 140
100 101
100 126
101 102
102 103
102 114
102 125
102 129
102 142
103 104
103 118
103 129
103 139
104 105
104 120
104 125
105 106
105 122
105 135
105 144
106 107
106 127
106 132
107 108
107 120
107 133
107 146
108 109
108 120
108 124
109 110
109 134
109 141
110 111
110 146
111 112
111 113
111 126
112 113
113 114
113 116
113 144
114 115
114 123
115 116
115 136
115 144
115 148
116 117
116 133
117 118
117 140
117 143
118 119
118 122
118 123
118 138
119 120
120 121
121 122
122 123
122 135
123 124
123 135
124 125
124 143
125 126
126 127
126 130
127 128
128 129
128 143
128 145
129 130
130 131
131 132
132 133
133 134
133 142
134 135
135 136
135 146
136 137
136 142
137 138
138 139
139 140
140 141
141 142
142 143
143 144
144 145
145 146
146 147
147 148
148 149
