0 44.42137169541216
1 86.7335942931046
2 113.48039490518352
3 110.72373219616605
4 21.492821334040972
5 71.29773922157591
6 84.13200393472631
7 20.819959090357358
8 116.44661106540454
9 112.91157511949874
10 112.19126372257162
11 66.08205025839464
12 105.03255859407882
13 34.605757088658166
14 22.514965075210185
15 43.835060574420176
16 97.60212155515335
17 73.37753655933945
18 22.46424759458649
19 85.45386717835255
20 43.184100146269195
21 110.6734384923322
22 56.987807361363174
23 21.857948304173394
24 91.82000952755648
25 64.9135050288386
26 104.48583799161642
27 29.66498622380614
28 112.64753489754042
29 52.6519664925917
30 88.72631146448126
31 56.834445021428095
32 52.81813539520445
33 72.72306152707378
34 46.24536052570898
35 113.44874443159014
36 88.05748516090989
37 118.59971927476971
38 80.9487002289421
39 53.220994693483796
40 59.52517108269043
41 78.19662048016511
42 58.04112691532059
43 64.38469185004547
44 113.60261936715459
45 37.47814673296335
46 37.94635981848529
47 34.81217000433583
48 61.335981555799435
49 64.48557397674105
50 27.53959615686267
51 55.52504273270202
52 52.48329497835323
53 113.77681227002941
54 30.800327263280295
55 79.20120901440183
56 115.46293048723582
57 57.77587915917663
58 113.90311712615811
59 55.849477658408745
60 48.97296389671978
61 21.15819937158256
62 60.799201008720885
63 26.514232420865888
64 63.64879245746301
65 67.15174439365444
66 84.50191014207002
67 67.68894298086823
68 62.848962603864514
69 60.51292162697534
70 76.57410014697598
71 44.05879620350069
72 20.506829292005374
73 110.94001955067958
74 22.725900693609407
75 45.25907352143596
76 60.95831410849614
77 82.8159558712592
78 85.96627603311357
79 53.52733646569281
80 70.75371814919282
81 42.42593037288002
82 60.412024864823024
83 113.44386032122509
84 75.68415872229481
85 102.17453786616406
86 28.64302506362732
87 52.39620521395672
88 97.6009001355685
89 112.83077492771045
90 113.40265169626467
91 30.970178190506175
92 65.07845191783997
93 49.45830666648285
94 100.47751302470525
95 86.16086357141747
96 89.5700229068373
97 34.44220647567176
98 23.7507189205507
99 67.11381647812672
100 34.426538092684616
101 41.902382538440165
102 45.70814414185057
103 53.04789615081917
104 97.99806614814317
105 31.787727457187042
106 37.08723401632641
107 86.07763152422989
108 104.0092437088664
109 69.07395042032836
110 57.893091943716904
111 47.84444810026761
112 42.497798804636936
113 93.74202563426837
114 68.66674819401447
115 58.18242622103624
116 32.82810384735325
117 20.592985363216325
118 55.67562283659368
119 76.48572992081279
120 86.6391740924578
121 64.45877485494131
122 36.60643365098824
123 42.01122208362595
124 33.05933509933356
125 105.99778060392335
126 24.375837698042425
127 98.04118933390563
128 31.11730743580025
129 36.017511359994
130 65.83439182610915
131 106.64750764880125
132 35.00221726262278
133 42.14585435836063
134 39.424443759668506
135 75.74000051324091
136 96.67264112501525
137 30.676237157281598
138 91.26281330551592
139 88.14811295774746
140 87.28745578690297
141 108.54088928190993
142 112.65421710525773
143 43.67648262500784
144 94.02894158647531
145 85.62035914797907
146 113.70161636454672
147 99.39133044841722
148 102.11121053286685
149 95.97631719278739
0 1
0 2
0 5
0 11
0 43
0 46
0 51
0 79
0 80
0 87
0 92
0 115
0 118
1 2
1 18
1 22
1 24
1 25
1 42
1 45
1 61
1 76
1 79
1 100
1 115
1 125
2 3
2 6
2 8
2 23
2 42
2 78
2 95
2 103
2 108
2 127
2 139
3 4
3 7
3 14
3 23
3 28
3 36
3 49
3 60
3 68
3 72
3 86
3 92
3 93
3 96
3 112
3 120
3 124
3 126
3 131
3 146
4 5
4 22
4 36
4 37
4 56
4 58
4 72
4 89
4 120
4 137
4 139
5 6
5 11
5 14
5 19
5 29
5 39
5 42
5 49
5 53
5 72
5 90
5 96
5 103
5 115
5 124
5 127
5 128
5 134
5 149
6 7
6 28
6 48
6 56
6 57
6 65
6 68
6 73
6 79
6 83
6 99
6 104
6 115
6 140
6 144
7 8
7 24
7 33
7 52
7 62
7 73
7 75
7 78
7 97
7 120
7 134
7 136
7 144
7 147
8 9
8 17
8 58
8 62
8 68
8 101
8 108
8 124
8 126
8 136
8 144
8 147
9 10
9 19
9 25
9 30
9 34
9 36
9 37
9 41
9 47
9 49
9 58
9 59
9 60
9 77
9 78
9 80
9 82
9 87
9 96
9 98
9 101
9 115
9 120
9 144
10 11
10 14
10 16
10 24
10 41
10 43
10 47
10 52
10 58
10 68
10 75
10 86
10 95
10 102
10 118
10 121
10 148
11 12
11 23
11 27
11 44
11 46
11 49
11 51
11 63
11 69
11 88
11 93
11 100
11 102
11 112
11 120
11 127
11 130
11 131
11 144
12 13
12 32
12 33
12 50
12 68
12 84
12 86
12 88
12 93
12 103
12 117
13 14
13 20
13 41
13 43
13 47
13 53
13 57
13 58
13 61
13 77
13 80
13 88
13 90
13 91
13 104
13 117
13 122
13 135
13 139
14 15
14 22
14 31
14 43
14 54
14 61
14 80
14 89
14 99
14 108
14 111
14 113
14 126
14 145
15 16
15 35
15 37
15 51
15 71
15 74
15 87
15 91
15 96
15 107
15 110
15 120
15 123
15 131
15 142
15 146
16 17
16 21
16 25
16 37
16 45
16 56
16 70
16 77
16 116
16 125
16 127
16 130
17 18
17 25
17 48
17 66
17 111
17 112
17 135
18 19
18 24
18 25
18 34
18 39
18 41
18 43
18 57
18 59
18 85
18 93
18 94
18 104
18 111
18 125
18 134
19 20
19 32
19 43
19 46
19 49
19 60
19 70
19 76
19 83
19 108
19 116
19 117
19 129
19 135
19 140
20 21
20 26
20 28
20 29
20 39
20 43
20 46
20 96
20 104
20 110
20 112
20 117
20 119
20 120
20 136
20 139
20 140
21 22
21 24
21 29
21 31
21 35
21 41
21 55
21 81
21 88
21 98
21 100
21 110
21 123
21 124
21 125
21 129
21 132
21 148
22 23
22 30
22 40
22 41
22 52
22 66
22 71
22 72
22 110
22 114
22 115
22 117
22 128
22 137
23 24
23 28
23 56
23 59
23 67
23 91
23 110
23 123
23 126
24 25
24 43
24 47
24 49
24 78
24 101
24 104
24 105
24 129
24 137
24 142
24 145
25 26
25 42
25 101
25 128
25 136
26 27
26 36
26 58
26 61
26 62
26 75
26 77
26 94
26 98
26 114
26 135
26 143
27 28
27 30
27 35
27 40
27 45
27 49
27 83
27 96
27 108
27 112
27 121
27 134
28 29
28 45
28 54
28 57
28 61
28 72
28 73
28 77
28 79
28 99
28 103
28 124
28 140
29 30
29 31
29 34
29 52
29 70
29 72
29 80
29 89
29 90
29 95
29 98
29 105
29 117
29 118
29 122
29 132
29 133
29 135
29 138
29 140
30 31
30 55
30 64
30 65
30 84
30 94
30 97
30 108
30 119
30 122
30 125
30 128
30 134
30 139
30 148
31 32
31 35
31 39
31 53
31 58
31 65
31 68
31 70
31 72
31 81
31 101
31 108
31 110
31 113
31 117
31 126
31 128
31 134
31 136
31 137
32 33
32 55
32 62
32 69
32 71
32 73
32 87
32 97
32 100
32 106
32 117
32 146
33 34
33 52
33 56
33 63
33 104
33 106
33 113
33 117
33 118
33 119
33 122
33 131
33 137
33 143
33 147
34 35
34 38
34 42
34 56
34 57
34 88
34 97
34 117
34 118
34 128
34 129
34 145
35 36
35 53
35 56
35 85
35 90
35 94
35 111
35 116
35 117
35 121
35 135
35 137
35 147
36 37
36 48
36 64
36 73
36 86
36 101
36 108
36 113
36 123
36 130
36 132
36 139
37 38
37 41
37 43
37 66
37 72
37 125
37 133
37 144
38 39
38 51
38 54
38 68
38 86
38 87
38 114
38 116
38 133
38 142
38 143
38 147
38 149
39 40
39 49
39 53
39 60
39 69
39 89
39 91
39 114
39 126
39 130
39 149
40 41
40 55
40 74
40 98
40 104
40 111
40 122
40 128
40 134
40 143
41 42
41 44
41 64
41 72
41 80
41 99
41 104
41 117
41 122
41 133
41 140
41 148
42 43
42 44
42 56
42 57
42 59
42 67
42 68
42 71
42 84
42 93
42 106
42 108
42 132
43 44
43 55
43 56
43 67
43 68
43 73
43 92
43 111
43 121
43 124
43 135
44 45
44 49
44 50
44 52
44 71
44 73
44 85
44 106
44 124
44 130
44 136
44 148
45 46
45 61
45 69
45 72
45 88
45 94
45 115
45 127
46 47
46 48
46 53
46 73
46 78
46 82
46 102
46 113
46 114
46 123
46 124
46 128
47 48
47 55
47 71
47 75
47 83
47 84
47 89
47 90
47 93
47 114
47 130
48 49
48 56
48 62
48 77
48 103
48 123
48 124
48 129
49 50
49 62
49 130
50 51
50 61
50 63
50 70
50 93
50 113
50 126
50 132
50 135
50 137
50 140
50 149
51 52
51 54
51 56
51 77
51 101
51 102
51 122
52 53
52 54
52 57
52 60
52 65
52 72
52 115
52 123
52 132
52 137
53 54
53 61
53 64
53 67
53 68
53 83
53 93
53 103
53 121
53 132
53 138
53 143
53 149
54 55
54 74
54 98
54 101
54 131
54 145
55 56
55 68
55 70
55 72
55 76
55 78
55 83
55 86
55 108
55 121
55 127
55 129
55 131
55 147
56 57
56 58
56 77
56 100
56 101
56 114
56 139
57 58
57 64
57 70
57 109
57 119
57 123
57 130
57 143
58 59
58 80
58 94
58 100
58 104
58 118
58 139
58 146
59 60
59 78
59 91
59 104
59 116
59 129
59 138
60 61
60 66
60 88
60 91
60 103
60 112
60 113
60 141
60 143
61 62
61 65
61 82
61 104
61 116
61 121
61 129
61 132
61 140
61 142
62 63
62 65
62 66
62 74
62 75
62 95
62 114
62 136
62 143
62 144
62 148
63 64
63 76
63 77
63 83
63 84
63 90
63 92
63 94
63 118
63 122
63 123
63 128
63 138
63 143
63 149
64 65
64 74
64 75
64 78
64 85
64 100
64 106
64 129
64 131
64 134
64 140
64 149
65 66
65 92
65 106
65 112
65 121
65 124
65 131
65 142
65 145
66 67
66 96
66 103
66 133
66 147
67 68
67 71
67 96
67 118
67 120
67 125
67 130
68 69
68 79
68 81
68 87
68 93
68 126
68 129
69 70
69 90
69 100
69 115
69 118
69 128
69 131
69 144
69 146
70 71
70 75
70 82
70 97
70 109
70 110
70 139
70 144
70 145
71 72
71 87
71 97
71 110
71 125
71 133
71 139
72 73
72 76
72 84
72 86
72 89
72 90
72 97
72 125
72 128
72 129
73 74
73 95
73 108
73 113
73 143
73 148
74 75
74 94
74 103
74 133
74 136
74 146
74 147
75 76
75 77
75 89
75 94
75 119
75 141
76 77
76 94
76 115
76 122
76 127
76 137
77 78
77 89
77 95
77 106
77 126
77 137
78 79
78 85
78 107
78 114
78 147
79 80
79 88
79 103
79 107
79 135
79 142
79 146
80 81
80 96
80 118
80 129
80 130
80 141
80 148
81 82
81 88
81 89
81 92
81 112
81 116
81 118
81 120
81 136
81 148
82 83
82 111
82 118
82 120
82 125
82 127
83 84
83 111
83 113
83 117
83 145
84 85
84 95
84 105
84 108
84 111
84 113
84 115
84 121
84 125
85 86
85 103
85 110
85 123
85 131
86 87
86 115
86 120
86 124
86 140
86 149
87 88
87 102
87 105
87 125
87 128
87 134
87 137
88 89
88 93
88 99
88 101
88 110
88 111
88 143
88 147
89 90
89 98
89 117
89 119
89 125
89 127
89 132
89 134
90 91
90 103
90 123
90 124
90 139
90 142
91 92
91 93
91 120
91 130
91 132
91 138
92 93
92 99
92 113
92 127
92 131
92 135
93 94
93 105
93 142
94 95
94 101
94 102
94 135
95 96
95 100
95 120
95 127
95 134
95 139
96 97
96 98
97 98
97 113
97 130
97 131
97 145
98 99
98 115
98 133
98 147
99 100
99 104
99 138
99 143
99 145
99 147
100 101
100 116
100 148
101 102
101 122
102 103
102 120
102 124
102 136
102 146
103 104
103 114
103 116
103 126
103 132
103 138
103 142
104 105
104 115
104 120
104 125
104 126
104 139
104 141
104 146
104 147
105 106
105 132
105 133
105 136
105 145
106 107
106 145
107 108
107 113
107 114
107 133
107 139
108 109
108 110
108 128
108 130
108 138
109 110
109 123
109 131
109 140
109 141
110 111
110 132
110 143
110 145
111 112
111 124
111 126
111 130
111 134
111 136
111 145
112 113
112 119
112 133
113 114
113 126
113 129
113 138
113 141
114 115
114 126
114 135
114 145
115 116
115 148
116 117
116 118
116 119
116 123
116 126
116 135
116 138
117 118
117 123
117 133
117 137
117 140
118 119
118 130
118 138
119 120
119 121
119 127
119 144
120 121
120 131
120 135
120 144
120 149
121 122
121 128
121 142
121 145
121 147
122 123
122 129
122 131
122 134
122 143
122 145
122 148
123 124
123 127
123 132
123 142
123 145
124 125
124 129
124 140
125 126
125 131
125 137
125 145
126 127
126 128
126 145
127 128
127 129
128 129
129 130
129 132
129 135
129 140
130 131
130 134
131 132
131 147
131 148
132 133
133 134
133 137
134 135
135 136
135 139
135 144
135 149
136 137
136 140
137 138
137 139
137 142
138 139
138 142
139 140
140 141
140 147
141 142
141 144
141 146
142 143
143 144
143 145
144 145
145 146
146 147
147 148
148 149
