0 97.01718899643298
1 50.5438313041343
2 26.628378572051076
3 61.027210486163916
4 28.62903974705729
5 24.47657577562297
6 27.061229707671558
7 97.95682965505326
8 59.40752262665422
9 119.63474451403802
10 118.73554409313773
11 108.97487563834349
12 96.66714031260737
13 73.85876016627208
14 61.33694037399999
15 23.910103387888597
16 108.65599024060637
17 51.11623808473271
18 42.53646040494384
19 51.18702466123719
20 54.73639658763488
21 41.61527433527706
22 98.68369419041582
23 93.78933648080846
24 46.63404574917995
25 59.512316437898406
26 24.968409777396978
27 98.72028267637708
28 79.06435592540652
29 30.942187254746372
30 94.26755916569631
31 53.04896170571615
32 111.89245917835815
33 119.10194486887279
34 24.304772110861954
35 32.69796732983617
36 107.95579995064878
37 90.2489421975916
38 81.28454843127275
39 56.31917709544544
40 30.77606930431348
41 84.7275518029423
42 84.82354259183009
43 95.92088114979768
44 84.60977254883618
45 20.517777978767665
46 83.78649016320878
47 48.3508675395346
48 35.634477933907064
49 23.30299618661848
50 105.544458718196
51 77.30650512199111
52 87.54035060673222
53 46.68289671659298
54 42.208311192679886
55 94.23420958832158
56 97.39432054544896
57 118.91162583462733
58 26.550352503132462
59 58.29717432084219
60 108.3668184823386
61 28.42006894119333
62 67.61237041679618
63 40.5315680566206
64 44.758733475946016
65 39.385049945636524
66 61.408360430379894
67 115.37786598054582
68 61.73883602936297
69 110.7372256886107
70 65.66544571158542
71 113.96534852506589
72 67.29964119382504
73 77.2532404315779
74 29.206606224902774
75 97.84424864419277
76 37.16225295872168
77 39.75673362302742
78 96.36402312496566
79 89.30138527311884
80 24.708493529112367
81 102.95660688027307
82 64.72199273702016
83 24.961583287081794
84 27.491170538059286
85 94.07992145209849
86 60.523497266931166
87 83.06852501653393
88 109.4710756549996
89 93.21065607092999
90 110.2347217292524
91 71.65513622821905
92 93.85190862720746
93 107.12452164034539
94 29.04690857798078
95 54.755004609731
96 35.23201249713793
97 22.413857765418026
98 117.50515774742415
99 36.872688020613815
100 51.764452973532705
101 80.8256307033336
102 55.98885694039271
103 22.1222704198826
104 48.1145955799974
105 29.98936122250215
106 113.42868839287817
107 113.75980931024337
108 88.22706833224423
109 116.0908215402064
110 41.430197196807775
111 22.276853179382876
112 83.26156218227197
113 101.55115659079581
114 107.88416961019175
115 105.78849306970238
116 44.52965010043676
117 110.4000356742132
118 35.17914933520228
119 75.14092143659083
120 113.86243469409901
121 26.785348724412408
122 47.29161203254081
123 57.979786629261554
124 24.56146352209499
125 97.94086278177276
126 97.3144669026734
127 30.962137097269416
128 64.93307612510665
129 21.937120440740458
130 42.394715625554596
131 97.36103600815053
132 113.3789079728856
133 32.669859966625786
134 56.58624350799653
135 108.50345480306457
136 89.11305102960578
137 29.794041588450465
138 23.78388259477448
139 101.79837926326753
140 115.79889205202821
141 39.69052188490738
142 32.69003748322179
143 55.553472993226386
144 26.7464396023013
145 35.056350864049115
146 103.67533442401083
147 41.34511551423367
148 49.783487537452224
149 85.33850425880372
0 1
0 26
0 31
0 34
0 51
0 62
0 64
0 80
0 84
0 101
0 121
0 125
0 130
0 131
0 138
0 146
1 2
1 8
1 10
1 22
1 39
1 40
1 59
1 72
1 102
1 145
2 3
2 10
2 16
2 22
2 72
2 89
2 94
2 118
2 129
2 131
3 4
3 16
3 32
3 64
3 83
3 87
3 113
3 115
3 123
3 144
4 5
4 11
4 12
4 14
4 22
4 90
4 106
4 112
5 6
5 12
5 18
5 22
5 28
5 47
5 52
5 55
5 66
5 72
5 93
5 99
5 125
5 146
6 7
6 26
6 31
6 82
6 86
6 91
6 118
6 120
7 8
7 55
7 56
7 58
7 64
7 79
7 80
7 98
7 99
7 105
7 109
7 124
7 126
7 149
8 9
8 13
8 21
8 29
8 44
8 53
8 57
8 59
8 95
8 124
8 125
8 126
8 144
9 10
9 12
9 22
9 37
9 47
9 48
9 50
9 96
9 107
9 130
9 133
9 140
9 148
10 11
10 24
10 28
10 29
10 79
10 96
10 106
10 119
10 121
10 126
10 127
10 129
11 12
11 34
11 51
11 58
11 64
11 68
11 70
11 92
11 107
11 114
11 126
11 134
11 137
12 13
12 70
12 82
12 90
12 100
12 101
12 127
12 138
12 149
13 14
13 28
13 51
13 57
13 71
13 77
13 78
13 89
13 99
13 109
13 110
14 15
14 19
14 28
14 41
14 49
14 52
14 55
14 77
14 80
14 102
14 114
14 119
14 122
14 138
15 16
15 66
15 75
15 108
15 117
15 118
16 17
16 38
16 39
16 55
16 83
16 101
16 102
16 107
16 127
16 135
16 146
17 18
17 46
17 58
17 61
17 91
17 117
17 124
17 140
18 19
18 59
18 81
18 82
18 95
18 100
18 106
18 109
18 114
18 118
18 123
18 127
18 132
18 143
19 20
19 23
19 35
19 57
19 58
19 67
19 75
19 143
19 148
20 21
20 35
20 58
20 63
20 66
20 105
20 115
20 125
20 134
21 22
21 23
21 27
21 41
21 73
21 79
21 83
21 98
21 101
21 103
21 118
21 121
21 123
21 146
22 23
22 66
22 68
22 104
22 140
23 24
23 26
23 37
23 38
23 40
23 99
23 124
23 143
24 25
24 27
24 28
24 32
24 37
24 70
24 72
24 99
24 136
25 26
25 27
25 32
25 39
25 48
25 51
25 66
25 77
25 89
25 92
25 95
25 96
25 101
25 141
25 143
26 27
26 29
26 40
26 45
26 46
26 55
26 61
26 67
26 86
26 105
26 123
26 127
27 28
27 34
27 54
27 66
27 88
27 96
27 103
27 112
27 147
28 29
28 37
28 40
28 42
28 67
28 77
28 104
28 125
28 146
28 149
29 30
29 62
29 70
29 81
29 107
30 31
30 34
30 61
30 62
30 82
30 88
30 130
31 32
31 34
31 43
31 45
31 51
31 57
31 117
31 140
32 33
32 39
32 44
32 84
32 87
32 96
32 110
32 116
32 148
33 34
33 55
33 67
33 94
33 101
33 104
33 146
33 147
34 35
34 74
34 82
34 94
34 112
34 123
34 136
35 36
35 38
35 39
35 60
35 70
35 90
35 92
35 114
35 120
35 124
36 37
36 53
36 58
36 61
36 96
36 109
37 38
37 46
37 51
37 79
37 87
37 92
37 99
37 126
37 128
38 39
38 76
38 105
38 110
38 113
38 119
38 120
38 123
38 124
39 40
39 60
39 69
39 77
39 79
39 82
39 96
39 110
39 120
39 126
39 134
39 147
40 41
40 47
40 51
40 52
40 61
40 70
40 71
40 87
40 90
40 97
40 136
40 140
40 145
40 147
41 42
41 48
41 71
41 73
41 87
41 91
41 139
41 141
42 43
42 50
42 76
42 86
42 101
42 108
42 117
42 120
42 134
43 44
43 52
43 96
43 105
43 138
44 45
44 63
44 67
44 70
44 89
44 90
44 101
44 105
44 113
44 130
44 134
44 140
45 46
45 58
45 65
45 85
45 133
45 134
45 135
45 137
45 140
45 141
46 47
46 79
46 102
46 134
47 48
47 50
47 58
47 61
47 66
47 94
47 101
47 119
47 135
47 144
48 49
48 118
49 50
49 68
49 86
49 94
49 123
49 139
49 142
50 51
50 61
50 82
50 83
50 92
50 98
50 100
50 126
50 134
50 138
50 144
50 149
51 52
51 62
51 95
51 111
51 113
51 128
51 131
52 53
52 55
52 79
52 91
52 105
52 113
52 120
52 131
53 54
53 57
53 58
54 55
54 56
54 59
54 60
54 77
54 88
54 120
54 122
54 145
55 56
55 59
55 72
55 75
55 83
55 136
56 57
56 63
56 119
57 58
57 68
57 76
57 88
57 111
57 128
58 59
58 66
58 106
58 122
58 124
58 128
58 133
58 143
59 60
59 89
59 93
59 95
59 103
59 111
59 148
60 61
60 81
60 82
60 98
60 124
60 128
61 62
61 85
61 92
61 100
61 120
61 127
61 140
61 145
62 63
62 76
62 77
62 81
62 100
62 108
62 119
62 145
63 64
63 70
63 79
63 105
63 139
63 148
64 65
64 78
64 147
65 66
65 67
65 71
65 73
65 76
65 77
65 81
65 111
65 121
65 145
66 67
66 120
66 144
67 68
67 75
67 90
67 108
67 113
67 120
68 69
68 81
68 85
68 137
68 141
69 70
69 71
69 105
70 71
70 85
70 89
70 119
70 123
70 130
71 72
71 82
71 94
71 97
71 102
71 114
71 124
71 136
71 143
71 148
72 73
72 92
72 99
72 101
72 126
72 148
73 74
73 90
73 132
73 134
73 135
73 141
73 145
73 148
74 75
74 79
74 87
74 88
74 99
74 114
74 119
75 76
75 78
75 81
75 83
75 101
75 122
75 139
75 148
76 77
76 114
76 121
76 127
76 141
76 149
77 78
77 82
77 108
77 114
77 121
77 122
77 125
78 79
78 98
78 119
78 121
79 80
79 89
79 118
79 119
79 148
80 81
80 110
80 112
80 131
80 132
80 135
80 146
81 82
81 85
81 87
81 90
81 115
81 141
81 143
81 144
82 83
82 130
83 84
83 100
83 104
83 114
83 118
83 119
83 129
84 85
84 108
84 149
85 86
85 108
85 120
85 133
85 139
86 87
86 94
86 136
86 142
86 145
86 148
87 88
87 96
87 98
87 101
87 109
87 120
87 137
87 140
87 143
87 145
88 89
88 99
88 111
88 121
88 144
89 90
89 95
89 104
89 118
89 120
89 124
90 91
90 97
90 112
90 122
90 144
91 92
91 107
91 117
92 93
93 94
93 109
93 119
94 95
94 110
94 114
94 126
95 96
95 113
95 120
95 124
95 132
96 97
96 100
96 102
96 106
96 123
96 134
96 142
97 98
97 106
97 109
97 137
97 142
98 99
98 111
98 115
98 148
99 100
99 111
99 127
99 134
99 135
99 145
100 101
100 104
100 131
100 144
101 102
101 111
101 115
101 116
101 119
102 103
102 109
102 110
102 134
102 135
103 104
103 135
103 139
103 141
103 149
104 105
105 106
105 119
105 147
106 107
106 108
106 111
106 114
106 117
107 108
107 116
107 138
107 145
107 146
108 109
108 110
108 134
108 136
109 110
109 114
109 130
110 111
110 140
111 112
111 122
111 143
111 149
112 113
113 114
113 118
113 122
113 123
113 144
114 115
114 133
114 140
115 116
115 123
115 130
116 117
117 118
118 119
118 133
118 142
118 146
119 120
119 131
120 121
120 138
120 140
121 122
121 127
121 146
122 123
122 130
123 124
123 146
124 125
125 126
125 147
126 127
127 128
128 129
128 133
128 137
129 130
129 140
129 147
130 131
130 144
130 147
131 132
131 145
131 149
132 133
133 134
133 136
133 148
133 149
134 135
134 139
135 136
136 137
137 138
138 139
138 147
139 140
139 141
140 141
141 142
142 143
143 144
143 147
144 145
144 146
145 146
146 147
146 148
147 148
148 149
