0 52.16053945631916
1 52.370612875673864
2 53.90463875242801
3 47.83694585249782
4 60.52403079136776
5 57.15965066928264
6 96.28406199813035
7 118.90501336635899
8 57.10449541059692
9 47.67627256698967
10 59.16954382894277
11 92.95787107074862
12 32.84919797102702
13 111.9106867021629
14 30.42398879744618
15 37.69885410308265
16 109.82520555463573
17 88.36599323785495
18 116.93009209323652
19 34.14589239645778
20 80.04694869945452
21 110.20621384445818
22 117.81084820022673
23 78.06261692613347
24 38.07215525689098
25 42.206065789169116
26 114.34481512022178
27 72.86215366750537
28 88.39953553955742
29 64.31414842464764
30 84.61137214612526
31 28.00038004677318
32 82.23667100090746
33 26.83259390948964
34 75.99895312107364
35 62.129259986315546
36 39.86675414229613
37 26.532632799826708
38 71.93179355093241
39 98.65976772701727
40 44.627979071799714
41 30.46692679859627
42 70.51848031665135
43 32.887890232006505
44 52.429513984114266
45 104.80598057108419
46 52.29819582337486
47 44.46601131082535
48 46.763189689180855
49 89.71725649620787
50 51.85819048945173
51 26.755971866801314
52 83.33013784527552
53 98.12211281857351
54 63.818749184534454
55 105.47892266625308
56 110.68682332687284
57 106.10704354140864
58 107.52947482124904
59 23.081091913672505
60 23.725019621691615
61 45.83210679978997
62 46.7934534173204
63 72.36338481140369
64 105.3354933520276
65 107.9708605550635
66 111.0334498280802
67 73.17673937856793
68 38.26524659349739
69 110.03249680848772
70 92.53702194711774
71 99.36399765210057
72 23.96339227137267
73 89.35829735421211
74 100.76499969944705
75 79.63300307530079
76 28.12084331010507
77 35.150937461878556
78 39.18051719529038
79 115.6744962701057
80 83.64418156110784
81 82.58654475786928
82 32.653405009497654
83 83.59236110464472
84 20.964224588542418
85 53.875869858604005
86 74.21737732206792
87 110.59256851393467
88 62.864936093456286
89 46.08228653711797
90 78.80518096664474
91 47.881195631471556
92 116.42852596067776
93 33.57079416959982
94 28.55944653566887
95 92.85070348719606
96 118.22773345064225
97 74.1535293349101
98 69.41470999759044
99 48.88762376293089
100 40.55638491003323
101 82.31380177033202
102 71.86865131936379
103 49.5136835304028
104 46.27456819656312
105 60.331970951196624
106 100.20835069180238
107 115.0763072287736
108 87.7548494294283
109 58.70296228088434
110 43.92992059722761
111 54.833355016473774
112 81.45114190885056
113 70.92657779699543
114 52.687596726538935
115 75.03084135257316
116 53.77199841602528
117 54.56821340697033
118 81.8310033661557
119 104.45130173174388
120 46.22522617792402
121 110.42894136563844
122 99.43694768190154
123 102.91437036872756
124 88.21093031845167
125 44.73036906491721
126 27.714795970995947
127 75.34004349671409
128 94.37517843299574
129 85.41108377974784
130 91.76209293315976
131 74.23901839812483
132 20.096715728441833
133 22.94786611654667
134 26.869788591946133
135 36.873374112604665
136 113.46424298157908
137 98.55631429967978
138 51.924047433027184
139 69.83480325392259
140 35.01196362615025
141 68.1918868036835
142 50.92429900042308
143 63.416491835323825
144 77.51628194251093
145 29.463771834256708
146 117.23485770746953
147 90.90863207607947
148 107.31661410791432
149 110.39047050269443
0 1
0 8
0 9
0 18
0 19
0 32
0 37
0 63
0 72
0 74
0 79
0 84
0 92
0 119
0 136
1 2
1 9
1 25
1 26
1 28
1 40
1 46
1 47
1 61
1 72
1 83
1 85
1 86
1 87
1 88
1 91
1 95
1 101
1 118
1 122
1 127
1 134
1 136
1 140
2 3
2 4
2 9
2 10
2 17
2 24
2 38
2 45
2 51
2 64
2 70
2 82
2 100
2 104
2 114
2 120
2 121
2 122
3 4
3 11
3 18
3 24
3 26
3 27
3 29
3 48
3 54
3 59
3 61
3 64
3 67
3 82
3 83
3 86
3 87
3 92
3 107
3 108
3 121
3 124
3 126
3 129
4 5
4 27
4 28
4 31
4 43
4 54
4 55
4 64
4 89
4 93
4 104
4 111
4 120
4 123
4 131
4 140
4 145
4 146
4 148
5 6
5 13
5 21
5 24
5 30
5 34
5 47
5 49
5 57
5 62
5 63
5 68
5 72
5 73
5 80
5 81
5 97
5 100
5 109
5 111
5 112
5 113
5 115
5 124
5 134
5 148
6 7
6 15
6 16
6 41
6 58
6 69
6 70
6 80
6 84
6 96
6 98
6 107
6 108
6 111
6 122
6 131
6 136
7 8
7 19
7 25
7 49
7 51
7 61
7 65
7 66
7 68
7 97
7 102
7 107
7 109
7 110
7 113
7 115
7 118
7 127
7 137
7 144
7 145
7 146
8 9
8 21
8 36
8 39
8 51
8 62
8 73
8 78
8 81
8 82
8 91
8 93
8 96
8 124
8 135
8 140
8 145
8 149
9 10
9 22
9 27
9 38
9 42
9 44
9 57
9 58
9 65
9 66
9 68
9 71
9 93
9 94
9 96
9 101
9 104
9 106
9 108
9 116
9 121
9 123
9 125
9 127
10 11
10 12
10 16
10 22
10 33
10 41
10 46
10 60
10 67
10 70
10 75
10 80
10 93
10 130
10 138
10 143
11 12
11 18
11 26
11 28
11 30
11 42
11 44
11 46
11 55
11 66
11 70
11 72
11 94
11 98
11 107
11 111
11 117
12 13
12 16
12 29
12 34
12 51
12 61
12 67
12 83
12 93
12 94
12 102
12 113
12 125
12 126
12 131
12 135
12 141
12 143
13 14
13 17
13 34
13 43
13 64
13 72
13 73
13 79
13 90
13 91
13 99
13 101
13 103
13 108
13 111
13 113
13 114
13 128
13 136
13 138
13 146
14 15
14 21
14 29
14 31
14 38
14 69
14 80
14 86
14 90
14 96
14 99
14 105
14 111
15 16
15 22
15 26
15 36
15 44
15 55
15 58
15 79
15 88
15 92
15 121
15 129
15 132
16 17
16 30
16 31
16 32
16 37
16 42
16 43
16 58
16 62
16 66
16 73
16 75
16 79
16 87
16 101
16 104
16 140
16 142
16 147
17 18
17 19
17 20
17 21
17 23
17 24
17 31
17 36
17 58
17 60
17 72
17 73
17 74
17 77
17 82
17 92
17 119
17 129
17 141
17 144
17 148
18 19
18 23
18 31
18 69
18 84
18 86
18 88
18 106
18 118
18 133
18 136
18 142
19 20
19 24
19 25
19 33
19 39
19 42
19 65
19 67
19 87
19 97
19 107
19 109
19 136
19 147
20 21
20 23
20 30
20 40
20 41
20 42
20 48
20 49
20 51
20 53
20 64
20 82
20 89
20 128
20 129
20 132
20 134
20 137
20 146
21 22
21 36
21 40
21 73
21 77
21 103
21 107
21 115
21 117
21 125
21 141
21 142
21 146
21 148
22 23
22 31
22 33
22 49
22 62
22 67
22 84
22 92
22 108
22 146
23 24
23 51
23 55
23 83
23 93
23 96
23 101
23 117
23 124
23 133
24 25
24 34
24 48
24 50
24 51
24 52
24 71
24 80
24 84
24 92
24 94
24 103
24 139
24 144
25 26
25 27
25 31
25 36
25 44
25 55
25 56
25 76
25 77
25 81
25 85
25 89
25 90
25 93
25 102
25 107
25 117
25 120
25 147
26 27
26 30
26 32
26 37
26 48
26 73
26 75
26 76
26 88
26 94
26 95
26 117
26 120
26 121
26 128
27 28
27 30
27 41
27 47
27 49
27 54
27 64
27 69
27 72
27 80
27 85
27 89
27 121
27 124
27 128
27 129
27 132
27 133
27 136
27 147
27 148
27 149
28 29
28 37
28 40
28 41
28 65
28 79
28 82
28 88
28 94
28 100
28 120
28 127
28 142
28 145
29 30
29 54
29 55
29 60
29 64
29 69
29 71
29 78
29 87
29 97
29 104
29 106
29 117
29 123
29 125
29 140
29 142
29 149
30 31
30 39
30 46
30 47
30 58
30 60
30 72
30 90
30 100
30 103
30 107
30 132
30 139
30 145
30 147
30 148
31 32
31 37
31 69
31 84
31 89
31 104
31 108
31 110
31 128
31 132
31 140
32 33
32 48
32 54
32 67
32 81
32 100
32 114
32 123
32 131
32 132
33 34
33 44
33 57
33 59
33 71
33 72
33 78
33 85
33 92
33 100
33 116
33 120
33 128
33 143
33 146
33 147
34 35
34 36
34 38
34 42
34 46
34 67
34 68
34 75
34 76
34 85
34 96
34 97
34 103
34 123
34 131
34 136
34 141
35 36
35 41
35 57
35 70
35 74
35 75
35 76
35 86
35 99
35 117
35 123
35 133
35 142
35 144
35 149
36 37
36 47
36 48
36 58
36 62
36 67
36 75
36 88
36 95
36 104
36 118
36 124
36 125
36 127
36 129
36 132
36 138
37 38
37 51
37 53
37 56
37 72
37 73
37 89
37 90
37 91
37 95
37 97
37 102
37 111
37 114
37 122
37 131
38 39
38 61
38 66
38 67
38 73
38 87
38 94
38 95
38 99
38 110
38 115
38 119
38 129
38 144
39 40
39 53
39 63
39 71
39 73
39 75
39 88
39 96
39 102
39 105
39 107
39 114
39 127
40 41
40 47
40 49
40 59
40 61
40 63
40 81
40 82
40 88
40 93
40 95
40 103
40 115
40 122
40 123
40 146
41 42
41 47
41 66
41 67
41 79
41 104
41 106
41 112
41 121
41 129
41 149
42 43
42 69
42 83
42 88
42 93
42 94
42 95
42 111
42 121
42 133
43 44
43 49
43 53
43 64
43 83
43 96
43 103
43 109
43 117
43 143
43 144
43 146
44 45
44 57
44 60
44 69
44 75
44 91
44 105
44 107
44 117
44 120
44 123
44 139
44 143
45 46
45 64
45 67
45 69
45 71
45 73
45 86
45 88
45 89
45 92
45 93
45 94
45 95
45 101
45 109
45 110
45 121
45 142
45 149
46 47
46 56
46 78
46 91
46 92
46 94
46 113
46 118
46 123
46 134
46 136
46 147
47 48
47 65
47 85
47 93
47 97
47 104
47 107
47 122
47 149
48 49
48 61
48 65
48 90
48 91
48 109
48 110
48 114
48 121
48 127
48 143
48 144
49 50
49 57
49 60
49 66
49 74
49 79
49 85
49 86
49 96
49 104
49 105
49 106
49 119
49 120
49 121
49 122
49 125
49 144
49 147
49 149
50 51
50 54
50 70
50 72
50 74
50 77
50 78
50 96
50 98
50 109
50 110
50 112
50 113
50 114
50 115
50 121
50 122
50 124
50 126
50 137
50 141
51 52
51 61
51 62
51 67
51 78
51 94
51 104
51 106
51 109
51 131
51 133
51 146
52 53
52 56
52 73
52 74
52 80
52 91
52 94
52 115
52 120
52 133
52 139
53 54
53 64
53 67
53 77
53 83
53 90
53 96
53 115
53 121
53 129
53 141
53 143
54 55
54 57
54 64
54 69
54 74
54 84
54 93
54 99
54 111
54 117
54 139
54 140
55 56
55 61
55 68
55 70
55 73
55 75
55 85
55 86
55 94
55 96
55 101
55 107
55 121
55 136
55 143
55 146
56 57
56 60
56 84
56 90
56 91
56 96
56 98
56 112
56 117
56 123
56 130
57 58
57 72
57 75
57 81
57 86
57 90
57 94
57 96
57 97
57 104
57 114
57 116
57 148
58 59
58 60
58 64
58 69
58 77
58 78
58 82
58 86
58 91
58 93
58 95
58 104
58 116
58 126
58 127
58 131
59 60
59 64
59 81
59 102
59 112
59 114
59 118
59 144
60 61
60 67
60 75
60 102
60 122
60 140
60 147
61 62
61 63
61 76
61 78
61 80
61 87
61 104
61 126
61 127
61 134
61 137
61 142
61 145
62 63
62 73
62 74
62 90
62 95
62 98
62 99
62 110
62 114
62 116
62 118
62 125
63 64
63 79
63 92
63 113
63 115
63 119
63 121
63 122
63 125
63 133
63 139
63 142
63 143
63 146
64 65
64 72
64 77
64 79
64 102
64 107
64 116
64 118
64 128
64 130
64 137
64 148
65 66
65 72
65 107
65 118
65 120
65 121
65 125
65 134
65 139
65 140
66 67
66 73
66 80
66 100
66 109
66 112
66 130
66 133
67 68
67 74
67 80
67 82
67 98
67 99
67 115
67 122
67 127
68 69
68 83
68 84
68 87
68 91
68 92
68 94
68 102
68 110
68 123
68 142
68 145
68 147
68 148
69 70
69 72
69 82
69 101
69 107
69 131
69 135
69 136
69 140
69 143
70 71
70 75
70 98
70 103
70 107
70 111
70 121
70 130
70 131
71 72
71 82
71 104
71 117
71 122
71 133
71 135
71 141
71 142
71 144
71 146
71 148
72 73
72 75
72 87
72 88
72 90
72 93
72 104
72 107
72 109
72 113
72 125
72 142
72 143
73 74
73 80
73 85
73 115
73 116
73 117
73 120
73 124
73 127
73 131
73 133
73 141
73 143
73 144
74 75
74 81
74 82
74 86
74 88
74 89
74 96
74 99
74 102
74 107
74 117
74 141
74 147
74 148
75 76
75 82
75 86
75 140
75 142
75 148
76 77
76 92
76 97
76 119
76 132
77 78
77 82
77 142
77 147
78 79
78 83
78 92
78 99
78 111
78 116
78 128
78 134
79 80
79 82
79 84
79 105
79 107
80 81
80 86
80 87
80 88
80 95
80 99
80 100
80 123
80 124
80 130
80 146
81 82
81 86
81 87
81 109
81 119
81 129
81 130
81 135
81 136
81 139
82 83
82 92
82 110
82 112
82 126
82 130
82 142
82 148
83 84
83 87
83 88
83 99
83 120
83 127
83 132
83 136
83 137
83 144
84 85
84 88
84 97
84 104
84 109
84 119
84 121
84 135
84 142
84 149
85 86
85 99
85 109
85 130
85 145
86 87
86 89
86 94
86 95
86 101
86 104
86 110
86 117
86 122
86 123
86 133
86 142
86 148
87 88
87 107
87 109
87 117
87 125
87 128
87 137
87 139
87 140
87 141
87 145
88 89
88 95
88 97
88 104
88 109
88 113
88 136
89 90
89 91
89 110
89 111
89 115
89 124
89 135
89 139
89 146
89 147
90 91
90 93
90 95
90 102
90 103
90 105
90 125
90 127
90 137
90 139
90 141
91 92
91 100
91 118
91 126
91 133
92 93
92 97
92 101
92 118
92 122
92 144
92 145
92 147
93 94
93 95
93 110
93 117
93 119
93 126
93 137
94 95
94 99
94 101
94 105
94 114
94 127
94 128
95 96
95 114
95 115
95 137
95 138
95 145
95 146
96 97
96 112
96 121
96 129
96 134
96 139
96 141
96 147
97 98
97 99
97 110
97 112
97 118
97 131
97 132
97 138
98 99
98 102
98 103
98 107
98 113
98 129
98 131
98 133
99 100
99 103
99 106
99 117
99 123
99 126
99 128
99 131
99 132
99 133
100 101
100 107
100 121
100 143
100 148
101 102
101 103
101 121
101 144
101 145
101 148
102 103
102 130
102 139
102 143
102 146
103 104
103 122
103 126
103 127
103 129
103 134
103 136
104 105
104 115
104 126
104 130
104 136
104 147
105 106
105 128
105 148
106 107
106 110
106 111
106 138
106 140
107 108
107 109
107 110
107 113
107 133
107 136
107 140
107 146
108 109
108 117
108 142
108 143
108 149
109 110
109 129
109 131
109 135
109 139
110 111
110 117
110 118
110 119
110 129
110 134
110 138
110 142
110 144
111 112
111 116
111 123
112 113
112 115
112 120
112 122
112 139
112 146
113 114
113 118
113 128
113 133
113 137
113 142
113 143
114 115
114 131
114 133
115 116
115 143
115 147
116 117
116 121
116 127
116 136
116 144
116 146
117 118
117 128
117 133
117 142
118 119
118 120
118 134
118 136
118 138
118 142
118 145
119 120
119 134
119 136
119 137
119 140
119 141
119 149
120 121
120 135
121 122
121 128
121 129
121 135
121 140
121 149
122 123
122 125
122 131
122 143
122 146
122 148
123 124
123 129
123 137
124 125
124 132
124 138
124 147
124 148
125 126
125 140
126 127
126 129
126 134
126 136
126 144
127 128
127 141
127 143
127 149
128 129
128 130
128 140
128 146
129 130
129 133
129 134
129 137
129 139
130 131
131 132
131 145
132 133
132 138
132 148
133 134
133 139
133 148
134 135
134 144
134 145
134 146
134 148
135 136
135 138
135 145
136 137
137 138
137 141
138 139
138 143
138 149
139 140
139 143
140 141
141 142
142 143
142 144
142 148
143 144
143 149
144 145
144 147
145 146
146 147
147 148
148 149
