0 101.12437765147573
1 118.56845391739967
2 74.6518659292011
3 22.713190468028092
4 58.90982191746879
5 66.99970613974347
6 105.9112944112551
7 92.56318608105504
8 83.04711253316027
9 52.82753598874807
10 103.9703774208796
11 99.37690317169711
12 40.82182515352616
13 50.66510217980066
14 83.91055205186055
15 88.5709157924549
16 44.95755925209717
17 59.30471931070807
18 41.04397202847855
19 111.62680603171017
20 48.57899177761779
21 47.00375915159834
22 56.57491893564303
23 82.52289424918959
24 54.51066632905355
25 101.4848437270272
26 66.86606392625828
27 41.04243068335225
28 50.36473981961536
29 107.55376737502064
30 33.983492083027585
31 24.035525600971614
32 40.3436174891129
33 69.86753986338351
34 41.229626821972445
35 29.403508447943622
36 82.28102832857145
37 96.13873870213564
38 51.533303173963105
39 94.39076298500329
40 54.167744220822016
41 56.9413908931759
42 108.85140336152712
43 99.71057737755129
44 68.25583333616802
45 42.28741056822344
46 33.14665599880578
47 54.09785379009703
48 22.807963205578258
49 42.27160757555926
50 58.041283332773396
51 110.07301970241225
52 31.655943183865155
53 89.33707608571463
54 86.90644680613644
55 111.01782571930028
56 99.9553452061737
57 113.09186045411026
58 97.93246815382459
59 72.10515093831566
60 20.870701595615053
61 75.11146264900589
62 111.63508447410905
63 53.19134030994396
64 52.398432806755146
65 70.7908926154133
66 45.28805589509513
67 90.47099271453388
68 96.13232129007116
69 108.06371765343532
70 117.93264568585039
71 115.51053796232874
72 40.498966492238765
73 98.68451889799121
74 36.89966655562664
75 105.21835132460693
76 49.83840321967991
77 26.77510069958447
78 92.18987383986985
79 74.37551380195532
80 77.67759101089689
81 91.46365655755423
82 108.59373215714325
83 43.54283331551238
84 57.642271564597664
85 55.700013319041474
86 57.09166358152124
87 89.4760148989006
88 78.6752275851876
89 71.70901935602373
90 106.86107808192452
91 112.62240745153869
92 82.57675435341424
93 95.04798868959197
94 107.12664788211467
95 36.83903765732252
96 31.35567571890609
97 43.863064200949765
98 24.12541649264736
99 90.1631629948448
100 79.47703548484478
101 107.69326865068219
102 22.618515395617415
103 102.2828898216637
104 51.81512047997373
105 61.04985881062409
106 73.66639390650485
107 94.29685650268901
108 71.96821919824217
109 91.00260911357189
110 90.79467129425096
111 29.418387716898092
112 107.56414402467233
113 105.13345431610078
114 45.21278619460517
115 39.47090527894869
116 99.28319178889842
117 46.47189572848056
118 87.40789389983959
119 41.33780308828062
120 118.54787328421448
121 105.40543500071696
122 107.22150021529336
123 109.97143085578445
124 55.17645067325187
125 85.0622503912213
126 97.42657721541775
127 80.13215639719598
128 70.76987673556017
129 46.29221195199024
130 46.85798205792249
131 107.71998605615453
132 66.19949826595524
133 31.126208216451378
134 78.30921390912559
135 33.37752830803744
136 102.28545931370606
137 39.472744002355746
138 63.693672479265004
139 55.98458614936851
140 81.60343277596056
141 112.81460309172516
142 94.37872748135143
143 41.730976536956945
144 46.329964662067475
145 60.79727285018778
146 58.13612217507771
147 65.64567243497933
148 72.13436095072419
149 51.85481967057417
0 1
0 32
0 35
0 40
0 42
0 44
0 60
0 65
0 74
0 82
0 104
0 137
0 138
0 144
0 147
0 148
1 2
1 4
1 14
1 33
1 70
1 119
1 145
2 3
2 19
2 42
2 52
2 63
2 64
2 67
2 84
2 128
2 144
2 147
3 4
3 6
3 8
3 24
3 33
3 47
3 57
3 59
3 70
3 82
3 92
3 93
3 126
4 5
4 11
4 15
4 20
4 30
4 43
4 68
4 99
4 107
4 110
4 115
4 133
4 147
5 6
5 10
5 17
5 20
5 51
5 58
5 97
5 107
5 119
5 131
5 134
5 148
6 7
6 10
6 18
6 104
6 106
6 114
6 121
6 134
6 136
7 8
7 30
7 50
7 73
7 90
7 109
7 116
7 119
7 141
7 142
7 144
8 9
8 13
8 20
8 23
8 36
8 40
8 45
8 48
8 64
8 87
8 92
8 95
8 101
8 111
8 123
9 10
9 23
9 25
9 42
9 84
9 123
9 137
9 140
10 11
10 25
10 37
10 39
10 59
10 86
10 90
10 93
10 104
10 117
10 120
10 129
10 133
11 12
11 37
11 48
11 72
11 73
11 102
11 143
12 13
12 15
12 20
12 24
12 27
12 56
12 67
12 77
12 83
12 104
12 106
12 118
12 123
12 127
12 131
12 145
12 146
12 149
13 14
13 18
13 37
13 47
13 66
13 97
13 102
13 125
13 127
13 138
14 15
14 26
14 27
14 77
14 82
14 86
14 90
14 100
14 101
14 119
14 129
15 16
15 19
15 31
15 43
15 50
15 85
15 90
15 91
15 101
15 104
15 111
15 112
15 114
15 125
15 127
15 137
15 143
16 17
16 21
16 22
16 23
16 40
16 43
16 53
16 71
16 79
16 97
16 102
17 18
17 45
17 74
17 92
17 96
17 102
17 108
18 19
18 22
18 51
18 54
18 92
18 94
18 137
19 20
19 49
19 75
19 86
20 21
20 34
20 59
20 63
20 73
20 75
20 80
20 103
20 133
20 148
21 22
21 51
21 68
21 113
22 23
22 31
22 35
22 99
22 112
22 147
23 24
23 26
23 30
23 49
23 52
23 114
23 139
23 148
24 25
24 26
24 70
24 82
24 104
24 105
24 130
24 140
25 26
25 31
25 32
25 36
25 46
25 58
25 75
25 92
25 117
25 119
25 124
25 141
25 143
26 27
26 40
26 57
26 90
26 132
27 28
27 33
27 36
27 42
27 52
27 68
27 71
27 73
27 85
27 89
27 113
27 116
28 29
28 42
28 43
28 62
28 74
28 80
28 93
28 102
28 103
28 112
28 134
28 138
28 146
29 30
29 38
29 45
29 58
29 66
29 87
29 105
29 109
29 139
29 141
30 31
30 55
30 58
30 64
30 65
30 84
30 86
30 98
30 107
30 108
30 113
30 128
30 148
31 32
31 91
31 106
31 136
32 33
32 48
32 59
32 77
32 79
32 91
32 92
32 93
32 117
32 127
32 144
32 145
33 34
33 44
33 47
33 53
33 76
33 77
33 82
33 90
33 94
33 119
33 129
33 131
33 142
33 144
34 35
34 41
34 49
34 57
34 67
34 148
35 36
35 55
35 101
35 102
35 116
35 126
35 138
35 149
36 37
36 38
36 50
36 56
36 95
36 105
36 119
36 127
36 131
37 38
37 60
37 67
37 75
37 77
37 101
37 110
37 111
37 117
37 124
37 135
37 136
38 39
38 70
38 77
38 80
38 100
38 132
38 134
38 144
38 145
39 40
39 79
39 108
39 133
40 41
40 52
40 58
40 65
40 66
40 84
40 138
41 42
41 43
41 146
42 43
42 49
42 51
42 75
42 80
42 87
42 126
42 133
43 44
43 49
43 109
43 114
43 128
43 130
43 140
44 45
44 48
44 61
44 62
44 79
44 113
44 127
44 129
44 142
45 46
45 90
46 47
46 51
46 52
46 65
46 71
46 84
46 85
46 87
46 91
46 97
46 117
46 118
46 129
47 48
47 114
47 115
47 141
47 142
48 49
48 63
48 68
48 79
48 87
48 88
48 96
48 100
48 116
48 126
48 138
49 50
49 63
49 66
49 94
49 99
49 107
49 130
49 136
49 138
49 139
49 144
50 51
50 54
50 58
50 88
50 92
50 94
50 132
50 134
50 140
51 52
51 54
51 70
51 71
51 77
51 85
51 89
52 53
52 79
52 110
52 123
52 126
53 54
53 60
53 65
53 74
53 82
53 118
53 129
54 55
54 58
54 64
54 67
54 68
54 72
54 77
54 81
54 108
55 56
55 61
55 100
55 114
55 115
55 126
55 133
55 147
56 57
56 69
56 92
56 93
56 107
56 110
56 117
56 136
57 58
57 61
57 63
57 80
57 84
57 114
58 59
58 60
58 84
58 91
58 115
58 131
58 142
58 144
59 60
59 68
59 89
59 103
60 61
60 63
60 71
60 73
60 81
60 88
60 89
60 96
60 121
60 132
61 62
61 68
61 71
61 88
61 120
61 124
62 63
62 72
62 75
62 76
62 114
62 115
62 117
63 64
63 100
63 104
63 110
63 119
63 130
64 65
64 76
64 80
64 82
64 91
64 93
64 94
64 116
64 119
64 141
65 66
65 130
66 67
66 85
66 108
66 144
67 68
67 71
67 79
67 81
67 97
67 103
67 106
67 116
67 122
67 124
67 141
67 145
67 146
68 69
68 86
68 97
68 113
68 123
68 137
68 140
69 70
69 73
69 94
69 97
69 106
69 107
69 125
69 128
69 137
70 71
70 72
70 77
70 79
70 103
70 121
70 138
70 148
71 72
71 102
71 125
71 130
72 73
72 103
72 105
72 126
73 74
73 92
73 104
73 133
73 137
73 146
74 75
74 116
74 120
74 123
74 148
75 76
75 84
75 92
75 112
75 114
75 123
75 134
75 142
75 143
75 146
76 77
76 83
76 101
76 107
77 78
77 103
77 124
78 79
78 91
78 115
78 118
78 147
79 80
79 120
79 134
79 138
79 142
80 81
80 105
80 109
80 129
80 132
80 133
80 145
81 82
81 98
81 103
81 105
81 127
81 132
81 143
82 83
82 114
82 116
82 138
82 147
83 84
83 123
83 143
84 85
84 97
84 118
85 86
85 95
85 97
86 87
86 95
86 100
86 103
86 141
87 88
87 127
87 148
88 89
88 130
88 134
89 90
89 97
89 102
89 104
89 120
89 144
90 91
90 105
90 117
91 92
91 129
91 146
91 147
92 93
92 95
92 112
92 119
92 121
92 141
92 144
93 94
93 104
93 117
93 141
93 146
93 148
94 95
94 100
94 122
94 130
94 147
94 149
95 96
95 116
95 139
95 146
96 97
96 108
96 121
96 131
96 132
97 98
97 100
97 116
97 134
98 99
98 126
98 135
99 100
99 123
99 125
99 129
99 130
99 132
99 137
100 101
100 111
100 119
100 148
101 102
101 107
101 138
101 148
102 103
102 110
102 118
102 135
103 104
103 105
103 110
103 112
103 114
103 124
103 149
104 105
104 125
104 144
105 106
105 107
105 118
105 132
105 143
106 107
106 108
106 118
106 125
106 142
107 108
107 114
107 119
107 129
107 142
108 109
108 122
108 139
109 110
109 114
109 122
109 128
110 111
110 127
110 128
110 146
111 112
111 116
111 134
111 144
112 113
112 116
112 121
112 125
112 131
112 132
113 114
113 126
113 138
113 142
114 115
115 116
116 117
116 140
116 149
117 118
117 123
117 134
117 138
118 119
119 120
120 121
120 122
120 131
120 141
121 122
121 126
121 138
121 143
122 123
122 128
123 124
124 125
124 127
124 143
124 149
125 126
125 135
125 139
125 142
126 127
126 147
127 128
127 139
128 129
129 130
129 146
130 131
130 140
130 141
131 132
131 136
132 133
132 140
132 144
133 134
133 139
133 149
134 135
134 137
134 140
135 136
136 137
137 138
138 139
139 140
140 141
141 142
141 146
142 143
142 145
142 149
143 144
144 145
145 146
146 147
146 149
147 148
148 149
