0 77.14925794334494
1 110.55983138433648
2 63.373550038495814
3 110.07057680272092
4 91.75256113245767
5 81.60257937753224
6 86.55534109478738
7 104.55180215729642
8 87.80222116605104
9 119.8951840257331
10 105.80504468300752
11 21.115681855780203
12 63.50799956362372
13 43.1003032475804
14 21.318635028053926
15 46.75197149238144
16 113.57945798693657
17 35.16971052489614
18 99.06704666176492
19 112.43218782478759
20 83.76522811682833
21 62.270568751662154
22 33.0522556548395
23 74.3046297753273
24 74.3410554757032
25 37.16989099924763
26 48.65231255284484
27 96.97461397826811
28 100.67954809550993
29 106.34782925934232
30 78.2839862603268
31 63.189370669685246
32 22.257203788903617
33 22.489323326053714
34 70.39679557308858
35 111.688480146122
36 32.801976085352784
37 56.50755305549696
38 50.722392037982345
39 35.54709725312162
40 63.75729562853261
41 97.88154296297176
42 40.738378721500595
43 57.03066786684031
44 90.8360731150388
45 89.84416550424866
46 52.46586671571799
47 31.796199346716925
48 49.16092218899321
49 46.83573357287536
50 21.005138933557525
51 25.216582298281526
52 56.33448770937018
53 105.64219683675513
54 106.62403975071771
55 46.67086491415458
56 114.75635690766457
57 68.76597941939491
58 96.74879661219262
59 23.834759618585714
60 114.60081402200838
61 108.8312770297984
62 64.86716213711446
63 48.32212648521431
64 87.0921917225169
65 116.2046527576116
66 98.13894119875631
67 26.46950839191901
68 64.062400880275
69 88.51558534198008
70 88.41907881241781
71 24.62227075260513
72 84.24772236740691
73 80.39058495116818
74 92.433674483731
75 106.97225272242437
76 49.37972410513198
77 54.4683922491797
78 106.00945115541823
79 25.813260725326543
80 73.84772729193111
81 100.64263614691826
82 64.54230478880993
83 39.02217237659404
84 90.55797209488908
85 119.48231997253325
86 77.30082340536612
87 97.63975313905121
88 72.58724940245747
89 97.90929361192569
90 26.695689761693195
91 67.61677715005948
92 105.32643244884042
93 40.46592134262766
94 115.30616147742225
95 24.10738211340167
96 97.03201105511009
97 57.884905368297495
98 23.239886992242326
99 84.1330382261621
100 47.05134824582956
101 56.17725013182629
102 46.312513883532496
103 24.006896972020517
104 100.460100554591
105 114.08321424839046
106 21.568715406753142
107 61.59969964619751
108 105.44782802865429
109 84.48499056092457
110 110.82637331483338
111 70.34480658885536
112 55.51053004223398
113 106.2587744189589
114 105.21085163125971
115 31.821391893638676
116 42.35646842355635
117 67.04781836699269
118 34.056422122353865
119 26.821123391964267
120 67.40430973269667
121 114.5668938901001
122 110.08709929835742
123 110.99519529914652
124 59.8502816413454
125 74.30259764644939
126 119.44923205648163
127 20.494876524598343
128 27.503658499253387
129 94.8527364665711
130 69.95344431258769
131 105.46023131024783
132 22.937593494925196
133 108.65203147098572
134 43.79357989527513
135 94.77797611899635
136 41.974963729598684
137 65.46019163960418
138 62.04553777416209
139 54.22096435021808
140 84.12648853355219
141 68.74240848834357
142 57.408993280515425
143 111.89807657596432
144 95.32114397973663
145 20.951145131737054
146 68.9401964792688
147 89.8847915649906
148 82.1164671835362
149 62.72206127039335
0 1
0 11
0 14
0 76
0 133
1 2
1 35
1 103
1 105
1 106
1 109
2 3
2 54
2 60
2 105
2 118
3 4
3 6
3 67
3 85
3 148
4 5
4 11
4 25
4 36
4 61
4 82
4 98
4 104
4 146
5 6
5 9
5 12
5 48
5 49
5 59
5 127
5 138
6 7
6 14
6 41
6 53
6 54
6 63
6 74
6 113
6 136
6 147
7 8
7 26
7 45
7 58
7 77
7 96
7 100
7 113
7 114
7 131
8 9
8 13
8 25
8 81
8 127
8 139
9 10
9 93
9 102
9 139
10 11
10 36
10 40
10 78
10 121
11 12
11 37
11 72
11 91
11 118
12 13
12 75
12 90
12 109
12 111
12 117
12 139
13 14
13 16
13 42
13 47
13 66
13 121
13 130
13 146
13 147
14 15
14 50
14 57
14 58
14 101
14 118
14 133
14 140
15 16
15 32
15 99
15 109
15 138
16 17
16 32
16 79
16 148
17 18
17 31
17 44
17 50
17 51
17 92
17 125
17 138
18 19
18 26
18 32
18 42
18 59
18 76
18 78
18 105
18 144
19 20
19 61
19 70
19 76
19 83
19 110
19 137
19 139
20 21
20 112
20 120
20 130
20 139
21 22
21 32
21 73
21 118
22 23
22 58
22 84
22 93
22 106
23 24
23 34
23 64
23 77
23 83
23 105
23 115
24 25
24 56
24 60
24 65
24 81
25 26
25 32
25 88
25 93
25 103
25 109
25 139
26 27
26 65
26 76
26 95
26 97
26 98
26 112
26 123
27 28
27 82
27 89
27 144
28 29
28 32
28 46
28 65
28 69
28 82
28 87
28 92
28 137
29 30
29 32
29 50
29 78
29 86
29 105
29 125
30 31
30 72
30 74
30 76
30 99
30 125
30 149
31 32
31 65
31 71
31 80
31 82
31 92
31 141
31 143
32 33
32 47
32 113
32 133
33 34
33 36
33 43
33 48
33 106
33 120
33 128
33 144
34 35
34 39
34 67
34 97
34 104
34 130
34 139
34 146
34 148
35 36
35 77
35 88
35 90
35 96
35 99
35 116
35 132
36 37
36 90
36 93
36 140
36 148
37 38
37 68
37 85
37 97
37 101
37 119
37 122
38 39
38 55
38 73
38 77
38 97
39 40
39 143
40 41
40 132
40 140
41 42
41 53
41 63
41 69
41 74
41 141
42 43
42 88
42 135
42 145
43 44
43 62
43 85
44 45
44 54
44 61
44 148
45 46
45 66
45 67
45 69
45 100
46 47
46 48
46 95
46 96
46 102
46 103
46 123
46 143
47 48
47 120
48 49
48 139
49 50
49 55
49 57
49 67
49 71
49 81
49 96
49 122
50 51
50 61
50 101
50 109
50 118
50 120
50 140
51 52
51 62
51 85
52 53
52 60
52 75
52 114
52 121
53 54
53 55
53 99
53 127
53 133
53 147
54 55
54 61
54 70
54 79
54 124
55 56
55 92
56 57
56 96
56 102
56 108
57 58
57 64
57 113
57 115
58 59
58 67
59 60
59 95
59 111
59 124
60 61
60 64
60 107
60 122
60 136
61 62
61 86
61 115
61 137
61 145
61 148
62 63
62 78
62 87
62 104
62 138
63 64
63 65
63 66
63 68
63 130
63 141
64 65
64 79
64 113
64 126
64 136
65 66
65 75
65 81
65 116
65 126
65 132
65 139
65 140
66 67
66 68
66 83
66 85
66 86
66 89
66 98
66 122
66 143
67 68
67 70
67 78
67 101
68 69
69 70
69 71
69 82
69 99
69 118
69 139
70 71
70 72
70 76
70 104
70 127
71 72
71 79
71 92
71 93
71 129
72 73
72 78
72 96
72 123
73 74
73 122
73 128
73 129
73 137
74 75
74 125
75 76
75 97
75 121
76 77
76 101
76 102
76 107
77 78
78 79
78 98
79 80
79 111
79 123
79 138
80 81
80 91
80 118
80 134
80 138
80 140
81 82
81 97
81 108
81 137
82 83
82 95
82 116
82 118
82 119
82 146
83 84
83 95
83 132
83 143
83 144
84 85
84 90
84 106
84 134
85 86
85 92
85 95
86 87
86 114
86 124
87 88
87 91
87 139
88 89
88 103
88 105
89 90
89 94
89 104
89 108
89 114
90 91
90 112
90 120
90 129
90 142
90 148
91 92
91 111
91 129
92 93
93 94
94 95
94 103
94 146
95 96
95 100
95 118
95 133
96 97
96 100
96 108
97 98
97 108
97 120
97 147
98 99
98 145
99 100
100 101
100 110
101 102
101 109
101 132
101 140
102 103
102 117
103 104
103 129
104 105
104 107
104 111
104 114
105 106
105 109
106 107
106 141
107 108
107 111
107 128
108 109
109 110
109 137
110 111
110 117
111 112
111 137
112 113
113 114
113 134
114 115
114 135
115 116
115 118
115 120
116 117
116 141
117 118
117 131
117 140
117 141
118 119
118 129
119 120
119 125
119 149
120 121
121 122
121 127
121 137
122 123
123 124
123 125
123 138
123 148
124 125
124 135
124 144
125 126
125 130
125 137
126 127
127 128
127 130
128 129
128 135
129 130
129 145
130 131
131 132
132 133
132 146
133 134
134 135
134 149
135 136
136 137
137 138
137 148
138 139
139 140
140 141
141 142
141 147
142 143
143 144
143 145
144 145
145 146
146 147
147 148
148 149
