0 50.30290032398945
1 90.07251699013507
2 96.52343903623292
3 80.49649541066108
4 52.36151435447381
5 71.4363655376592
6 42.98597803520941
7 82.03343114370804
8 53.360370579327146
9 43.30107175342661
10 98.496575066808
11 59.065433966918036
12 101.27935402209972
13 52.69790476656986
14 89.7915091935893
15 42.36078004507186
16 116.64591754476751
17 74.00214737539102
18 64.40951991758763
19 48.70646313699488
20 43.257843117518696
21 53.86220809881535
22 45.56234705334964
23 79.63909131742639
24 84.78410314727955
25 21.228192000999517
26 76.98643872953417
27 20.005744231416216
28 88.20876328268646
29 34.11378200775576
30 62.149001960871644
31 90.85004086295838
32 103.93056689700177
33 113.72930731794241
34 47.59173988896059
35 29.185035593225788
36 99.30346000082564
37 98.7526804656338
38 73.73070697844494
39 38.40602781550443
40 27.501029487071637
41 37.75883915851739
42 118.09098788558404
43 77.41271255620913
44 56.810375101113635
45 26.20725141040536
46 85.73992482461344
47 33.9515503724234
48 46.808755943533754
49 85.89090289867008
50 59.59290656446968
51 58.255637794053364
52 117.34882725331308
53 79.37912696196543
54 109.30076666365983
55 116.75073263431175
56 93.87608025763099
57 49.740521628979046
58 71.58811391284905
59 62.412534423865225
60 28.32469099968684
61 76.7111333136518
62 57.19695438572329
63 108.3016989606732
64 88.68562807798239
65 44.47695858735859
66 110.00022244474576
67 33.86948628779169
68 82.31357756035345
69 23.368728052096582
70 42.38494349041166
71 49.81834669080404
72 28.136861001635662
73 78.02089873147185
74 97.664896405503
75 96.61815295611338
76 21.157153803322018
77 27.92557005079255
78 45.06784641104177
79 54.2201861708561
80 38.97357531620728
81 102.81608999789184
82 95.75252891640983
83 96.07739614618649
84 24.53821230111705
85 54.94388705991487
86 39.3457577461497
87 29.2708741872036
88 41.947969046343616
89 113.06607155885472
90 39.65014592774003
91 24.358861142178295
92 42.800143021335586
93 88.84021857061684
94 95.4581368816236
95 53.50603151597993
96 99.48690196107763
97 75.32661228962988
98 67.81815167162668
99 23.51720320444918
100 58.77639647624712
101 109.42721770279195
102 98.63384127446285
103 111.59101613745088
104 44.125981021765654
105 105.34449048264166
106 97.13757389209222
107 85.92554800206798
108 88.39559707441735
109 104.52206510760475
110 50.56446513645751
111 20.74922866898859
112 109.9770996524692
113 29.033246217005715
114 23.26338852592848
115 95.9168171977269
116 54.82790469510486
117 70.01218980965373
118 44.516579023966486
119 104.90162380048622
120 114.49503425520221
121 90.4764949513054
122 49.49959179750109
123 81.83155962754888
124 95.9382660920766
125 72.76887307686877
126 30.098525817146186
127 98.15800950138411
128 62.80875391905681
129 94.84948366716141
130 72.71161057704384
131 72.6128961082538
132 89.81217426415863
133 76.79938181423202
134 108.69736635963379
135 84.30078617646406
136 71.88304302033723
137 99.14946844566528
138 79.79171673034296
139 78.08919670749268
140 108.11957367387772
141 58.02825003773473
142 25.60163694755975
143 103.90174404742676
144 36.77606956591586
145 88.6255553161525
146 33.19300129164836
147 37.08515140893849
148 32.082497414014036
149 58.09834821913603
0 1
0 11
0 12
0 38
0 40
0 54
0 94
1 2
1 13
1 36
1 41
1 45
1 50
1 51
1 63
1 65
1 79
1 89
1 121
1 139
2 3
2 79
2 131
3 4
3 16
3 109
3 130
4 5
4 19
4 115
4 116
5 6
5 23
5 39
5 88
5 107
5 121
6 7
6 9
6 46
6 55
6 78
6 84
6 91
6 120
6 124
6 142
7 8
7 11
7 17
7 28
7 39
7 65
7 96
7 104
7 136
8 9
8 37
8 60
8 136
8 143
8 147
9 10
9 58
9 90
9 110
9 114
9 135
10 11
10 14
10 48
10 71
11 12
11 17
11 58
11 64
11 65
11 78
11 79
11 86
11 87
11 110
11 127
12 13
12 25
12 43
12 45
12 46
12 51
12 60
12 75
12 93
12 118
13 14
13 30
13 38
13 46
13 63
13 70
13 71
13 75
13 82
13 85
13 91
13 104
14 15
14 68
14 115
14 120
14 134
15 16
15 36
15 59
15 70
15 92
15 124
15 142
15 143
16 17
16 35
16 94
16 105
17 18
17 19
17 39
17 40
17 81
17 87
17 100
17 132
18 19
18 30
18 37
18 45
18 69
18 82
18 103
18 125
19 20
19 29
19 72
19 109
19 124
20 21
20 54
20 64
20 142
21 22
21 50
21 74
21 97
21 115
21 122
21 126
21 146
22 23
22 24
22 45
22 53
22 57
22 115
22 123
22 130
23 24
23 60
23 91
24 25
24 31
24 82
24 104
24 112
24 125
25 26
25 37
25 67
25 84
25 141
25 142
25 143
26 27
26 85
26 124
27 28
27 36
27 60
27 79
27 97
27 100
27 130
27 140
27 145
28 29
28 31
28 63
28 67
28 98
29 30
29 32
29 33
29 65
29 73
29 102
29 117
29 121
30 31
30 33
30 61
30 120
30 134
30 144
31 32
31 52
31 98
31 105
31 126
31 140
31 147
31 148
32 33
32 48
32 52
32 54
32 71
32 74
32 100
32 125
32 136
33 34
33 103
33 120
33 127
33 130
33 143
34 35
34 52
34 86
34 92
34 119
34 142
35 36
35 66
35 91
35 109
35 131
35 133
35 137
36 37
36 47
36 75
36 92
36 103
36 128
37 38
37 83
37 116
37 138
38 39
38 51
38 106
39 40
39 47
39 62
40 41
40 51
40 57
40 67
40 124
41 42
41 107
41 114
41 129
42 43
42 88
42 143
43 44
43 52
43 80
43 111
43 125
43 135
43 149
44 45
44 84
44 90
44 117
45 46
45 124
45 142
45 143
46 47
46 48
46 60
46 96
46 97
46 101
46 125
46 142
47 48
47 72
47 109
47 120
47 122
47 141
48 49
48 52
48 69
48 74
48 105
48 114
48 139
49 50
49 61
49 77
49 81
49 83
50 51
50 82
50 93
50 100
50 120
50 125
50 145
51 52
51 55
51 72
51 78
51 90
51 102
51 138
51 147
52 53
52 59
52 62
52 80
52 104
52 117
53 54
53 62
53 89
53 108
53 114
53 121
53 133
54 55
54 59
54 106
54 120
54 147
55 56
55 81
55 84
55 116
56 57
56 80
56 98
56 117
56 124
57 58
57 69
57 88
57 97
57 132
58 59
58 91
58 108
58 120
58 131
58 143
59 60
59 76
59 78
59 92
59 96
59 123
60 61
60 126
60 149
61 62
61 85
61 126
62 63
62 108
62 120
62 123
62 142
63 64
63 87
63 95
63 109
63 117
63 120
63 130
63 136
63 147
64 65
64 112
64 117
64 123
65 66
65 74
65 93
65 100
65 149
66 67
66 71
66 74
67 68
67 104
67 110
67 117
67 130
67 139
68 69
68 99
68 102
68 147
69 70
69 88
69 128
70 71
70 72
70 98
70 145
70 148
71 72
71 89
71 104
72 73
72 87
72 96
72 105
73 74
73 90
73 96
73 117
73 148
74 75
74 79
74 98
75 76
75 88
75 102
76 77
76 112
76 146
77 78
77 101
77 105
77 121
77 129
78 79
79 80
79 90
79 139
79 142
80 81
80 104
80 126
81 82
82 83
82 106
83 84
83 86
83 104
84 85
84 89
84 99
84 127
84 149
85 86
85 140
86 87
86 113
86 118
86 132
87 88
87 96
87 105
87 108
88 89
89 90
89 143
90 91
90 95
90 125
90 142
91 92
91 128
91 146
92 93
93 94
93 121
94 95
94 99
94 114
94 125
94 136
95 96
95 107
96 97
96 143
97 98
98 99
98 121
98 135
98 146
99 100
99 140
100 101
100 110
100 117
100 124
101 102
101 114
102 103
102 109
103 104
103 113
103 122
104 105
105 106
105 116
105 119
105 137
106 107
106 112
107 108
107 131
108 109
108 118
108 138
109 110
109 144
109 149
110 111
111 112
112 113
112 127
112 148
112 149
113 114
113 121
114 115
115 116
115 122
115 143
116 117
116 124
117 118
117 130
117 140
118 119
118 144
119 120
119 122
119 138
120 121
121 122
121 126
121 133
121 138
122 123
123 124
124 125
124 131
124 135
124 144
125 126
125 134
126 127
126 146
126 149
127 128
127 147
128 129
128 138
129 130
130 131
131 132
132 133
132 134
132 141
133 134
133 144
134 135
134 144
135 136
136 137
137 138
138 139
139 140
140 141
141 142
142 143
143 144
144 145
145 146
146 147
147 148
148 149
