0 90.92889613207105
1 44.69113088800883
2 96.85468999515396
3 61.2269472113001
4 67.87662660723849
5 33.81270931019398
6 33.98072594892214
7 50.75842717522159
8 118.89387450499957
9 40.706789679797694
10 24.87515398862235
11 117.14425087239727
12 91.26916574415166
13 57.924723513728786
14 96.05654287589627
15 81.75603439105609
16 47.5120893970864
17 20.840230437306023
18 60.298090935051434
19 22.639179919277733
20 34.78976070988421
21 24.622843830451817
22 69.62395754757212
23 78.47825444580081
24 71.4166398933679
25 88.30389728095012
26 69.90632806375234
27 118.54070585426446
28 65.6106478609021
29 108.61388010924776
30 96.15319401512231
31 53.357831319781006
32 99.01380499657361
33 111.21138647483681
34 116.42446820037225
35 39.90579773031177
36 52.88568140570638
37 24.990320403366866
38 79.28669958992013
39 117.17847228994064
40 28.413162437717205
41 76.3434120595652
42 44.81432542163496
43 93.29764937090499
44 114.24014676924573
45 24.576475555880616
46 82.36807946111797
47 93.68524465855984
48 84.10599672816096
49 37.109317720033545
50 99.7287588860027
51 71.3258805957925
52 65.39166854217106
53 33.66551934521944
54 27.637289454584295
55 74.7772241476096
56 105.40763368258354
57 112.34479377093075
58 21.38962747196888
59 67.33931592153667
60 76.41786160649653
61 107.28801694956863
62 56.85772257938014
63 91.67306641427774
64 102.6792898409776
65 117.58637655873434
66 92.15541239451856
67 78.16198332141802
68 63.186319267465215
69 90.15257658468003
70 38.14078365723404
71 102.44009155934283
72 22.34512244788091
73 35.463389907952376
74 31.04416710153091
75 107.76294619943357
76 67.46259517882248
77 104.39923421021093
78 28.733628659389982
79 21.27751508596927
80 86.72004383005122
81 56.8479483787405
82 58.4774273023373
83 109.75060445740115
84 104.21177661658528
85 108.30621435478612
86 28.535633989022696
87 39.94447105995461
88 99.66396273398892
89 49.40363055462577
90 78.51067262992615
91 31.582074084620416
92 79.60929322252395
93 95.09068813076603
94 84.10927903911754
95 116.72341846069268
96 34.07806638340785
97 35.17346820450026
98 50.81600184627235
99 48.378287854625185
100 108.27658037912789
101 25.944143921768134
102 27.951006518951232
103 33.309584669522664
104 42.25876483986483
105 83.84786773325473
106 49.68262724838539
107 99.23543177388355
108 83.25721675035614
109 116.44300895026021
110 62.78775356482536
111 45.01704826059826
112 55.124931543215865
113 53.35307474748681
114 32.30080920636081
115 63.923342730645686
116 77.24916334558273
117 20.475129012633946
118 25.664709932550426
119 74.69210535519238
120 61.33405341947106
121 34.400837638730934
122 63.594870018642034
123 42.86149465478251
124 78.60873928725704
125 80.82276023529663
126 91.58998064111299
127 25.724541821139347
128 82.30292815800647
129 80.63986685454138
130 69.87090429048658
131 28.26319640164095
132 90.64194301323755
133 40.542660022621895
134 101.50175481356524
135 114.54741161990415
136 84.14852875122733
137 31.049731603772596
138 118.54480490427603
139 79.33863239604938
140 47.698759309725894
141 34.28393477558754
142 24.323602205215373
143 48.015989031522594
144 92.56464235126074
145 56.21780929283951
146 46.21624935481248
147 39.44736254397624
148 26.58606016070119
149 103.68425762897354
0 1
0 19
1 2
1 9
1 53
1 121
2 3
2 4
2 28
3 4
3 59
4 5
4 7
4 45
4 53
4 56
4 83
4 86
5 6
6 7
6 109
6 117
6 132
7 8
7 51
7 110
8 9
8 141
9 10
9 111
9 115
9 123
9 145
10 11
10 63
11 12
11 15
11 42
11 64
12 13
12 15
12 43
13 14
13 28
13 75
13 79
13 98
14 15
14 53
15 16
16 17
16 52
17 18
17 52
17 75
17 102
17 132
18 19
18 29
18 35
18 54
19 20
20 21
20 38
21 22
21 102
22 23
22 70
22 117
22 144
23 24
23 31
23 105
24 25
24 84
24 108
24 109
25 26
25 27
25 46
25 78
25 118
26 27
27 28
27 70
27 75
27 93
28 29
28 57
28 81
29 30
29 37
29 83
29 85
29 119
30 31
30 79
30 96
30 118
31 32
31 63
31 90
31 94
32 33
32 86
32 122
33 34
33 36
33 40
33 108
34 35
34 36
35 36
35 129
35 142
36 37
36 147
37 38
37 44
37 45
38 39
38 98
39 40
39 63
39 88
39 110
39 128
40 41
40 80
41 42
41 70
41 80
41 146
42 43
43 44
43 129
43 136
44 45
44 89
44 90
44 134
45 46
46 47
47 48
48 49
48 96
48 99
49 50
50 51
50 133
51 52
51 56
51 114
51 118
51 119
52 53
53 54
53 123
53 138
53 147
54 55
54 113
55 56
56 57
57 58
57 95
58 59
58 80
58 86
59 60
59 117
59 119
59 136
60 61
60 98
60 117
61 62
61 92
62 63
63 64
64 65
65 66
65 120
66 67
66 120
67 68
68 69
68 70
69 70
70 71
70 98
71 72
72 73
72 105
73 74
74 75
74 139
75 76
76 77
77 78
77 109
78 79
79 80
80 81
80 142
80 143
81 82
81 142
82 83
83 84
83 123
84 85
85 86
85 94
86 87
86 113
86 115
86 138
87 88
87 91
87 118
88 89
89 90
90 91
91 92
92 93
92 103
93 94
94 95
95 96
96 97
97 98
98 99
98 123
99 100
100 101
100 109
100 131
100 148
101 102
102 103
103 104
104 105
105 106
106 107
107 108
108 109
109 110
109 141
110 111
110 121
111 112
112 113
112 146
112 148
113 114
114 115
114 146
115 116
116 117
117 118
118 119
119 120
120 121
121 122
121 128
122 123
122 124
123 124
124 125
125 126
126 127
127 128
128 129
129 130
130 131
131 132
132 133
132 135
133 134
134 135
134 147
135 136
136 137
137 138
137 140
137 141
137 144
138 139
139 140
140 141
140 147
141 142
142 143
143 144
144 145
145 146
146 147
147 148
148 149
