0 32.33823950569772
1 73.6424347643111
2 89.71333584388688
3 26.754362738990203
4 96.06251283448715
5 112.8654503683167
6 33.05446498655681
7 73.5835595695558
8 50.06338216828131
9 50.944414656519534
10 83.89975477576371
11 104.95184457322509
12 74.48714690301321
13 36.52881607648096
14 84.64271956853047
15 106.29352513379945
16 27.969206790290407
17 79.80036534848945
18 110.09333063862726
19 100.34198897506312
20 54.56257750154606
21 85.72457789779962
22 101.6744086456355
23 49.29534107836477
24 73.95660285444174
25 55.67326637816776
26 110.1050621168819
27 74.92725636280329
28 95.6383332218858
29 96.2393475086552
30 105.63183984149917
31 93.32576977423895
32 116.4966870188189
33 103.06931260894757
34 110.27837736308018
35 29.0091267506166
36 58.34215976953543
37 119.66753330743654
38 30.119596425377765
39 94.35928228764914
40 76.91255121328615
41 106.38059924646004
42 117.24652019989716
43 94.62997677601784
44 27.157767884426054
45 93.14866022509983
46 70.8730313567141
47 46.227772817713834
48 100.94445459319591
49 31.114759859874862
50 94.94604604093819
51 76.53081116952757
52 62.793873163443955
53 102.81199172561624
54 65.65565525087425
55 107.20146991644167
56 96.86407618385515
57 98.40221750110804
58 26.40204631962305
59 109.76549804971329
60 44.11009041525052
61 116.31904796580254
62 20.06109312092515
63 62.17164265152549
64 52.4034811845313
65 100.67161700066528
66 88.8007116472211
67 28.11211905630927
68 84.36535134866033
69 84.89463978853337
70 20.23519124552809
71 27.075758359436612
72 27.76440211924429
73 71.38413057101653
74 95.36490240817014
75 62.422054647339436
76 31.55446857477113
77 40.237065417953744
78 98.53392145066151
79 27.205665562351037
80 46.97346321620924
81 46.71719213024278
82 82.5482856047476
83 113.04746251160037
84 87.59842904243395
85 36.698070904238925
86 43.13269470262854
87 106.03949222402555
88 34.84897975055639
89 82.08834875156053
90 46.063735716491344
91 65.48772695411988
92 106.1541047073086
93 114.12321746122986
94 67.6027231044242
95 46.23782174228437
96 71.84496296736768
97 111.40980029768404
98 54.26156211172848
99 43.39553050042535
100 53.80894790787339
101 81.74327537094311
102 81.47004293797544
103 109.44482567736317
104 64.03793624262397
105 61.964292548831146
106 92.3732421501585
107 118.08318890717244
108 44.42634360241479
109 48.50726897183176
110 27.772832628922878
111 26.534931259990817
112 50.522202784857214
113 62.792975861525875
114 116.13622027867471
115 118.66982557410435
116 81.4071971162374
117 50.24778569927351
118 78.6326420017476
119 94.94569001246862
120 95.4791832010887
121 109.48582835683655
122 118.31547237593779
123 112.01006901320143
124 67.63343327840971
125 49.06919977219498
126 104.85516744696965
127 64.73743372226545
128 37.18645950455722
129 73.26532496560199
130 36.63740682375658
131 46.54484862493399
132 67.85897293129906
133 105.34941529866947
134 60.57618713304781
135 20.0203759057506
136 91.2321222811347
137 67.25392376213614
138 56.65173823085462
139 79.21494338021276
140 33.31388429889543
141 47.745763748177886
142 48.96829908034592
143 87.38976958849861
144 30.20009260966188
145 107.81600993577088
146 88.0369835181742
147 29.577898146027486
148 23.287256570725262
149 91.59565683808015
0 1
0 4
0 17
0 22
0 36
0 37
0 49
0 56
0 63
0 86
0 96
0 98
0 100
0 115
0 122
0 126
0 129
0 132
0 135
0 137
0 145
1 2
1 17
1 18
1 46
1 52
1 60
1 68
1 73
1 77
1 84
1 85
1 90
1 99
1 102
1 115
1 120
1 125
1 132
2 3
2 14
2 15
2 34
2 38
2 43
2 63
2 67
2 70
2 78
2 79
2 100
2 124
2 126
2 127
2 136
2 144
2 146
2 147
3 4
3 5
3 48
3 57
3 99
3 110
3 113
3 120
3 123
3 141
3 144
3 145
3 147
4 5
4 20
4 21
4 42
4 53
4 60
4 64
4 69
4 80
4 108
4 109
4 139
4 148
5 6
5 8
5 10
5 15
5 51
5 55
5 56
5 63
5 68
5 80
5 87
5 103
5 108
5 114
5 115
5 119
5 127
5 128
5 137
6 7
6 8
6 11
6 13
6 20
6 25
6 36
6 37
6 41
6 69
6 70
6 79
6 85
6 98
6 99
6 101
6 107
6 111
6 118
6 128
6 132
6 133
6 135
7 8
7 11
7 12
7 18
7 21
7 27
7 40
7 43
7 49
7 59
7 73
7 79
7 82
7 94
7 105
7 112
7 119
7 133
7 139
7 147
8 9
8 36
8 39
8 44
8 45
8 46
8 49
8 53
8 84
8 114
8 122
8 129
8 140
8 143
8 145
8 147
9 10
9 11
9 13
9 15
9 23
9 24
9 30
9 33
9 43
9 45
9 46
9 47
9 52
9 53
9 59
9 67
9 84
9 87
9 97
9 100
9 101
9 105
9 107
9 113
9 117
9 118
9 125
9 127
9 137
9 144
9 145
9 146
9 149
10 11
10 24
10 27
10 34
10 49
10 54
10 60
10 63
10 127
10 129
10 134
10 138
10 142
10 145
11 12
11 37
11 44
11 47
11 51
11 56
11 61
11 71
11 73
11 79
11 83
11 85
11 87
11 93
11 98
11 107
11 119
11 128
11 130
12 13
12 14
12 18
12 31
12 32
12 40
12 46
12 48
12 50
12 62
12 63
12 81
12 104
12 108
12 112
12 115
12 119
12 120
12 122
12 145
13 14
13 36
13 56
13 68
13 72
13 79
13 106
13 111
13 112
13 121
13 142
13 145
13 146
14 15
14 21
14 35
14 36
14 37
14 47
14 60
14 70
14 73
14 78
14 84
14 89
14 108
14 117
14 118
14 123
14 130
14 137
15 16
15 45
15 53
15 63
15 75
15 81
15 106
15 121
15 130
15 133
15 135
15 143
15 145
15 148
16 17
16 25
16 43
16 45
16 54
16 58
16 61
16 72
16 82
16 102
16 120
16 134
16 135
16 137
16 140
16 142
16 149
17 18
17 28
17 35
17 41
17 52
17 54
17 58
17 62
17 75
17 86
17 97
17 102
17 110
17 115
17 126
17 142
18 19
18 21
18 38
18 39
18 40
18 58
18 71
18 111
18 136
18 149
19 20
19 22
19 26
19 27
19 28
19 34
19 35
19 40
19 41
19 44
19 49
19 61
19 69
19 102
19 112
19 127
19 129
19 135
19 138
20 21
20 34
20 49
20 56
20 61
20 62
20 71
20 72
20 73
20 86
20 103
20 114
20 120
20 132
20 148
21 22
21 35
21 38
21 45
21 53
21 60
21 61
21 77
21 85
21 90
21 110
21 113
21 115
21 119
21 125
21 131
21 134
21 143
21 145
22 23
22 24
22 40
22 73
22 82
22 84
22 85
22 86
22 99
22 100
22 102
22 105
22 106
22 109
22 119
22 121
22 135
22 137
23 24
23 41
23 62
23 82
23 93
23 97
23 98
23 108
23 117
23 125
23 137
24 25
24 30
24 45
24 48
24 64
24 83
24 103
24 115
24 118
24 129
24 143
25 26
25 35
25 37
25 45
25 46
25 58
25 65
25 68
25 71
25 72
25 74
25 83
25 84
25 89
25 94
25 96
25 113
25 118
25 137
25 144
25 145
26 27
26 31
26 50
26 57
26 58
26 65
26 78
26 81
26 111
26 112
26 118
26 122
26 134
27 28
27 30
27 34
27 55
27 59
27 68
27 75
27 99
27 103
27 105
27 107
27 129
27 142
27 143
27 146
28 29
28 50
28 68
28 78
28 85
28 99
28 105
28 107
28 111
28 119
28 136
28 139
28 141
28 142
28 143
28 148
28 149
29 30
29 36
29 38
29 46
29 51
29 57
29 59
29 63
29 69
29 75
29 78
29 82
29 84
29 85
29 94
29 104
29 107
29 111
29 117
29 127
29 136
29 138
29 140
29 147
30 31
30 42
30 59
30 62
30 63
30 84
30 120
30 133
30 142
30 147
31 32
31 40
31 41
31 56
31 69
31 78
31 103
31 104
31 105
31 123
31 127
31 144
32 33
32 42
32 55
32 59
32 63
32 64
32 72
32 74
32 79
32 84
32 93
32 113
32 119
32 125
32 128
32 134
32 143
32 144
33 34
33 39
33 62
33 65
33 73
33 75
33 88
33 89
33 92
33 96
33 103
33 108
33 111
33 119
33 131
33 143
33 147
34 35
34 64
34 70
34 87
34 90
34 101
34 113
34 118
34 135
34 142
34 144
35 36
35 42
35 47
35 54
35 61
35 64
35 65
35 66
35 69
35 72
35 80
35 85
35 102
35 116
35 133
35 140
36 37
36 38
36 53
36 55
36 56
36 61
36 72
36 76
36 81
36 94
36 95
36 116
36 117
36 123
36 127
36 132
36 138
36 143
37 38
37 49
37 67
37 77
37 91
37 94
37 97
37 100
37 104
37 111
37 112
37 113
37 121
37 128
37 133
37 139
37 143
38 39
38 48
38 53
38 61
38 64
38 72
38 78
38 81
38 82
38 84
38 89
38 91
38 97
38 101
38 116
38 127
38 131
38 139
38 141
38 149
39 40
39 42
39 110
39 113
39 116
39 122
39 127
39 128
39 129
39 146
40 41
40 42
40 59
40 60
40 66
40 67
40 68
40 74
40 83
40 84
40 87
40 88
40 95
40 104
40 105
40 112
40 124
40 127
40 136
41 42
41 52
41 56
41 58
41 63
41 68
41 73
41 79
41 90
41 91
41 92
41 93
41 107
41 115
41 118
41 122
41 136
41 138
41 141
41 145
41 149
42 43
42 45
42 58
42 62
42 74
42 79
42 93
42 104
42 107
42 109
42 139
42 146
43 44
43 59
43 61
43 73
43 94
43 95
43 96
43 100
43 108
43 109
43 112
43 117
43 118
43 121
43 134
43 136
43 142
44 45
44 48
44 52
44 53
44 56
44 59
44 67
44 81
44 82
44 97
44 107
44 109
44 113
44 128
44 142
44 147
45 46
45 58
45 94
45 96
45 99
45 100
45 101
45 104
45 109
45 116
45 125
45 127
45 134
45 135
45 137
45 147
46 47
46 69
46 109
46 112
46 113
46 120
46 137
47 48
47 53
47 65
47 70
47 72
47 75
47 85
47 97
47 114
47 117
47 121
47 137
47 144
48 49
48 72
48 87
48 90
48 98
48 113
48 121
48 124
48 132
48 133
48 137
48 142
49 50
49 55
49 64
49 65
49 67
49 73
49 90
49 91
49 93
49 96
49 100
49 101
49 105
49 106
49 111
49 113
49 126
50 51
50 57
50 61
50 66
50 79
50 84
50 87
50 90
50 92
50 99
50 102
50 105
50 129
50 136
50 137
50 138
50 146
51 52
51 60
51 84
51 97
51 99
51 105
51 124
51 129
51 136
51 147
51 148
52 53
52 63
52 65
52 69
52 82
52 97
52 101
52 113
52 120
52 122
52 131
52 149
53 54
53 58
53 73
53 76
53 100
53 105
53 109
53 112
53 113
53 134
53 142
53 143
54 55
54 61
54 64
54 71
54 82
54 110
54 112
54 115
54 117
54 118
54 135
54 137
54 138
55 56
55 57
55 59
55 69
55 71
55 72
55 84
55 89
55 107
55 111
55 112
55 120
55 124
55 133
55 135
55 141
56 57
56 62
56 63
56 66
56 72
56 77
56 78
56 79
56 92
56 94
56 95
56 118
56 123
56 124
56 130
56 134
56 142
56 143
57 58
57 67
57 70
57 89
57 97
57 104
58 59
58 61
58 62
58 67
58 93
58 99
58 112
58 116
58 122
58 145
58 147
59 60
59 70
59 80
59 95
59 98
59 109
59 110
59 113
59 114
59 116
59 124
59 129
59 134
59 135
59 138
60 61
60 62
60 81
60 82
60 84
60 86
60 102
60 116
60 118
60 123
60 130
60 142
61 62
61 63
61 64
61 67
61 69
61 87
61 106
61 117
61 129
61 135
61 141
62 63
62 114
62 118
62 122
62 132
62 144
62 146
63 64
63 104
63 107
63 121
63 122
63 130
63 141
63 144
63 145
64 65
64 68
64 78
64 92
64 93
64 97
64 103
64 108
64 119
64 123
64 129
64 138
65 66
65 69
65 87
65 97
65 105
65 112
65 127
65 128
65 134
65 146
65 147
66 67
66 82
66 100
66 119
66 122
66 124
66 129
66 137
66 139
66 140
67 68
67 76
67 80
67 86
67 92
67 105
67 108
67 113
67 119
67 128
67 130
67 132
67 137
67 141
67 142
67 143
67 148
68 69
68 71
68 83
68 94
68 101
68 103
68 107
68 111
68 115
68 119
68 121
69 70
69 71
69 89
69 107
69 120
69 139
69 141
70 71
70 78
70 113
70 134
70 139
71 72
71 87
71 98
71 104
71 111
71 112
71 123
71 126
71 137
71 138
71 142
72 73
72 89
72 93
72 107
72 115
72 117
72 121
72 129
72 137
72 140
72 146
73 74
73 82
73 89
73 92
73 102
73 129
73 143
74 75
74 104
74 105
74 120
74 130
74 134
74 139
74 140
74 141
74 145
75 76
75 95
75 96
75 103
75 108
75 118
75 126
75 132
75 148
75 149
76 77
76 79
76 83
76 99
76 103
76 110
76 117
76 118
77 78
77 89
77 97
77 100
77 131
77 140
77 141
77 142
78 79
78 84
78 97
78 110
78 111
78 113
78 124
78 132
79 80
79 90
79 98
79 103
79 128
79 130
80 81
80 111
80 122
80 124
80 130
80 140
80 145
81 82
81 96
81 111
81 128
81 131
81 135
81 137
82 83
82 90
82 92
82 103
82 110
82 113
82 119
82 121
82 131
82 144
83 84
83 88
83 92
83 97
83 112
83 128
83 133
83 138
84 85
84 86
84 91
84 108
84 114
84 128
84 129
84 130
84 133
84 139
85 86
85 94
85 127
85 129
85 136
85 142
85 143
86 87
86 89
86 90
86 96
86 97
86 107
86 126
86 149
87 88
87 89
87 111
87 113
87 115
87 116
87 118
87 120
87 126
87 132
87 136
87 137
87 143
88 89
88 97
88 103
88 107
88 110
88 112
88 116
88 120
88 126
88 130
88 133
88 138
88 140
88 141
88 144
89 90
89 97
89 104
89 106
89 121
89 123
89 125
89 135
89 138
89 146
90 91
90 92
90 102
90 123
90 128
90 136
90 140
91 92
91 105
91 120
91 121
91 126
91 127
91 135
92 93
92 107
93 94
93 107
93 113
93 114
93 148
94 95
94 104
94 111
94 122
94 132
94 133
94 145
95 96
95 105
95 112
95 113
95 114
95 124
95 129
95 143
96 97
96 100
96 114
96 125
96 131
96 135
96 138
96 143
96 144
96 147
97 98
97 106
97 111
97 114
97 115
97 117
97 124
97 125
97 138
97 145
98 99
98 102
98 121
98 133
98 140
98 149
99 100
99 101
99 102
99 105
99 108
99 117
99 134
100 101
100 113
100 115
100 135
101 102
101 104
101 106
101 109
101 112
101 116
101 122
101 133
101 135
102 103
102 123
102 125
102 129
102 130
102 131
102 137
102 139
103 104
103 108
103 122
103 124
103 132
103 139
103 141
104 105
104 106
104 108
104 111
104 114
104 115
104 118
104 124
104 130
104 132
104 134
105 106
105 110
105 120
105 122
105 126
105 127
105 128
105 132
105 139
106 107
107 108
107 121
107 123
107 134
107 143
107 146
107 147
107 149
108 109
108 110
108 113
108 134
108 137
108 143
108 145
108 149
109 110
109 126
109 129
109 130
109 136
110 111
110 122
110 137
110 144
110 145
110 149
111 112
111 120
111 135
111 148
112 113
112 115
112 117
112 120
112 132
112 133
112 134
113 114
113 130
113 148
114 115
114 127
114 142
114 144
114 148
115 116
115 142
116 117
116 124
116 133
116 145
117 118
117 131
117 147
118 119
118 144
118 146
118 147
119 120
119 128
120 121
120 127
120 132
120 139
121 122
121 132
121 138
122 123
122 125
122 130
122 137
122 143
123 124
123 126
123 146
123 148
124 125
124 126
124 127
124 136
124 143
125 126
125 141
125 147
126 127
126 131
126 138
126 141
126 147
126 148
127 128
127 130
127 133
127 146
127 148
128 129
128 130
128 136
128 144
129 130
129 132
129 137
130 131
130 134
130 144
130 147
131 132
131 141
131 146
132 133
132 144
133 134
133 138
133 144
133 145
134 135
134 139
134 144
135 136
135 146
135 149
136 137
136 143
137 138
137 146
138 139
138 140
138 149
139 140
139 147
140 141
140 142
140 145
140 147
141 142
141 144
142 143
142 145
143 144
144 145
144 149
145 146
146 147
146 149
147 148
148 149
