0 85.90669825153795
1 104.92938264113856
2 104.85643385451984
3 103.04886439237774
4 59.08881950486766
5 27.71600059875735
6 84.3586584298956
7 68.81458089942016
8 108.23017971099631
9 44.24436589096322
10 83.65707332091361
11 75.67149575999085
12 84.73126091119806
13 53.353250756931395
14 69.92003743956704
15 116.8222428366746
16 45.1135345568141
17 39.43688287113149
18 114.62145561499648
19 57.19480904181453
20 27.362519586533377
21 95.393021624679
22 68.91682278167308
23 79.39404407193419
24 30.458471748087483
25 40.67534407453427
26 92.0131786349762
27 58.31614936947294
28 80.71594430187719
29 84.99031083619353
30 22.062304541008885
31 60.32760029785087
32 62.40110873642288
33 92.1825793025477
34 49.51681650854756
35 105.97645332216467
36 62.068334107715756
37 105.98190991246737
38 51.42384343755262
39 31.395276057913545
40 26.155229196995403
41 109.53849444704122
42 71.7911861163235
43 32.87145643866814
44 59.59798299095097
45 104.05244931788735
46 87.94600752086235
47 81.50199115882528
48 99.57649437250497
49 108.3071804154211
50 85.71624612822008
51 50.41625542765076
52 82.97146583953614
53 100.54523217925632
54 77.3001233445982
55 105.74171592570305
56 88.71323231407567
57 46.879104489785256
58 34.849223500179505
59 74.30388340016796
60 76.92483116331823
61 86.30845659720201
62 80.07587028243147
63 115.99327283205722
64 65.60941477451212
65 71.4190237244919
66 65.60557169184204
67 96.7984942358898
68 82.60478145550033
69 95.96746112513274
70 107.33054403889922
71 79.69605644857234
72 105.62546913475842
73 75.81023800723108
74 78.680441234228
75 24.903792800257413
76 56.43549993770541
77 88.01363730412623
78 57.511596409782854
79 118.44633171095586
80 46.54252245298624
81 114.48579035040497
82 24.2262125188023
83 28.547331711022963
84 81.27674257101619
85 81.10059540013785
86 45.76810938306551
87 23.054693393612006
88 116.71573321279635
89 31.037277486447532
90 44.301800494246876
91 67.92131062631759
92 29.638798196617604
93 21.93825181883024
94 41.66680392952419
95 66.70535051469756
96 104.54230413466985
97 90.49185523708962
98 91.10927741702329
99 94.12048161636521
100 63.719972196261814
101 85.17542210923637
102 56.32820208593447
103 22.85781930437524
104 66.50983386232775
105 28.148086083981077
106 74.53349428478668
107 42.21781521743857
108 82.0322017515885
109 30.66158132603549
110 44.9986074999947
111 119.53170410804034
112 96.0906075936574
113 52.8612603493333
114 117.50030297808739
115 60.91851806418795
116 47.38042903525609
117 68.47839130787355
118 116.07347163094158
119 86.61512228918804
120 100.74744945013556
121 67.66878700498803
122 22.66899193913852
123 47.933055953881315
124 55.96135903936813
125 107.13162460401055
126 62.587821950834986
127 77.83747411038121
128 59.31679849422621
129 95.64631457583995
130 78.97460670348491
131 85.20979335525368
132 32.347229119208656
133 85.29412409480382
134 57.18934690763178
135 74.04711738227601
136 57.03457828955994
137 23.885178901077005
138 61.5357077636492
139 93.16788160882074
140 60.120210252248114
141 112.49040345139373
142 76.60977897729812
143 99.43460539085588
144 20.470533089244007
145 103.4818181025985
146 103.44327060820298
147 48.071000125832086
148 82.92307230584001
149 69.11353865597158
0 1
0 21
0 28
0 29
0 47
0 48
0 53
0 57
0 60
0 61
0 79
0 80
0 93
0 94
0 105
0 109
0 124
0 135
0 144
1 2
1 9
1 11
1 12
1 14
1 28
1 31
1 37
1 57
1 82
1 83
1 106
1 113
1 145
2 3
2 14
2 23
2 25
2 43
2 49
2 78
2 99
2 118
2 126
2 129
2 149
3 4
3 20
3 21
3 28
3 31
3 32
3 84
3 102
3 114
3 115
3 141
3 144
4 5
4 13
4 28
4 38
4 44
4 70
4 92
4 97
4 107
4 131
4 132
5 6
5 18
5 19
5 20
5 22
5 29
5 43
5 53
5 84
5 96
5 115
5 120
5 131
6 7
6 12
6 29
6 38
6 41
6 52
6 74
6 85
6 93
6 118
6 122
6 130
6 133
6 143
6 149
7 8
7 21
7 26
7 48
7 54
7 62
7 63
7 73
7 91
7 108
7 114
7 130
7 131
7 138
7 142
8 9
8 24
8 25
8 34
8 41
8 44
8 56
8 82
8 94
8 140
9 10
9 28
9 37
9 56
9 59
9 60
9 65
9 69
9 81
9 85
9 90
9 100
9 114
9 142
9 146
10 11
10 12
10 47
10 69
10 83
10 91
10 124
10 142
10 147
11 12
11 24
11 29
11 30
11 55
11 81
11 87
11 93
11 103
11 106
11 122
11 124
11 144
12 13
12 27
12 44
12 87
12 88
12 92
12 100
12 105
12 117
12 121
12 139
13 14
13 16
13 19
13 23
13 24
13 50
13 61
13 62
13 74
13 84
13 90
13 118
13 138
13 145
14 15
14 28
14 31
14 43
14 65
14 66
14 67
14 81
14 88
14 94
14 98
14 103
14 106
14 116
14 145
15 16
15 39
15 41
15 48
15 58
15 63
15 72
15 77
15 81
15 83
15 85
15 104
15 108
15 118
15 128
15 140
15 141
16 17
16 41
16 52
16 59
16 62
16 64
16 81
16 88
16 91
16 97
16 106
16 107
16 117
16 133
17 18
17 35
17 38
17 40
17 64
17 67
17 70
17 84
17 88
17 97
17 112
17 121
18 19
18 23
18 28
18 36
18 37
18 44
18 48
18 50
18 63
18 64
18 76
18 80
18 82
18 88
18 91
18 101
18 115
18 129
18 133
18 139
18 144
19 20
19 28
19 39
19 40
19 68
19 73
19 93
19 96
19 97
19 99
19 101
19 112
19 118
19 129
20 21
20 27
20 29
20 30
20 44
20 57
20 61
20 79
20 91
20 125
20 129
20 133
20 135
20 138
20 140
21 22
21 30
21 42
21 56
21 75
21 85
21 105
21 113
21 122
21 127
22 23
22 45
22 51
22 53
22 63
22 70
22 96
22 97
22 113
22 118
22 148
23 24
23 33
23 38
23 39
23 40
23 54
23 56
23 83
23 90
23 94
23 100
23 117
23 119
23 121
23 132
23 135
23 141
24 25
24 32
24 34
24 50
24 62
24 70
24 74
24 88
24 100
24 102
24 108
24 113
24 123
24 125
25 26
25 33
25 48
25 56
25 66
25 67
25 70
25 79
25 99
25 100
25 111
26 27
26 46
26 56
26 67
26 68
26 82
26 97
26 100
26 117
26 126
26 135
26 144
27 28
27 34
27 44
27 47
27 60
27 75
27 97
27 101
27 120
27 140
27 146
27 149
28 29
28 40
28 45
28 56
28 68
28 102
28 139
29 30
29 32
29 43
29 54
29 60
29 67
29 87
29 129
29 130
29 133
29 140
29 141
29 142
30 31
30 41
30 48
30 56
30 75
30 79
30 81
30 105
30 110
30 148
31 32
31 40
31 51
31 64
31 68
31 75
31 83
31 87
31 98
31 110
31 115
31 126
31 128
31 143
32 33
32 42
32 58
32 59
32 88
32 96
32 105
32 107
32 113
32 132
32 133
32 149
33 34
33 39
33 50
33 51
33 59
33 65
33 66
33 80
33 101
33 102
33 105
33 135
33 139
34 35
34 36
34 45
34 47
34 54
34 61
34 66
34 75
34 82
34 89
34 99
34 105
34 114
34 143
35 36
35 68
35 120
35 149
36 37
36 39
36 43
36 58
36 71
36 73
36 112
36 119
37 38
37 40
37 67
37 92
37 101
37 123
37 126
37 127
37 131
38 39
38 59
38 62
38 64
38 71
38 75
38 87
38 89
38 92
38 102
38 112
38 122
38 125
38 142
38 146
39 40
39 43
39 47
39 56
39 68
39 92
39 108
39 110
39 122
39 136
39 138
40 41
40 47
40 74
40 77
40 78
40 85
40 90
40 94
40 116
40 131
40 132
40 143
41 42
41 46
41 50
41 54
41 70
41 83
41 84
41 92
41 95
41 100
41 101
41 109
41 116
41 118
41 121
41 122
41 124
41 132
41 142
42 43
42 52
42 54
42 58
42 60
42 67
42 74
42 78
42 105
42 113
42 131
42 135
43 44
43 71
43 86
43 89
43 91
43 93
43 96
43 98
43 102
43 113
43 123
43 149
44 45
44 46
44 52
44 55
44 67
44 71
44 79
44 98
44 105
44 116
44 117
44 134
44 140
44 143
44 144
45 46
45 52
45 56
45 57
45 77
45 107
45 115
45 141
46 47
46 48
46 50
46 63
46 71
46 79
46 87
46 97
46 102
46 129
47 48
47 53
47 56
47 59
47 82
47 86
47 94
47 101
47 124
47 126
47 132
48 49
48 59
48 64
48 79
48 83
48 84
48 89
48 94
48 107
48 117
48 138
48 142
48 147
49 50
49 52
49 57
49 78
49 79
49 86
49 100
49 109
49 114
49 123
49 135
49 143
49 144
49 145
50 51
50 54
50 56
50 59
50 68
50 81
50 89
50 91
50 99
50 112
50 133
51 52
51 56
51 61
51 62
51 63
51 68
51 71
51 94
51 95
51 117
51 129
51 133
52 53
52 55
52 99
52 107
52 114
52 118
52 129
52 134
52 143
53 54
53 97
53 111
53 113
53 129
53 140
53 146
54 55
54 57
54 58
54 59
54 88
54 92
54 93
54 94
54 105
54 108
54 112
54 116
54 128
55 56
55 57
55 79
55 88
55 90
55 92
55 102
55 118
55 121
55 127
55 142
55 146
56 57
56 64
56 71
56 76
56 91
56 97
56 108
56 109
56 130
56 131
56 132
56 143
57 58
57 67
57 72
57 74
57 77
57 82
57 86
57 90
57 101
57 107
57 108
57 117
57 125
58 59
58 80
58 86
58 116
58 124
58 134
59 60
59 69
59 85
59 91
59 101
59 114
59 115
59 121
59 144
60 61
60 67
60 94
60 99
60 134
60 136
60 137
60 143
61 62
61 78
61 97
61 108
61 126
61 127
61 131
61 138
61 146
61 147
62 63
62 72
62 78
62 104
62 138
62 149
63 64
63 72
63 74
63 93
63 116
63 132
63 138
64 65
64 68
64 76
64 81
64 88
64 90
64 102
64 109
64 114
64 144
64 145
65 66
65 78
65 80
65 85
65 87
65 89
65 100
65 107
65 110
65 123
65 124
65 140
66 67
66 76
66 97
66 113
66 132
66 133
66 146
67 68
67 69
67 88
67 90
67 98
67 113
67 119
67 128
67 141
67 145
68 69
68 93
68 94
68 98
68 102
68 112
68 114
68 117
68 119
68 128
68 132
68 136
68 141
69 70
69 88
69 89
69 110
69 114
69 119
69 121
69 143
69 147
70 71
70 75
70 76
70 102
70 130
71 72
71 83
71 95
71 114
71 122
71 127
71 132
71 146
72 73
72 96
72 117
72 124
72 136
72 139
72 146
73 74
73 83
73 84
73 93
73 102
73 113
73 114
73 118
73 121
73 145
74 75
74 88
74 95
74 101
74 105
74 119
74 121
74 134
74 138
75 76
75 89
75 123
75 125
75 129
75 132
75 143
75 149
76 77
76 87
76 114
76 116
76 137
77 78
77 114
77 117
77 126
77 127
77 135
77 142
77 148
78 79
78 85
78 103
78 104
78 112
78 126
78 141
79 80
79 86
79 93
79 112
79 113
79 114
79 132
79 134
79 140
80 81
80 88
80 95
80 103
80 105
80 109
80 115
80 132
80 135
80 140
80 141
81 82
81 83
81 84
81 88
81 111
81 122
82 83
82 94
82 97
82 106
82 132
82 140
83 84
83 109
83 129
83 134
83 137
83 142
83 143
84 85
84 124
84 146
84 148
85 86
85 89
85 117
85 119
85 124
85 127
85 131
85 140
85 142
86 87
86 98
86 100
86 111
86 116
86 131
86 137
86 139
87 88
87 93
87 104
87 112
87 115
87 124
88 89
88 92
88 113
88 127
88 129
88 134
88 139
88 140
89 90
89 131
90 91
90 98
90 118
90 140
90 142
91 92
91 98
91 107
91 112
91 120
91 122
91 123
91 142
91 145
92 93
92 95
92 111
92 137
93 94
93 111
93 121
93 133
93 136
93 144
93 145
94 95
94 96
94 100
94 103
94 121
94 139
94 140
95 96
95 105
95 110
95 111
95 121
95 122
95 129
95 140
95 141
95 147
96 97
96 104
96 105
96 113
96 138
97 98
97 122
97 141
97 146
98 99
98 109
98 122
98 130
98 131
98 144
99 100
99 102
99 121
99 136
99 141
99 145
100 101
100 107
100 119
100 122
100 133
100 136
100 137
100 143
100 145
100 146
100 148
100 149
101 102
101 113
101 115
101 144
102 103
102 110
102 122
102 133
102 138
102 141
102 147
103 104
103 110
103 117
103 122
103 142
104 105
104 106
104 120
104 121
104 132
105 106
105 107
105 112
106 107
106 117
106 122
106 125
106 129
106 139
107 108
107 137
107 142
108 109
108 111
108 132
109 110
109 113
109 129
109 135
109 143
109 146
110 111
110 114
110 133
111 112
111 120
111 121
111 125
111 129
111 142
111 148
112 113
112 122
112 127
112 130
112 139
113 114
113 127
113 128
113 135
113 138
114 115
114 128
114 133
114 139
114 145
115 116
115 131
116 117
116 149
117 118
117 124
117 143
117 145
118 119
118 140
118 145
119 120
119 126
120 121
120 123
120 135
120 140
121 122
121 135
121 148
121 149
122 123
122 142
122 145
123 124
123 147
124 125
124 126
124 132
124 144
124 146
125 126
125 128
125 139
125 142
126 127
127 128
127 144
127 147
128 129
128 131
128 132
128 133
128 141
129 130
129 132
129 142
129 147
130 131
130 135
130 149
131 132
131 134
131 143
132 133
132 135
132 136
132 139
132 140
132 149
133 134
134 135
134 136
134 137
134 140
135 136
135 138
136 137
137 138
138 139
138 147
138 148
139 140
140 141
140 144
141 142
141 146
142 143
143 144
144 145
145 146
146 147
147 148
148 149
