0 99.45885075298969
1 37.82561822031449
2 65.1842433040736
3 99.54693896835778
4 81.61639749605763
5 73.95571030246137
6 72.7050890796458
7 48.450810237782754
8 106.82348042460418
9 53.300476287322844
10 118.46939021620467
11 108.59013182463244
12 98.22858105284229
13 48.855644584895245
14 48.81352347282219
15 48.2179408013392
16 61.601553969913226
17 35.7878077705159
18 97.56451432079689
19 23.74250781621125
20 22.967931375457177
21 55.60501736997231
22 119.44426257182464
23 70.76110851656776
24 52.29678811918091
25 113.070559362585
26 84.0161757901067
27 40.57038202557155
28 82.4004975127599
29 112.7965348365837
30 116.33446956620993
31 99.29506378025064
32 105.73985348500688
33 113.64530494027812
34 95.55406168750972
35 92.03069602703572
36 33.48819881311468
37 103.38327000014736
38 25.981677781634254
39 62.774841663580105
40 30.993352381617292
41 73.47282303176476
42 76.39639780759384
43 112.42527991575008
44 101.68629304825102
45 104.45476706071952
46 42.94053695443762
47 71.75248461393704
48 77.52069945946567
49 56.06486766702086
50 28.4794531979415
51 64.0076905076308
52 88.18759535037367
53 93.04462084518443
54 47.05145497014858
55 32.70666462224766
56 23.63455765826339
57 67.54773375191374
58 55.876726256389205
59 114.13327723550829
60 74.82902093069688
61 22.1101960004012
62 89.36675320322591
63 41.23583794096202
64 36.24043169014049
65 73.34326914314391
66 119.67347170553862
67 75.8430739950497
68 80.17613667881193
69 85.82507646091042
70 96.53995247776696
71 79.50554196837008
72 67.89104994937296
73 48.10792785920085
74 25.56214616243654
75 49.77216027005174
76 45.3012938660023
77 118.32488973151226
78 28.44381449202207
79 68.340469619473
80 82.16717356822221
81 115.57051883966393
82 91.42446215257877
83 30.27311139736785
84 52.770999484768154
85 95.0471210952344
86 48.782775843012246
87 49.35194942557689
88 23.400431477825926
89 59.90924245283164
90 67.16560667947078
91 63.64515224379737
92 107.35814389621531
93 30.80555409136318
94 93.46538682810248
95 97.49144060579505
96 71.7538358399057
97 115.3086848102292
98 104.06630004279768
99 71.35966023223253
100 31.994692398680698
101 93.7399471586495
102 46.50238992465379
103 89.42068699884433
104 49.675584903869144
105 65.33734197141024
106 95.91829646497784
107 76.17262826410109
108 57.48050085755899
109 79.28158502353725
110 58.19604937954827
111 78.08914878407722
112 70.7417666768784
113 108.78635229324145
114 39.20896571130781
115 94.01470590825191
116 109.46384438325083
117 113.2753244142807
118 65.3863764954649
119 48.909322352522366
120 46.90362932104974
121 73.61000826202749
122 84.62055353818238
123 79.54947336174698
124 21.209305041094176
125 78.39874958399837
126 98.51985385006196
127 57.920594824022984
128 95.15499962785958
129 85.60871637691055
130 77.1097817612811
131 38.29053004486208
132 25.66863514734721
133 83.0190877709107
134 85.30630079976952
135 77.3322547471173
136 109.63549387723769
137 23.495020381327297
138 106.8333880133799
139 43.168056061050166
140 105.3702294690977
141 116.62847698200905
142 85.72950064068307
143 98.8362555588602
144 90.18515384042902
145 116.98327966997745
146 118.18523841653024
147 118.43547979317549
148 103.64282511734137
149 60.99824889439013
0 1
0 83
0 110
0 125
0 143
1 2
1 16
1 18
1 38
1 65
1 93
1 130
1 141
1 146
2 3
2 85
3 4
3 6
3 93
3 106
4 5
4 43
4 61
4 84
5 6
5 15
5 16
5 38
5 40
5 47
5 51
5 75
5 95
6 7
6 56
6 61
6 87
6 93
6 143
7 8
7 10
7 102
7 116
7 121
7 129
7 144
8 9
8 20
8 36
8 57
8 86
8 130
9 10
9 12
9 58
9 66
9 109
10 11
10 18
10 25
10 29
10 30
10 43
10 76
10 85
10 96
10 106
10 109
10 138
11 12
11 32
11 46
11 60
11 61
11 75
11 87
12 13
12 17
12 70
12 81
12 89
12 92
13 14
13 16
13 17
13 21
13 31
13 60
13 73
13 79
13 97
13 120
13 127
14 15
14 63
14 71
14 96
14 109
14 141
15 16
15 35
15 53
15 66
15 120
15 145
16 17
16 78
16 84
16 104
16 111
16 143
17 18
17 40
17 61
17 77
17 113
18 19
18 29
18 91
18 92
18 93
18 100
18 113
18 117
19 20
19 37
19 119
19 133
20 21
20 44
20 60
20 99
20 118
21 22
21 40
21 62
21 135
22 23
22 74
22 75
22 98
22 103
23 24
23 34
23 61
23 67
23 71
23 77
23 93
24 25
24 50
24 64
24 68
24 138
25 26
25 38
25 46
25 81
25 111
26 27
26 30
26 43
26 66
26 69
26 136
27 28
27 52
27 53
27 100
27 105
27 106
27 113
28 29
28 54
28 68
28 70
28 116
29 30
29 33
29 51
29 99
29 108
29 109
29 112
29 146
29 149
30 31
30 34
30 49
30 63
30 83
30 113
30 116
30 149
31 32
31 69
31 77
31 128
32 33
32 123
32 138
33 34
33 53
33 71
33 72
33 96
33 116
33 129
33 132
34 35
34 88
34 89
34 96
34 128
34 141
35 36
35 62
35 86
35 98
35 104
35 112
35 127
35 130
36 37
36 38
36 57
36 81
36 92
37 38
37 41
37 54
37 61
37 95
37 97
37 102
38 39
38 48
38 72
38 73
38 76
38 103
38 125
38 137
38 148
39 40
39 49
39 51
39 68
39 93
39 126
39 135
40 41
40 72
40 130
40 136
41 42
41 65
41 76
41 83
41 144
42 43
42 79
42 82
42 97
43 44
43 47
43 55
43 62
43 79
43 89
44 45
44 46
44 57
44 64
44 71
44 88
44 95
44 114
44 148
45 46
45 69
45 75
45 85
45 93
45 145
46 47
46 61
46 69
46 102
46 115
46 119
47 48
47 50
47 57
47 97
47 132
48 49
48 77
48 114
48 115
48 144
49 50
49 55
49 58
49 115
50 51
50 91
50 108
50 126
50 143
50 144
51 52
51 131
51 139
52 53
52 106
52 125
53 54
53 69
53 127
54 55
54 73
54 80
54 90
54 138
55 56
55 127
55 133
56 57
56 60
56 77
56 86
56 98
56 99
56 112
57 58
57 98
57 105
57 127
58 59
58 68
58 133
58 148
59 60
59 88
59 127
59 135
59 142
60 61
60 99
61 62
61 96
61 108
62 63
62 68
62 86
62 89
62 116
63 64
63 76
63 106
63 125
63 127
64 65
64 98
64 100
64 111
64 137
65 66
65 81
65 88
66 67
66 86
66 90
66 116
66 128
66 138
67 68
67 98
67 121
67 148
68 69
68 92
68 118
69 70
69 83
70 71
70 113
70 123
70 149
71 72
71 138
71 139
72 73
72 95
72 106
72 129
72 136
73 74
73 92
73 94
73 127
73 129
73 132
73 138
73 142
74 75
74 86
74 95
74 99
75 76
76 77
76 108
77 78
77 86
77 87
77 96
77 116
77 124
77 130
78 79
78 115
78 143
79 80
79 89
79 149
80 81
80 93
81 82
81 83
81 96
81 99
81 113
81 131
82 83
82 84
82 126
82 141
82 142
83 84
83 121
83 126
83 138
84 85
84 91
84 96
84 128
85 86
85 89
85 116
85 138
86 87
86 95
86 128
86 146
87 88
87 140
88 89
88 91
88 92
88 132
88 136
89 90
89 91
89 133
90 91
90 104
90 127
90 134
91 92
91 93
91 97
91 106
92 93
92 101
92 138
93 94
93 127
94 95
94 148
95 96
95 127
95 147
96 97
96 103
96 111
97 98
98 99
98 123
98 129
98 139
99 100
99 138
100 101
100 103
100 104
100 116
101 102
101 137
101 139
102 103
102 105
102 131
102 139
102 144
103 104
103 105
103 130
103 142
104 105
104 112
104 127
104 138
104 143
105 106
105 136
106 107
106 119
107 108
107 119
107 126
107 146
108 109
109 110
110 111
110 141
110 142
111 112
111 134
111 135
111 144
112 113
112 132
112 141
113 114
113 121
114 115
114 117
114 118
115 116
116 117
116 125
116 130
116 145
117 118
118 119
118 125
119 120
120 121
120 123
120 136
121 122
122 123
122 134
123 124
124 125
124 132
125 126
125 128
125 139
125 148
126 127
126 147
127 128
128 129
128 136
129 130
130 131
131 132
131 139
131 143
132 133
132 141
132 142
132 145
133 134
134 135
134 141
135 136
136 137
136 138
137 138
138 139
138 143
139 140
139 142
139 145
140 141
140 148
141 142
141 147
141 149
142 143
142 145
143 144
144 145
145 146
146 147
147 148
148 149
