0 83.3642170679285
1 68.45334089598438
2 85.15654582555818
3 30.03409959363953
4 51.68888988881984
5 47.134716625094796
6 67.13447587217038
7 54.187426048901585
8 92.76543836309438
9 39.623324754141926
10 56.316969938428066
11 108.12902733131523
12 83.78058168925705
13 75.93303650345409
14 89.69329116842283
15 67.05259739495986
16 111.55162179013239
17 61.559096774303
18 108.00070190362874
19 113.89124474060748
20 118.71455311892832
21 37.501856244692405
22 37.74138358896673
23 83.1700211602292
24 89.44776707110483
25 102.71202735813029
26 26.530438584982218
27 32.21067560856953
28 28.909235723413452
29 82.94487806351539
30 58.26732599701641
31 41.69366152759987
32 79.72519006947331
33 41.827194411151254
34 65.34561081986196
35 23.461293766599372
36 36.153455738414195
37 94.88225425662057
38 23.963747531332796
39 92.44987479720426
40 61.95475350782279
41 105.32446682138925
42 65.5720947673846
43 41.767517693441576
44 91.54048278993143
45 111.6267049833143
46 62.589147857959496
47 45.188295762333944
48 95.62558847547862
49 61.17982154203271
50 49.74255478560801
51 99.71224875135951
52 22.40033477396454
53 101.8051887072594
54 23.738165942895822
55 112.34469408650219
56 83.14491471191661
57 113.4475358382216
58 23.43303821022638
59 29.87719135592835
60 37.24601190794964
61 46.06677226110446
62 30.285917198939963
63 108.20641011110274
64 45.73458292555758
65 66.56386831835388
66 44.58146215129216
67 118.60606842045439
68 104.74926626345632
69 107.51729124386122
70 86.77203707432194
71 92.37100820785068
72 40.73999109227236
73 53.57287254516519
74 45.25361938597804
75 112.38137112052934
76 47.761546244747294
77 97.5214454776068
78 41.990032270372474
79 70.3887712615597
80 73.86695403476287
81 47.41492629960399
82 115.62228907467042
83 22.205240673505916
84 118.39572455789443
85 68.51295823133847
86 28.047593302066687
87 89.47964385006064
88 84.86218791289998
89 99.41866425118117
90 84.92513674787828
91 76.37515023566725
92 45.18423944930089
93 90.45340445048012
94 23.163473313979093
95 92.21528719489287
96 110.15303586484167
97 74.13688444182908
98 59.16699301653909
99 97.0449659854255
100 68.3292927760518
101 92.58036277690078
102 110.46655929834058
103 116.05681992196116
104 50.9620241583805
105 74.66707535875574
106 100.3321306331544
107 100.96204729968342
108 104.06069072851737
109 77.08547648137622
110 30.062774155346375
111 51.63892037177604
112 100.41190563972404
113 77.59719137280001
114 56.87218374557535
115 49.77098669837754
116 104.11698939408274
117 36.36309820992177
118 46.635423076419
119 97.69087716445759
120 108.13681783711867
121 21.717294260508872
122 80.23532822581241
123 100.27463381811802
124 101.36556749027292
125 30.470092490056835
126 79.84460704435566
127 75.48522874139181
128 85.91515364693333
129 119.63769678208135
130 87.20234679912221
131 30.04301675593069
132 57.57721320528371
133 106.43745972255773
134 69.79134151798004
135 90.70462403726118
136 82.83979058606553
137 86.45421187729723
138 52.795198600803644
139 38.760787907680786
140 54.370891432611785
141 66.07437870155962
142 74.81199340947359
143 55.61751296684209
144 83.54131155601459
145 104.60115909779411
146 43.52373104205936
147 50.70382030817106
148 93.34431335552411
149 113.90532617315765
0 1
0 9
0 28
0 29
0 30
0 44
0 51
0 63
0 67
0 69
0 81
0 89
0 92
0 96
0 138
0 144
0 148
1 2
1 7
1 9
1 12
1 13
1 28
1 29
1 30
1 31
1 33
1 38
1 44
1 47
1 74
1 76
1 80
1 85
1 87
1 90
1 91
1 93
1 100
1 106
1 110
1 131
2 3
2 8
2 11
2 13
2 17
2 18
2 21
2 39
2 48
2 60
2 61
2 66
2 80
2 96
2 109
2 112
2 117
2 119
2 122
2 123
2 129
2 133
3 4
3 8
3 12
3 14
3 21
3 22
3 27
3 31
3 39
3 42
3 56
3 59
3 62
3 72
3 80
3 88
3 94
3 103
3 117
3 118
3 134
3 146
3 149
4 5
4 11
4 16
4 19
4 30
4 33
4 35
4 53
4 56
4 58
4 65
4 78
4 80
4 84
4 86
4 104
4 131
4 133
4 134
4 140
5 6
5 15
5 31
5 32
5 55
5 56
5 72
5 75
5 89
5 93
5 95
5 99
5 117
5 124
5 125
5 129
5 136
5 142
5 143
5 144
6 7
6 11
6 27
6 32
6 44
6 45
6 67
6 70
6 87
6 95
6 99
6 108
6 147
6 149
7 8
7 16
7 26
7 27
7 40
7 42
7 45
7 52
7 63
7 72
7 77
7 91
7 106
7 108
7 112
7 122
7 123
7 129
7 130
7 138
7 145
8 9
8 32
8 80
8 85
8 91
8 92
8 97
8 98
8 106
8 112
8 113
8 115
8 134
8 139
8 143
8 146
8 149
9 10
9 12
9 14
9 15
9 16
9 20
9 24
9 28
9 31
9 47
9 57
9 60
9 69
9 99
9 103
9 108
9 116
9 123
9 124
9 126
9 137
9 143
9 149
10 11
10 57
10 61
10 64
10 74
10 97
10 104
10 105
10 114
10 135
10 147
11 12
11 15
11 17
11 20
11 23
11 27
11 28
11 30
11 34
11 50
11 61
11 68
11 73
11 76
11 79
11 86
11 97
11 101
11 105
11 118
11 133
12 13
12 23
12 42
12 53
12 55
12 63
12 66
12 67
12 79
12 84
12 94
12 98
12 100
12 107
12 124
12 135
13 14
13 16
13 26
13 33
13 34
13 51
13 59
13 62
13 75
13 83
13 88
13 92
13 113
13 125
13 128
14 15
14 23
14 24
14 33
14 36
14 39
14 40
14 41
14 42
14 63
14 70
14 98
14 111
14 116
14 123
14 125
14 128
14 131
14 142
14 149
15 16
15 30
15 32
15 34
15 58
15 78
15 79
15 91
15 93
15 94
15 101
15 122
15 127
15 141
15 147
16 17
16 26
16 42
16 43
16 52
16 65
16 79
16 109
16 117
16 127
16 132
17 18
17 19
17 22
17 24
17 33
17 35
17 36
17 37
17 40
17 54
17 81
17 108
17 125
17 126
17 127
17 143
18 19
18 23
18 29
18 33
18 53
18 57
18 59
18 69
18 83
18 92
18 104
18 112
18 121
18 124
18 130
18 131
18 135
18 141
18 144
19 20
19 40
19 62
19 71
19 86
19 87
19 90
19 99
19 101
19 103
19 117
19 118
19 126
19 127
19 129
19 132
19 135
19 138
19 149
20 21
20 41
20 44
20 62
20 64
20 65
20 72
20 75
20 76
20 85
20 89
20 136
20 148
21 22
21 26
21 32
21 46
21 67
21 68
21 70
21 106
21 127
21 134
21 141
21 146
22 23
22 28
22 35
22 42
22 56
22 58
22 62
22 63
22 70
22 76
22 79
22 90
22 94
22 95
22 98
22 103
22 104
22 117
22 126
22 146
23 24
23 36
23 68
23 79
23 82
23 88
23 95
23 101
23 140
23 146
24 25
24 45
24 46
24 63
24 72
24 76
24 79
24 112
24 120
24 128
24 138
24 139
24 145
25 26
25 30
25 34
25 39
25 46
25 47
25 51
25 64
25 68
25 69
25 70
25 75
25 82
25 86
25 87
25 118
25 120
25 128
25 129
25 134
25 137
26 27
26 29
26 36
26 45
26 49
26 50
26 59
26 68
26 74
26 89
26 101
26 104
26 110
26 130
27 28
27 34
27 39
27 40
27 42
27 55
27 71
27 74
27 83
27 84
27 103
27 104
27 124
27 138
27 144
28 29
28 50
28 55
28 59
28 75
28 80
28 94
28 121
29 30
29 35
29 49
29 54
29 56
29 65
29 69
29 72
29 78
29 83
29 84
29 90
29 94
29 95
29 109
29 113
29 116
29 117
29 124
29 143
30 31
30 32
30 50
30 53
30 57
30 71
30 73
30 90
30 108
30 117
30 119
30 126
30 131
30 136
30 138
30 145
31 32
31 43
31 57
31 58
31 60
31 73
31 81
31 83
31 89
31 90
31 91
31 98
31 99
31 112
31 114
31 128
31 139
31 142
31 143
31 145
31 146
32 33
32 53
32 75
32 76
32 78
32 91
32 119
32 121
32 122
32 123
32 129
32 133
32 142
32 148
32 149
33 34
33 35
33 42
33 45
33 46
33 51
33 56
33 59
33 72
33 76
33 89
33 93
33 95
33 101
33 109
33 117
33 124
33 125
33 127
33 139
34 35
34 38
34 40
34 62
34 63
34 64
34 67
34 73
34 85
34 95
34 97
34 101
34 109
34 112
34 114
34 121
34 124
34 131
34 145
34 148
35 36
35 42
35 44
35 49
35 60
35 61
35 86
35 87
35 91
35 115
35 117
35 123
35 129
35 131
35 142
35 144
35 145
36 37
36 46
36 56
36 59
36 66
36 67
36 83
36 89
36 93
36 97
36 130
36 131
36 141
36 143
37 38
37 51
37 53
37 63
37 79
37 80
37 100
37 103
37 105
37 122
37 124
37 134
37 142
37 145
38 39
38 41
38 42
38 46
38 48
38 52
38 57
38 67
38 69
38 76
38 79
38 82
38 98
38 125
38 138
38 146
39 40
39 51
39 61
39 65
39 69
39 79
39 87
39 95
39 98
39 120
39 125
39 127
39 132
39 136
39 147
40 41
40 42
40 55
40 60
40 62
40 68
40 69
40 78
40 85
40 104
40 105
40 107
40 134
41 42
41 57
41 79
41 84
41 106
41 108
41 110
41 121
41 138
42 43
42 52
42 60
42 69
42 79
42 82
42 86
42 87
42 90
42 95
42 103
42 104
42 109
42 126
42 136
42 139
42 143
42 147
43 44
43 51
43 58
43 67
43 70
43 78
43 92
43 93
43 100
43 112
43 120
43 121
43 127
43 136
43 143
43 148
44 45
44 55
44 57
44 65
44 73
44 75
44 87
44 93
44 94
44 118
44 128
44 139
44 147
44 149
45 46
45 53
45 54
45 66
45 70
45 76
45 83
45 84
45 92
45 102
45 113
45 120
45 134
45 145
46 47
46 52
46 56
46 60
46 64
46 76
46 132
46 148
47 48
47 52
47 55
47 59
47 68
47 70
47 83
47 85
47 86
47 90
47 138
47 145
48 49
48 50
48 51
48 54
48 63
48 65
48 92
48 94
48 99
48 116
48 118
48 128
48 136
48 139
49 50
49 51
49 64
49 70
49 71
49 72
49 77
49 82
49 89
49 93
49 106
49 113
49 127
49 139
50 51
50 52
50 66
50 76
50 101
50 102
50 109
50 114
50 129
50 132
50 138
50 141
51 52
51 57
51 70
51 91
51 92
51 117
51 133
51 145
52 53
52 57
52 61
52 71
52 72
52 85
52 90
52 99
52 100
52 107
52 110
52 112
52 126
52 130
52 144
52 149
53 54
53 56
53 59
53 69
53 72
53 76
53 87
53 88
53 89
53 96
53 103
53 112
53 115
53 129
53 134
53 140
53 147
54 55
54 71
54 75
54 77
54 87
54 88
54 92
54 101
54 103
54 105
54 112
54 113
54 118
54 119
54 123
54 141
54 148
55 56
55 58
55 60
55 61
55 65
55 67
55 69
55 81
55 98
55 101
55 109
55 115
55 123
55 125
55 133
55 134
55 142
56 57
56 66
56 69
56 70
56 81
56 91
56 93
56 101
56 121
56 122
56 127
56 128
56 136
56 137
56 138
56 140
56 141
57 58
57 61
57 67
57 78
57 80
57 101
57 103
57 118
57 134
57 141
57 148
58 59
58 65
58 72
58 77
58 92
58 95
58 112
58 113
58 130
58 132
58 138
58 141
58 143
58 149
59 60
59 92
59 96
59 123
59 148
60 61
60 66
60 80
60 82
60 88
60 92
60 100
60 101
60 104
60 120
60 127
60 133
60 136
61 62
61 72
61 74
61 78
61 95
61 98
61 104
61 127
61 135
61 136
61 144
61 147
62 63
62 65
62 73
62 79
62 95
62 99
62 107
62 112
62 113
62 129
62 140
63 64
63 67
63 68
63 75
63 86
63 88
63 89
63 91
63 103
63 108
63 109
63 114
63 122
63 130
64 65
64 67
64 71
64 90
64 93
64 94
64 97
64 98
64 119
64 120
64 121
64 127
64 132
64 136
65 66
65 75
65 82
65 83
65 88
65 91
65 92
65 104
65 106
65 132
65 133
65 138
65 145
66 67
66 77
66 79
66 93
66 94
66 99
66 114
66 117
66 123
66 135
67 68
67 69
67 70
67 77
67 78
67 80
67 84
67 109
67 113
67 115
67 121
67 125
67 127
67 135
67 144
67 146
68 69
68 74
68 78
68 81
68 89
68 120
68 138
69 70
69 73
69 77
69 87
69 101
69 116
69 118
69 131
69 136
69 137
69 143
69 147
70 71
70 78
70 81
70 96
70 99
70 101
70 131
70 133
70 140
70 145
71 72
71 76
71 79
71 99
71 103
71 107
71 109
71 124
71 127
71 130
72 73
72 78
72 89
72 99
72 101
72 103
72 104
72 110
72 133
72 141
72 145
73 74
73 79
73 80
73 82
73 84
73 92
73 95
73 97
73 100
73 108
73 116
73 117
73 125
73 127
73 129
74 75
74 95
74 99
74 121
74 123
74 124
74 136
74 141
74 144
74 147
74 149
75 76
75 93
75 97
75 98
75 102
75 128
76 77
76 83
76 85
76 89
76 92
76 100
76 108
76 119
76 135
76 136
76 142
76 143
77 78
77 88
77 89
77 97
77 112
77 113
77 118
77 119
77 126
77 130
77 143
77 148
78 79
78 83
78 99
78 112
78 126
78 130
78 132
78 133
78 141
79 80
79 89
79 97
79 100
79 102
79 143
79 147
80 81
80 87
80 88
80 95
80 96
80 103
80 104
80 105
80 107
80 121
80 127
80 130
80 134
80 148
80 149
81 82
81 84
81 100
81 112
81 114
81 115
81 120
81 125
81 130
81 132
81 137
81 144
81 149
82 83
82 85
82 98
82 104
82 109
82 121
82 140
83 84
83 92
83 98
83 99
83 108
83 132
84 85
84 90
84 113
84 118
84 134
84 140
84 142
84 145
85 86
85 101
85 124
85 126
86 87
86 104
86 122
86 136
86 137
86 142
86 144
86 147
87 88
87 90
87 95
87 134
87 138
87 139
87 140
88 89
88 93
88 96
88 100
88 106
88 109
88 113
88 117
88 134
88 137
88 140
88 144
89 90
89 105
89 122
89 124
90 91
90 103
90 121
90 130
90 139
90 147
91 92
91 95
91 104
91 119
91 147
92 93
92 98
92 99
92 114
92 122
92 131
92 134
92 139
92 145
93 94
93 114
93 120
93 121
93 139
93 146
94 95
94 116
94 120
94 123
94 124
94 131
94 146
95 96
95 117
95 125
95 127
95 129
96 97
96 106
96 109
96 111
96 120
96 121
96 134
96 140
97 98
97 106
97 117
97 121
97 124
97 125
97 127
97 132
97 136
98 99
98 100
98 106
98 115
98 118
98 120
98 126
98 130
98 139
98 140
98 143
99 100
99 101
99 123
99 135
99 144
99 147
99 148
100 101
100 102
100 106
100 108
100 128
100 140
101 102
101 103
101 118
101 126
101 147
102 103
102 146
102 149
103 104
103 125
103 128
103 142
104 105
104 107
104 108
104 113
104 124
104 127
104 131
104 132
105 106
105 110
105 112
105 131
105 135
105 139
105 149
106 107
106 112
107 108
107 118
107 119
107 128
107 135
107 146
107 147
108 109
108 121
108 123
108 129
108 142
108 145
109 110
109 125
109 132
110 111
110 128
110 135
110 137
110 145
111 112
111 117
111 120
111 140
111 146
112 113
112 135
112 140
113 114
113 122
113 125
113 130
113 149
114 115
114 129
114 136
114 146
114 147
115 116
115 122
115 128
115 137
115 140
115 145
115 147
116 117
116 123
116 130
116 142
116 143
116 147
117 118
117 137
117 141
117 142
118 119
118 120
118 136
119 120
119 123
119 128
119 130
119 140
119 142
120 121
120 134
120 135
121 122
121 126
121 128
121 140
122 123
122 137
122 147
123 124
123 131
123 147
124 125
125 126
125 146
126 127
126 129
126 134
127 128
127 139
128 129
128 134
128 136
128 141
129 130
129 131
129 138
129 145
129 149
130 131
130 136
130 137
130 149
131 132
131 141
131 148
132 133
132 142
133 134
133 135
133 138
133 140
134 135
134 139
134 141
135 136
135 140
135 146
136 137
136 142
137 138
137 141
138 139
138 142
139 140
139 146
139 148
140 141
140 142
140 144
141 142
141 146
142 143
142 144
143 144
144 145
144 146
145 146
146 147
146 149
147 148
148 149
