0 63.59477142835578
1 49.41339155837676
2 83.4221533162956
3 63.82319168980614
4 110.06153436018373
5 111.47746558120669
6 86.57800787485905
7 77.17567926024395
8 104.58404583163866
9 63.18965918766722
10 77.6750032840006
11 104.83695455367841
12 90.3342535867019
13 22.01555084688174
14 68.2251223059959
15 25.913644165201635
16 24.380899209178246
17 103.46853504579028
18 91.18178001962322
19 83.39603624443453
20 72.14130945193196
21 103.87501382211671
22 88.9497826710015
23 99.44208787280186
24 58.0359780285487
25 63.58327106557998
26 83.77147850270254
27 23.218463662513884
28 80.57652741103263
29 45.140551830221625
30 38.377895282294055
31 34.93443192646402
32 81.46530859982515
33 52.4667680566648
34 72.70381642842776
35 60.270913331008146
36 117.7575297251524
37 111.68223084057357
38 88.50090578743185
39 33.09835148933321
40 23.73447769739571
41 32.00060544211502
42 67.84312789436046
43 81.19348661206983
44 64.85905879476712
45 65.97729051137469
46 53.803913876442714
47 99.6065278312844
48 80.03250723697292
49 92.40728285880449
50 91.99460675934797
51 119.39660884179442
52 80.34381763328011
53 52.29547638136127
54 110.18895650889014
55 75.64484360522829
56 22.601062938070054
57 78.57631359831822
58 39.91853261997392
59 27.97067270950084
60 104.15644748084726
61 73.63853862850144
62 38.70908459664783
63 89.21862875892167
64 31.884601511949242
65 105.21476851451443
66 54.53809782125936
67 73.54904210951567
68 102.64625548033702
69 110.8244820519519
70 85.12884503983813
71 83.85759212310364
72 95.16710301082897
73 23.712908139398063
74 23.856476642598906
75 20.265065848650547
76 113.98433849241971
77 59.10724469327225
78 51.32682061905395
79 106.36005024745015
80 44.960969781558376
81 28.615530690678998
82 27.098711117219747
83 97.94369285056194
84 78.84070032547663
85 82.7223696365994
86 59.555818034636296
87 60.21710417138784
88 34.41379304878425
89 116.58966104668498
90 83.59412689678003
91 73.66834494570529
92 66.08703155412368
93 112.74935708953574
94 55.57636330164947
95 56.35736005504069
96 71.9985216321603
97 35.77919868624734
98 82.91480668073646
99 70.86365304417579
100 28.290714184311078
101 38.68127097020833
102 41.679100006732334
103 117.85283467159482
104 62.752739038030946
105 88.43714743405589
106 99.78582046599458
107 105.03468521299993
108 46.76574194547712
109 69.09225953510403
110 55.61173398924844
111 20.226664783155563
112 28.33261397751986
113 74.72608002682932
114 22.282798996058254
115 30.303304492666253
116 50.94612815347301
117 61.79359184028701
118 36.42615348052634
119 74.00325916620774
120 103.1471806325653
121 90.57740595155944
122 46.83248484514071
123 115.88225144684687
124 21.847462867471982
125 48.86884647380282
126 43.26131387437434
127 81.14149219218555
128 28.838574071535493
129 117.50013803948522
130 118.53188849464686
131 96.6276198274787
132 114.38222183196024
133 106.97888191902399
134 118.0775705518993
135 21.99158890513408
136 94.37382274672757
137 67.22972105164797
138 20.301680112198888
139 66.81030768316893
140 58.294464340107126
141 48.32720338005791
142 108.3580317974786
143 54.41631614818783
144 94.01385253264769
145 69.10758719230357
146 39.38941831358303
147 111.24709366664233
148 22.47953517559877
149 32.67635170368106
0 1
0 4
0 8
0 14
0 26
0 44
0 69
0 76
0 78
0 111
1 2
1 30
1 81
1 119
2 3
2 9
2 34
2 60
2 63
2 64
2 117
2 133
3 4
3 9
3 56
3 58
3 79
3 107
3 108
3 119
3 129
3 142
4 5
4 10
4 29
4 143
4 145
5 6
5 54
5 63
5 102
5 105
5 115
6 7
6 33
6 36
6 93
6 127
7 8
7 14
7 15
7 33
7 46
7 49
7 98
7 124
7 141
8 9
8 13
8 36
8 89
8 94
8 103
8 147
9 10
9 16
9 19
9 24
9 46
9 62
9 64
10 11
10 32
10 34
10 37
10 47
10 66
10 82
10 85
10 96
10 115
10 129
10 133
11 12
11 52
11 80
11 93
11 102
11 114
11 122
11 124
11 147
12 13
12 64
12 67
12 76
12 119
13 14
13 54
13 111
13 145
14 15
14 35
14 59
14 65
14 79
14 83
14 120
14 128
15 16
15 43
15 45
15 48
15 71
15 81
15 83
15 98
16 17
16 44
16 90
16 101
16 115
17 18
17 28
17 29
17 88
17 115
18 19
18 20
18 35
18 132
19 20
19 26
19 29
19 54
19 98
19 116
19 128
19 145
20 21
20 51
20 66
20 97
21 22
21 65
21 112
21 137
22 23
22 126
23 24
23 104
23 113
23 133
23 134
23 136
24 25
24 36
24 87
24 111
24 145
24 146
25 26
25 59
25 95
25 125
25 135
26 27
26 33
26 36
26 71
26 87
26 124
26 142
27 28
27 29
27 39
27 48
27 81
27 87
27 98
27 114
27 132
27 134
28 29
28 42
28 98
28 116
28 138
29 30
29 89
29 97
29 123
29 140
30 31
30 47
30 57
30 59
30 81
30 119
30 130
30 135
31 32
31 35
31 45
31 55
31 119
31 128
31 131
31 138
32 33
32 34
32 72
32 75
32 81
32 103
32 119
32 147
33 34
33 41
33 85
33 89
33 129
33 131
33 135
34 35
34 40
34 47
34 70
34 94
34 129
35 36
35 78
35 101
35 130
35 147
36 37
36 59
36 84
36 90
36 132
36 143
37 38
37 75
37 79
38 39
38 55
38 92
38 130
38 132
38 146
39 40
39 73
39 92
39 127
39 131
40 41
40 91
40 95
40 114
40 141
40 143
41 42
41 78
41 91
41 134
41 139
42 43
42 93
43 44
43 46
43 75
43 105
43 131
44 45
44 48
44 53
44 56
44 84
44 93
45 46
45 84
45 94
45 95
45 119
45 133
46 47
46 63
46 85
47 48
47 62
47 63
47 69
47 109
48 49
48 65
48 85
48 121
48 123
48 125
48 130
48 131
49 50
49 87
49 110
49 119
49 147
50 51
50 89
50 121
50 128
51 52
51 71
51 104
51 107
51 126
51 133
51 137
52 53
52 82
52 131
53 54
53 108
53 111
53 114
53 118
53 124
53 139
53 147
54 55
54 101
54 141
55 56
55 65
55 107
56 57
56 125
56 139
56 144
57 58
57 62
58 59
58 78
59 60
59 130
60 61
60 75
60 76
60 131
61 62
61 73
61 88
61 101
61 107
61 134
62 63
62 68
62 78
62 93
62 100
62 111
62 116
62 135
63 64
63 71
63 86
63 91
63 117
63 142
64 65
64 133
64 146
65 66
65 109
65 130
65 142
66 67
66 104
66 120
66 122
66 135
66 136
67 68
67 75
67 100
68 69
68 74
68 77
68 85
68 93
68 133
69 70
69 72
69 75
69 83
69 85
69 86
69 90
69 100
70 71
70 148
71 72
71 74
71 126
71 130
71 138
71 143
72 73
72 75
72 82
72 91
72 102
72 108
72 109
73 74
74 75
74 98
74 130
75 76
75 101
75 107
75 110
75 124
76 77
76 89
77 78
77 81
77 99
77 120
77 121
77 145
77 146
78 79
78 95
78 102
78 126
78 141
78 144
79 80
79 89
79 94
79 99
80 81
80 107
80 141
81 82
81 89
81 131
81 139
82 83
82 140
83 84
83 120
83 124
84 85
84 87
84 91
84 95
84 100
84 107
84 127
84 128
85 86
85 101
86 87
86 111
87 88
87 102
87 109
88 89
88 111
89 90
89 105
89 114
89 117
89 141
90 91
90 100
90 113
90 131
91 92
92 93
93 94
93 116
93 128
94 95
94 104
94 118
95 96
95 133
95 149
96 97
96 123
97 98
97 107
98 99
98 102
98 120
98 126
98 131
99 100
99 104
99 108
99 144
100 101
100 108
100 115
100 140
101 102
102 103
102 120
102 139
103 104
103 121
103 126
104 105
104 122
104 127
105 106
105 118
105 120
106 107
106 139
107 108
108 109
108 133
109 110
109 141
109 142
110 111
110 116
110 117
110 124
110 127
111 112
111 135
111 149
112 113
113 114
114 115
114 141
114 145
115 116
115 120
115 130
115 142
116 117
116 118
116 125
116 137
116 139
117 118
118 119
118 145
119 120
119 126
119 131
120 121
120 124
121 122
121 127
121 143
122 123
123 124
124 125
125 126
125 134
126 127
126 143
127 128
127 133
127 148
128 129
129 130
130 131
130 144
131 132
132 133
132 135
132 137
133 134
133 140
134 135
134 136
135 136
136 137
136 141
137 138
138 139
139 140
140 141
141 142
142 143
143 144
143 146
143 148
144 145
145 146
146 147
147 148
148 149
