0 110.99090922222834
1 79.0432278999748
2 23.86482522661431
3 102.6499775095343
4 49.77164241492135
5 47.257333456140714
6 117.93191901408224
7 79.6135014990231
8 115.21385627230664
9 103.33292960227408
10 89.83013982868758
11 95.93478012337748
12 79.7950727428664
13 41.44379129243502
14 99.48897313822829
15 78.2097230063022
16 118.11661339094368
17 53.760773909284325
18 68.10106733365846
19 116.83379430364191
20 63.996136901163766
21 50.848629001993466
22 54.36499987102456
23 21.706951498568678
24 82.85723527819279
25 48.65150158953382
26 89.58128177333572
27 21.835900583282633
28 30.537251952106896
29 60.10727688355082
30 48.63101777462465
31 92.23522499004733
32 63.48223780014727
33 33.43482649089921
34 104.27681984847587
35 34.59519608139158
36 37.27053531503523
37 86.26718084446121
38 110.76069071633206
39 34.37565114216602
40 80.50422547548868
41 95.05743669956328
42 89.33374356413302
43 66.30158094421992
44 59.33020781662148
45 112.56323709652001
46 43.13785378312865
47 22.677587203278986
48 54.200488593681
49 102.719498133427
50 111.76939477229804
51 94.50470060209155
52 54.953764498422906
53 101.83797937889666
54 86.89043542240591
55 44.07450841868377
56 42.89815699595332
57 37.82621188489773
58 49.412909584901755
59 69.53189620562887
60 69.29753690694872
61 64.99718569336346
62 56.0664253317864
63 76.83918244288881
64 58.51156646808448
65 101.04511409118786
66 98.57054625384413
67 42.640751902248255
68 61.01225010239946
69 84.89150783454276
70 82.16750819112934
71 72.71877063884999
72 56.59742105084226
73 109.35968380314868
74 21.931528008737217
75 35.046914413146396
76 61.34423163894297
77 21.014739291351596
78 35.05599115292469
79 73.89049689293341
80 23.193443724935197
81 21.00994241536777
82 115.22996264466227
83 91.96775941563173
84 100.52786457681171
85 45.40937621137226
86 111.25064294899508
87 21.37848769398684
88 105.70605183767172
89 51.210615343960676
90 96.17850533289999
91 90.82256305468678
92 61.23493209333184
93 85.17006092729584
94 105.62707327476807
95 36.572414419522644
96 60.112771334868825
97 66.53753280926281
98 44.18936891524396
99 97.72978661622835
100 43.846477790664835
101 71.93557093280552
102 107.53829191572203
103 82.48859298640079
104 111.74494777188829
105 70.87284264502671
106 44.39831909759137
107 91.44211256938364
108 53.312789779295144
109 23.759931631176386
110 87.37103678919054
111 36.41410102849878
112 51.91641079787239
113 20.799702305575412
114 114.50725805836356
115 98.85984373553964
116 42.36714679114773
117 109.75333735064169
118 64.5535289925806
119 30.574613207299123
120 117.66371490710823
121 33.33705801024625
122 117.96106443483082
123 111.26330006619368
124 70.85896494874946
125 72.88344032335112
126 73.03028202915013
127 42.46652301351951
128 26.863575153631395
129 73.90512678756949
130 91.97425073458422
131 75.40482255218797
132 65.97192458473151
133 111.32768690656468
134 65.21954656142027
135 41.49399876659429
136 65.99312434828855
137 37.4122273564773
138 43.92313072214537
139 78.60105376408512
140 93.09275969651216
141 43.767298740868405
142 20.469078213070674
143 23.551604009951248
144 52.79861863000823
145 60.353564431116425
146 94.61907347417586
147 71.96604121633248
148 72.09629166563144
149 109.01352373481761
0 1
0 4
0 15
0 16
0 17
0 20
0 45
0 50
0 54
0 71
0 79
0 101
0 106
1 2
1 3
1 6
1 25
1 52
1 87
1 120
1 125
1 136
2 3
2 33
2 47
2 51
2 68
2 87
2 96
2 105
2 116
3 4
3 6
3 11
3 15
3 20
3 37
3 44
3 71
3 75
3 79
4 5
4 19
4 21
4 45
4 56
4 65
4 92
4 114
4 126
5 6
5 9
5 28
5 32
5 34
5 38
5 43
5 44
5 56
5 68
5 70
5 77
5 88
5 97
5 123
5 144
6 7
6 11
6 12
6 46
6 52
6 57
6 77
6 88
6 91
6 93
6 101
6 117
6 119
6 120
6 146
7 8
7 31
7 49
7 71
7 74
7 75
7 78
7 91
7 92
7 120
8 9
8 12
8 13
8 84
8 88
8 107
8 109
8 112
8 124
8 126
8 141
9 10
9 24
9 32
9 94
9 111
9 112
9 130
9 132
10 11
10 17
10 38
10 49
10 85
10 97
10 131
10 133
11 12
11 40
11 47
11 68
11 79
11 81
11 86
11 87
11 91
11 106
11 124
12 13
12 84
12 111
12 139
13 14
13 16
13 20
13 43
13 46
13 68
13 72
13 76
13 83
13 96
13 109
13 116
13 121
13 134
14 15
14 27
14 30
14 47
14 48
14 59
14 86
14 124
15 16
15 25
15 33
15 62
15 84
15 110
15 117
15 139
16 17
16 112
16 126
16 127
16 137
17 18
17 45
17 49
17 52
17 98
17 117
17 130
17 134
17 136
18 19
18 48
18 58
18 65
18 71
18 91
18 94
18 98
18 109
18 130
19 20
19 111
19 133
19 140
20 21
20 29
20 38
20 58
20 86
20 108
20 109
20 110
20 133
21 22
21 29
21 45
21 49
21 64
21 82
21 89
21 99
21 114
21 130
21 140
21 148
22 23
22 24
22 58
22 60
22 70
22 96
22 98
22 108
22 118
22 139
23 24
23 36
23 37
23 41
23 43
23 47
23 70
23 72
23 74
23 80
23 85
23 95
23 101
23 122
24 25
24 26
24 122
24 125
24 127
25 26
25 30
25 38
25 40
25 46
25 54
25 64
25 66
25 71
25 75
25 76
25 87
25 128
25 143
26 27
26 47
26 79
26 86
26 89
26 97
26 104
27 28
27 42
27 81
27 83
27 88
27 92
27 100
27 107
27 109
27 120
27 146
28 29
28 43
28 58
28 59
28 108
28 114
28 116
28 119
28 124
29 30
29 52
29 68
29 69
29 83
29 112
29 140
30 31
30 72
30 101
30 127
30 137
31 32
31 39
31 61
31 68
31 69
31 99
31 110
31 134
31 145
32 33
32 43
32 57
32 110
32 124
33 34
33 92
33 139
33 146
34 35
34 47
34 66
34 76
34 86
34 105
34 107
34 120
34 122
34 139
34 140
35 36
35 51
35 59
35 77
35 82
35 88
35 98
35 122
35 130
36 37
36 49
36 63
36 70
36 76
36 84
36 96
36 98
36 106
36 114
36 133
36 140
37 38
37 48
37 49
37 63
37 99
37 103
37 121
37 123
37 130
37 138
38 39
38 94
38 112
38 125
38 129
38 142
38 145
39 40
39 68
39 101
39 130
39 140
39 145
39 147
40 41
40 51
40 61
40 70
40 73
40 76
40 79
40 87
40 91
40 97
40 122
40 145
41 42
41 48
41 51
41 100
41 115
41 143
42 43
42 46
42 54
42 60
42 73
42 74
42 85
42 87
42 101
42 119
42 124
42 129
42 142
42 149
43 44
43 66
43 67
43 113
43 129
43 130
43 132
43 133
43 148
44 45
44 57
44 64
44 88
44 110
44 149
45 46
45 65
45 69
45 77
45 79
45 100
45 101
45 106
45 114
46 47
46 66
46 68
46 70
46 84
46 85
46 93
46 112
46 113
46 132
47 48
47 73
47 74
47 81
47 84
47 87
47 90
47 95
47 104
47 116
47 125
47 127
47 135
48 49
48 59
48 69
48 82
48 119
48 135
48 144
48 147
49 50
49 75
49 77
49 91
49 92
49 119
49 125
49 140
49 147
50 51
50 80
50 102
50 131
50 136
50 141
51 52
51 64
51 74
51 77
51 101
51 109
51 124
51 141
52 53
52 88
52 103
52 119
52 122
52 125
52 148
53 54
53 76
53 83
53 86
53 98
53 102
53 105
53 140
53 141
53 148
54 55
54 102
55 56
55 69
55 76
55 104
55 113
55 115
55 127
55 135
55 138
56 57
56 89
56 90
56 109
56 116
56 117
56 121
56 144
56 148
57 58
57 62
57 83
57 97
57 107
57 124
57 125
58 59
58 69
58 73
58 93
58 94
58 97
58 109
58 111
58 128
58 141
58 147
59 60
59 81
59 90
59 114
59 121
60 61
60 86
60 139
61 62
61 80
61 83
61 86
61 101
61 104
61 108
61 125
61 135
62 63
62 65
62 100
62 125
63 64
63 84
63 118
63 123
64 65
64 69
64 115
64 123
64 147
65 66
65 76
65 77
65 81
65 82
65 95
65 104
65 109
65 116
65 137
65 147
66 67
66 72
66 106
66 109
66 112
66 114
66 124
66 128
66 147
67 68
67 97
67 101
67 104
67 106
67 107
67 108
67 118
67 127
67 130
67 146
68 69
68 89
68 103
68 106
68 117
68 121
68 140
69 70
69 71
69 84
69 106
69 124
69 128
69 137
69 140
69 142
70 71
70 94
70 96
70 112
70 133
70 139
70 143
71 72
71 74
71 77
71 78
71 90
71 93
71 118
71 125
72 73
72 92
72 97
72 105
72 130
72 131
73 74
73 104
73 108
73 116
74 75
74 88
75 76
75 84
75 86
75 147
76 77
76 96
76 103
76 133
77 78
77 130
78 79
78 83
78 85
78 100
78 105
78 113
78 138
79 80
79 93
79 113
80 81
80 120
80 127
80 144
81 82
81 92
81 100
81 120
81 126
81 147
82 83
82 121
82 126
82 128
82 143
83 84
83 86
83 100
83 118
83 132
83 137
84 85
84 90
84 101
84 106
84 143
85 86
85 106
85 115
85 123
86 87
86 108
86 128
86 135
86 137
87 88
87 91
87 99
87 123
87 124
87 138
87 149
88 89
88 96
88 102
88 123
88 130
88 131
88 141
88 142
89 90
89 91
89 120
89 129
89 138
90 91
90 103
90 109
90 114
90 147
91 92
91 93
91 99
91 106
91 112
91 113
92 93
92 106
92 130
92 148
93 94
93 130
93 131
93 138
94 95
94 128
94 137
95 96
95 119
95 126
95 127
95 136
96 97
96 137
96 143
97 98
97 99
97 115
97 121
97 134
97 149
98 99
98 108
98 149
99 100
99 106
99 122
99 124
99 131
99 143
100 101
100 105
100 129
100 144
101 102
101 103
101 127
101 137
101 145
102 103
102 116
102 128
102 143
103 104
103 107
103 128
103 135
103 141
103 149
104 105
104 107
104 108
104 123
104 128
104 139
104 147
105 106
105 111
105 134
105 135
105 140
106 107
106 113
106 116
106 132
106 135
107 108
107 111
107 120
107 132
107 145
108 109
108 115
108 122
108 132
109 110
109 118
109 141
110 111
110 121
110 123
110 147
111 112
111 122
111 133
111 142
112 113
112 127
112 141
113 114
113 127
114 115
114 132
114 134
114 147
115 116
115 126
115 134
115 136
115 137
115 146
116 117
116 125
116 132
117 118
117 131
118 119
118 129
118 130
118 140
119 120
119 122
119 139
120 121
120 131
121 122
121 126
121 137
121 140
122 123
122 130
122 140
122 149
123 124
123 131
123 133
124 125
124 142
125 126
125 132
125 135
125 143
126 127
126 130
126 131
126 138
126 149
127 128
127 149
128 129
128 133
128 149
129 130
130 131
130 137
131 132
131 134
132 133
133 134
134 135
134 139
134 142
134 144
135 136
135 139
135 140
135 142
136 137
137 138
137 145
138 139
138 145
139 140
140 141
141 142
141 144
142 143
143 144
144 145
145 146
146 147
147 148
148 149
