0 23.16530779421579
1 53.856254404295484
2 72.55569176670596
3 112.5502679129097
4 62.437207850019306
5 92.62034787915107
6 32.416252159794006
7 61.07705317188777
8 55.77580243776302
9 53.7910613120831
10 89.44646934463859
11 70.75105238239688
12 94.6409164430217
13 98.67344010648758
14 34.595909425662335
15 84.73549651844274
16 50.47100433061618
17 107.1916351830573
18 115.26316705269227
19 117.80477818114615
20 109.33477407821323
21 93.25966236957746
22 117.10368669450204
23 42.96386639050942
24 31.456299279681456
25 107.88952260630008
26 65.92742112399023
27 117.43017766041042
28 111.61755686567014
29 80.77217202023897
30 59.72351812221626
31 97.19966107967653
32 116.54016534660278
33 111.32070018221128
34 117.50945874320668
35 88.73532955218043
36 53.57060983840208
37 83.54404009373218
38 36.48717415391694
39 38.75784678174118
40 81.3409558651262
41 45.62336368893776
42 81.89882933851273
43 68.68418370284836
44 107.54973264648892
45 64.6922815905944
46 95.01015997158463
47 118.95179034596893
48 31.605266548702833
49 40.07584946210551
50 93.80934643035599
51 80.28208378820175
52 80.59643647746766
53 34.122283896919164
54 58.29461782786877
55 53.87852359140906
56 55.903496443743855
57 58.765230734609496
58 37.633889001167645
59 100.6209034927949
60 54.734205241447604
61 38.083260467657965
62 90.0149263748122
63 110.50891537150024
64 55.968229247747466
65 52.377279577240124
66 67.66468043018162
67 47.924434361016296
68 62.915401882541296
69 57.665351309589155
70 89.30157125952404
71 105.72341287734855
72 76.94106486427918
73 65.99838114532635
74 100.19467831124062
75 31.734631117144424
76 35.384434228637744
77 66.629017505101
78 106.03894805808766
79 74.93397529957126
80 84.7935195183866
81 65.82002903235559
82 81.01567457132205
83 35.37936681781365
84 76.2228055948863
85 23.95729990442729
86 92.69268597583107
87 91.93278310799197
88 63.18762504948799
89 72.63654282498885
90 56.828774225387285
91 24.86229394842784
92 54.84166231774338
93 101.52164957718524
94 33.68216158088531
95 46.60841237924738
96 27.04185539107074
97 115.02662697467633
98 104.0828275983714
99 103.31545712142076
100 22.18749100209874
101 72.25185470231233
102 118.3137842936354
103 112.1700477458373
104 75.06799073767144
105 40.10937557244711
106 93.75648211474282
107 55.15526466377173
108 86.42657542315926
109 109.20080650498065
110 48.29070278242183
111 58.52037347778735
112 28.54456305469275
113 44.76538908073569
114 95.59945754371411
115 49.08247294731462
116 107.87382786764594
117 70.89459837220537
118 95.81455943663923
119 93.41779152132062
120 28.592485235890145
121 115.21358004167116
122 50.34868174326911
123 94.06677510302903
124 97.93163242313021
125 73.3587059711316
126 53.2949070498606
127 38.06854416588857
128 89.21852619053544
129 87.83432860028522
130 63.43488408556514
131 67.45663083651625
132 31.804338096865244
133 74.2107864601424
134 40.6819051983795
135 68.78941624098925
136 28.39220659794174
137 69.12960882048984
138 98.69532309495254
139 59.35497890473948
140 109.75398935404803
141 119.2107604252112
142 61.43795589634052
143 81.38160270976229
144 24.421787297111457
145 77.71068479246284
146 75.60821195355767
147 102.40143991396593
148 26.662952073435953
149 26.65879882320186
0 1
0 12
0 24
1 2
1 5
1 9
1 77
1 93
1 107
1 112
2 3
2 7
2 42
2 111
3 4
3 33
3 83
3 90
3 91
3 127
3 138
4 5
4 46
4 82
4 122
4 136
5 6
5 20
5 47
5 64
5 100
5 112
6 7
6 9
6 16
6 25
6 29
6 44
6 58
7 8
7 61
7 95
7 110
7 117
7 123
7 129
7 143
8 9
8 12
8 13
8 17
8 46
8 53
8 126
9 10
9 69
9 73
9 77
9 137
10 11
10 25
10 30
10 47
10 49
11 12
11 16
11 78
12 13
12 28
12 37
12 39
12 58
12 111
12 118
13 14
13 23
13 26
13 28
13 75
13 103
13 147
14 15
14 28
14 30
14 62
14 80
14 92
14 122
15 16
15 52
15 63
15 92
15 113
15 129
15 143
16 17
16 28
17 18
17 34
17 36
17 60
17 114
17 135
18 19
18 45
18 69
18 84
18 100
18 127
18 135
18 137
19 20
19 48
19 53
19 90
19 111
20 21
20 24
20 31
20 46
20 51
20 61
20 107
20 128
20 131
21 22
21 43
21 77
21 120
21 127
22 23
22 56
22 66
22 82
22 110
22 118
23 24
23 104
23 133
23 147
24 25
24 37
24 55
24 113
24 119
24 130
25 26
25 91
25 117
26 27
26 36
26 56
26 66
26 71
26 114
26 115
26 132
27 28
27 32
27 73
27 109
27 126
27 133
27 134
28 29
28 49
28 55
28 122
28 123
28 145
29 30
29 38
29 43
29 66
29 69
29 74
29 140
30 31
30 41
30 77
30 98
30 103
30 143
30 149
31 32
31 33
31 36
31 41
31 51
31 90
31 106
31 133
32 33
32 44
32 47
32 96
32 104
32 110
32 125
32 130
32 142
33 34
33 44
33 58
33 66
33 86
33 87
33 126
33 136
34 35
34 61
34 76
34 117
34 133
34 143
35 36
35 49
35 50
35 51
35 74
35 101
35 105
35 132
35 133
35 146
36 37
36 38
36 89
36 92
36 120
36 122
36 135
37 38
37 43
37 72
37 143
37 148
38 39
38 57
38 86
38 94
38 127
38 137
38 140
39 40
39 57
39 66
39 68
39 143
40 41
40 76
40 98
40 112
40 117
40 148
41 42
41 60
41 85
41 104
41 111
41 137
41 141
42 43
42 63
42 93
43 44
43 75
43 77
43 88
43 103
43 119
43 133
44 45
44 66
44 77
44 93
44 106
44 120
45 46
45 93
45 100
45 104
45 108
45 141
46 47
46 101
46 105
46 110
46 140
47 48
47 96
47 98
47 147
48 49
48 94
48 117
48 120
48 124
49 50
49 67
49 83
49 95
49 142
50 51
50 106
50 125
51 52
51 82
51 104
51 128
51 132
52 53
52 55
52 66
52 83
52 97
52 139
52 140
53 54
53 64
53 81
53 87
53 140
54 55
54 61
54 65
54 67
54 75
54 125
55 56
55 65
55 114
55 135
55 149
56 57
56 58
56 60
56 75
57 58
57 115
57 137
57 140
58 59
58 79
58 126
59 60
59 61
59 65
59 73
59 84
59 114
59 122
60 61
60 73
60 103
60 117
61 62
61 105
61 124
61 145
62 63
62 67
62 138
63 64
63 75
63 81
63 103
64 65
64 80
64 97
65 66
65 81
65 83
65 111
66 67
66 80
66 115
67 68
67 86
68 69
68 104
68 128
69 70
70 71
70 113
71 72
71 103
71 119
72 73
72 86
72 96
73 74
73 97
73 116
73 117
74 75
74 117
74 134
75 76
75 90
75 109
75 135
75 146
75 147
76 77
76 123
76 128
76 134
76 138
77 78
77 85
77 99
77 102
77 112
77 113
77 141
78 79
78 81
78 93
78 118
78 121
78 145
78 147
79 80
79 82
79 95
79 132
80 81
80 87
80 107
80 109
80 123
80 132
81 82
81 90
81 147
81 149
82 83
82 119
82 128
83 84
83 95
83 145
83 148
84 85
84 90
84 98
84 118
84 125
85 86
85 106
85 132
85 137
86 87
86 101
86 132
86 136
87 88
87 97
87 125
88 89
88 91
89 90
89 136
90 91
90 93
90 94
90 117
90 128
90 138
90 140
90 146
91 92
91 99
91 109
91 119
91 135
92 93
92 99
92 109
92 121
92 122
93 94
93 112
93 123
94 95
94 108
94 128
94 132
94 144
95 96
95 113
95 145
96 97
96 107
96 130
97 98
97 121
97 131
98 99
98 122
99 100
99 136
99 141
99 145
100 101
100 118
101 102
101 105
101 133
101 141
102 103
102 104
102 130
103 104
103 106
104 105
104 108
104 113
104 148
105 106
105 110
105 120
105 141
106 107
106 111
107 108
107 129
107 138
108 109
108 110
108 111
108 125
108 126
109 110
110 111
111 112
111 139
112 113
112 124
112 130
113 114
113 116
113 122
114 115
114 123
115 116
115 138
116 117
116 140
116 148
116 149
117 118
117 137
118 119
118 132
118 144
118 146
119 120
119 135
119 140
120 121
121 122
121 124
122 123
123 124
123 129
123 136
124 125
125 126
125 136
126 127
127 128
127 137
128 129
128 140
129 130
129 146
129 147
130 131
131 132
132 133
133 134
134 135
135 136
135 139
135 140
136 137
137 138
138 139
139 140
140 141
141 142
142 143
143 144
144 145
145 146
146 147
147 148
148 149
