0 32.56435406762486
1 27.940263217194236
2 83.00333356867603
3 62.87684800560009
4 69.9957280374748
5 58.382446390194445
6 113.2862307598243
7 52.63434277001872
8 42.207635133982116
9 35.741382285886274
10 40.2844351912952
11 103.30605303631661
12 109.08296550430511
13 111.36941437829735
14 101.70824707279729
15 99.23344597547755
16 84.01414359933297
17 77.60365874409118
18 58.69948984312567
19 67.2362982810577
20 118.48132765273614
21 37.43801383768159
22 90.50231663215263
23 43.04302856942152
24 57.64054578016967
25 115.6373769045576
26 32.60638525438441
27 91.62813512766952
28 58.355455960308454
29 82.14673751801013
30 80.70435685131956
31 22.670738280834193
32 104.95413345205074
33 112.6516837939882
34 103.21576211772435
35 35.414613442554824
36 79.96487012714653
37 68.27582533171835
38 53.66447613107043
39 73.40151289835174
40 47.182731659311074
41 36.65450320797602
42 50.8572021223781
43 68.86600558734149
44 82.6411417869364
45 40.00306447164657
46 99.5954875706942
47 109.02141177875403
48 45.41055757653271
49 82.3019116412971
50 57.563996021228085
51 62.03289710135019
52 114.61883378655915
53 77.34939984434877
54 115.07286365542225
55 59.16511687333497
56 31.68563682442833
57 72.18760936486765
58 43.4921716148069
59 41.40826661095993
60 77.48582130905186
61 56.2849070653223
62 85.5017114075365
63 43.82775507678008
64 83.00443467926705
65 25.863080060068416
66 105.68933971923823
67 108.949183859964
68 119.01861595744535
69 54.88581772561525
70 93.56642832738915
71 91.68163447106274
72 35.43929740262402
73 109.47911773028638
74 112.72904470764465
75 42.5987655583511
76 24.16834409187876
77 30.93319164436515
78 119.67863872833176
79 33.83855595474268
80 60.67434399424753
81 103.93929865415689
82 33.72621270976153
83 22.44897994564237
84 38.9629640296954
85 21.343849075745972
86 25.439053655447466
87 29.698287614771584
88 52.21543265208994
89 54.456046552976396
90 105.24932072934843
91 51.68496286301939
92 87.09137116574578
93 38.824220914812244
94 36.128868148187216
95 106.52386556636304
96 93.53982212572834
97 89.3999112050777
98 64.64492521267852
99 66.45144442601264
100 63.935032992072976
101 66.13770975414911
102 63.24632190046857
103 119.38431234332273
104 105.45115746262746
105 21.332681112490064
106 103.29017407275565
107 53.78192003472063
108 117.81273229369036
109 73.37621909075969
110 33.10406017513771
111 63.10540899724755
112 94.90540256864543
113 68.11496460877937
114 118.28890270457883
115 21.731192380477996
116 53.20408210631057
117 108.62643980980782
118 112.50289792955321
119 92.86916786734372
120 52.57333194589904
121 56.97885330786759
122 66.12699387545757
123 90.85191148041994
124 115.71743020081328
125 37.42154155889307
126 47.49763667517947
127 35.10258779003478
128 71.40525543839533
129 99.45630451790139
130 46.802544656227845
131 101.1557207724096
132 43.5677667614201
133 31.3689065682499
134 56.27054224335487
135 95.29636478714144
136 83.46351607791456
137 50.05385428479488
138 71.94655678521687
139 53.69966535904059
140 95.33026568835164
141 31.34448424014798
142 42.12810839320599
143 94.39413776662968
144 37.28848030909307
145 86.56430439503868
146 95.44970182644501
147 30.938456277077808
148 88.73508734803792
149 35.64444504107945
0 1
0 17
0 40
0 49
0 96
0 113
0 127
0 129
1 2
1 3
1 10
1 21
1 32
1 67
1 70
1 78
1 95
1 102
1 106
1 108
1 112
1 114
1 147
2 3
2 20
2 23
2 24
2 38
2 58
2 62
2 70
2 80
2 90
2 116
2 118
2 119
2 140
3 4
3 32
3 38
3 57
4 5
4 26
4 39
5 6
5 7
5 23
5 38
5 42
5 67
5 72
5 90
5 100
5 122
6 7
6 14
6 28
6 34
6 40
6 46
6 49
6 53
6 85
6 93
6 110
6 111
6 127
6 137
7 8
7 14
7 50
7 81
7 93
7 102
7 136
7 142
8 9
8 34
8 46
8 71
8 88
8 145
9 10
9 33
9 50
9 66
9 69
9 100
9 106
9 111
9 138
9 148
10 11
10 18
10 22
10 24
10 30
10 31
10 50
10 67
10 88
10 89
10 103
10 117
10 126
10 148
11 12
11 26
11 45
11 105
11 115
11 132
11 140
11 143
12 13
12 31
12 66
12 88
12 92
12 95
12 125
13 14
13 17
13 26
13 35
13 69
13 102
14 15
14 20
14 69
14 92
14 94
14 96
14 98
14 107
14 142
15 16
15 28
15 57
15 67
15 81
15 85
15 86
15 95
15 105
15 111
15 115
15 118
15 121
15 128
15 134
16 17
16 33
16 54
16 61
16 72
16 77
16 78
16 81
16 122
17 18
17 29
17 38
17 40
17 41
17 65
17 88
17 95
17 128
17 131
18 19
18 33
18 34
18 50
18 52
18 55
18 56
18 66
18 83
18 86
18 101
18 102
18 104
18 108
18 128
18 148
19 20
19 21
19 29
19 55
19 83
19 105
19 116
19 131
20 21
20 40
20 49
20 69
20 74
20 95
20 118
20 130
20 141
20 143
21 22
21 43
21 64
21 79
21 83
21 92
21 110
21 111
21 122
21 125
22 23
22 67
22 69
22 74
22 85
22 86
22 94
22 95
22 96
22 103
22 109
22 112
22 137
22 147
23 24
23 37
23 40
23 56
23 78
23 99
23 123
23 134
24 25
24 40
24 83
24 123
24 124
24 126
24 144
25 26
25 27
25 63
25 75
25 76
25 89
25 91
25 93
25 114
25 119
25 121
25 132
26 27
26 38
26 41
26 47
26 48
26 63
26 78
26 100
26 106
26 114
26 115
26 136
26 143
27 28
27 99
27 109
27 121
27 141
27 148
28 29
28 40
28 82
28 85
28 114
28 118
28 122
28 137
28 142
28 146
29 30
29 37
29 41
29 70
29 74
29 80
29 111
29 130
30 31
30 98
30 99
30 112
30 125
31 32
31 47
31 75
31 80
31 90
31 95
31 146
32 33
32 38
32 39
32 55
32 71
32 86
32 93
32 95
32 127
33 34
33 44
33 50
33 77
33 92
33 132
33 139
34 35
34 41
34 44
34 55
34 66
34 91
34 115
34 116
34 143
35 36
35 40
35 45
35 73
35 79
35 98
35 103
35 113
35 143
36 37
36 60
36 70
36 87
36 90
36 97
36 107
36 111
36 113
36 114
36 115
36 121
36 135
37 38
37 66
37 69
37 76
37 99
37 113
37 148
38 39
38 42
38 68
38 72
38 74
38 81
38 114
38 120
38 129
38 131
38 132
38 139
38 141
39 40
39 43
39 50
39 53
39 90
39 121
39 122
39 129
39 145
39 146
40 41
40 64
40 76
40 87
40 101
40 127
41 42
41 46
41 72
41 83
41 85
41 90
41 104
41 107
41 114
41 118
41 133
41 145
42 43
42 53
42 77
42 78
42 103
42 104
42 116
42 142
43 44
43 65
43 72
44 45
44 59
44 100
44 105
44 119
44 122
44 127
44 135
44 136
44 137
45 46
45 71
45 94
45 122
45 126
45 132
45 135
46 47
46 61
46 73
46 89
46 130
46 140
47 48
47 52
47 54
47 65
47 103
47 117
48 49
48 69
48 72
48 73
48 85
48 95
48 99
48 120
48 126
49 50
49 55
49 97
49 102
49 104
49 147
50 51
50 59
50 62
50 86
50 87
50 100
50 107
50 120
50 127
50 134
50 135
50 137
50 142
50 148
51 52
51 67
51 71
51 74
51 105
52 53
52 62
52 68
52 72
52 79
52 99
52 100
52 143
52 146
53 54
53 71
53 77
53 96
53 124
53 138
54 55
54 67
54 68
54 96
54 105
54 111
54 141
54 143
55 56
55 76
55 78
55 86
55 90
55 99
55 101
56 57
56 61
56 63
56 64
56 67
56 90
56 92
56 103
56 111
56 116
56 119
56 131
57 58
57 69
57 93
57 107
57 116
57 120
57 138
58 59
58 81
58 84
58 86
58 88
58 94
58 100
58 105
58 117
58 122
59 60
59 67
59 70
59 105
59 108
59 118
59 144
60 61
60 88
60 94
60 99
60 115
60 120
60 125
60 132
61 62
61 66
61 116
61 119
61 122
61 123
61 124
61 138
62 63
62 71
62 94
62 147
63 64
63 80
63 84
63 87
63 101
63 112
63 123
63 135
63 139
64 65
64 67
64 68
64 73
64 86
64 87
64 110
64 146
64 147
65 66
65 76
65 77
65 79
65 80
65 82
65 102
65 126
65 131
65 136
66 67
66 81
66 84
66 86
66 98
66 105
66 140
66 148
67 68
67 74
67 126
67 131
67 138
67 147
68 69
68 74
68 79
68 85
68 91
68 95
68 123
69 70
69 92
69 97
69 100
69 110
69 113
69 115
69 117
70 71
70 81
70 84
70 95
70 101
70 122
70 130
70 133
70 139
70 144
70 148
71 72
71 103
71 111
71 135
72 73
72 75
72 124
72 144
73 74
73 81
73 93
73 94
73 98
73 101
73 102
74 75
74 100
74 104
74 136
75 76
75 84
75 86
75 93
75 98
75 126
76 77
76 86
76 108
76 111
76 114
76 137
76 139
76 143
77 78
77 92
77 134
77 138
77 139
78 79
78 101
78 105
78 111
78 128
79 80
79 107
79 109
79 110
79 131
79 142
80 81
80 83
80 93
80 105
80 116
80 118
80 125
80 131
80 145
81 82
81 88
81 106
81 115
81 142
81 145
82 83
82 118
82 125
82 126
82 132
82 139
83 84
83 87
83 108
83 116
83 122
83 123
83 130
83 136
84 85
85 86
85 88
85 106
86 87
86 116
86 143
86 147
87 88
87 121
88 89
88 93
88 131
88 148
89 90
89 104
89 114
89 128
90 91
90 92
90 110
90 113
90 120
90 141
91 92
91 101
91 110
91 124
91 132
92 93
92 101
92 110
92 111
92 126
93 94
93 95
93 99
93 100
93 122
93 134
93 137
94 95
94 96
94 106
94 107
94 121
94 134
94 141
95 96
95 124
96 97
96 98
96 103
96 112
96 114
96 123
96 136
97 98
97 99
97 108
97 110
97 124
97 143
97 145
98 99
98 102
98 109
98 145
99 100
99 108
100 101
100 103
100 127
100 142
100 147
100 148
101 102
101 109
101 115
102 103
102 116
102 126
102 131
102 133
103 104
103 110
103 118
103 133
103 147
104 105
104 107
104 128
104 140
105 106
105 137
106 107
106 116
106 120
106 124
106 125
107 108
107 114
107 116
107 125
108 109
108 117
108 126
108 127
108 132
109 110
109 112
109 128
109 148
110 111
110 115
111 112
111 118
112 113
112 116
112 146
112 147
113 114
113 121
113 143
114 115
114 149
115 116
115 123
115 135
116 117
117 118
117 119
117 121
118 119
118 133
118 147
119 120
120 121
120 126
120 131
121 122
121 136
121 140
122 123
122 135
123 124
123 125
124 125
124 131
124 132
124 133
124 142
124 143
125 126
126 127
126 132
126 134
126 135
127 128
128 129
129 130
129 136
129 146
130 131
130 136
130 140
131 132
131 137
131 141
131 142
132 133
132 147
132 148
133 134
133 137
134 135
135 136
136 137
136 139
137 138
137 144
137 149
138 139
139 140
139 148
140 141
140 149
141 142
142 143
143 144
144 145
145 146
146 147
147 148
148 149
