0 63.915804676849284
1 54.277211915418995
2 87.49370654906431
3 103.40564191205189
4 38.56490419404078
5 52.522345202783875
6 38.76494463824147
7 48.83002483657947
8 79.44312690803218
9 48.014284434863924
10 91.80872953248253
11 35.77444534520611
12 119.36298584342387
13 100.23780765086444
14 29.03573953332949
15 61.72879618766479
16 57.48637967224352
17 74.73582040627366
18 98.68481554769795
19 50.540268313107404
20 40.44500480206564
21 97.78528518798551
22 44.88864322037373
23 46.27083339437917
24 111.28009261665404
25 49.532237835501505
26 31.268324900129087
27 61.42112114692458
28 44.83243428512762
29 47.151481474000015
30 80.25218938171953
31 30.353827218526355
32 39.873823442816196
33 43.91288990228618
34 103.53699637184178
35 57.128685231602944
36 118.05623677365467
37 97.47770543487067
38 30.45724556581158
39 88.46494689160201
40 87.66517382156559
41 41.31457821687961
42 50.5010009147238
43 87.17621160115434
44 66.19878990236487
45 26.816558728265232
46 73.80830582590607
47 29.176370483113054
48 119.95455477075659
49 90.51657372047629
50 79.21087679117494
51 98.03431355128804
52 71.09037823638016
53 40.740436871530555
54 63.21947773994535
55 105.05899728372314
56 43.03727893435227
57 51.102736870634295
58 25.337976220558403
59 20.025289334658986
60 63.67581440557969
61 94.44244256502212
62 25.180794801163422
63 57.905035824235526
64 22.348655921581866
65 50.11140214109605
66 25.093056942420237
67 30.346590514912755
68 81.56688605812073
69 69.97037568140384
70 88.32047958105531
71 37.150021453038654
72 77.17767186997663
73 94.01361475190807
74 37.24861224687798
75 42.61407726021039
76 101.79620625791249
77 65.23439770883661
78 88.82877151794284
79 54.38494144680677
80 55.46491374477737
81 105.160380933958
82 75.03061088114626
83 98.3156575259609
84 64.78809300707174
85 76.42899712070967
86 25.008960378989475
87 61.8490685157383
88 117.20032922427968
89 76.83951740865388
90 32.64522473638105
91 60.5659670536639
92 30.562135239358216
93 80.50989294791009
94 58.22123701372235
95 67.79412330865395
96 79.93648640890069
97 66.08275170110878
98 116.20620752817193
99 35.55268341029981
100 33.18503296765776
101 49.36649483064589
102 82.48498382046282
103 26.610416698127306
104 104.93291898812623
105 68.36370143586575
106 113.82852249143151
107 72.06513770069252
108 24.48636371610426
109 52.33054863017959
110 110.00515901203299
111 66.60556637393739
112 27.44720694701995
113 43.327332824519765
114 64.6538592062117
115 114.49580004094699
116 23.053887506824893
117 28.661567251036022
118 44.88835463382998
119 43.3264288392617
120 59.68840899383305
121 85.6915525713035
122 111.57366365222771
123 109.70531658148921
124 109.52401496475117
125 36.6497286531635
126 42.31419657673888
127 31.31487486551174
128 119.94848412440945
129 60.46152670047167
130 47.4152925513555
131 93.14167193263732
132 34.18307092704796
133 110.97679674618676
134 75.42767026326615
135 92.18801895284871
136 66.42729689824134
137 46.59738574695666
138 89.35694217291555
139 104.60415701640537
140 27.89496396450002
141 84.97574341994026
142 57.2180365240743
143 81.9335494787334
144 39.26686842878581
145 58.27592099000119
146 41.336945524673226
147 109.04269608090057
148 32.370917298207864
149 59.42967732231046
0 1
0 48
0 53
0 55
0 61
0 81
0 86
0 130
0 146
1 2
1 5
1 9
1 46
1 57
1 64
1 68
1 84
1 104
1 133
1 137
2 3
2 12
2 17
2 33
2 40
2 45
2 72
2 82
2 93
2 95
2 102
3 4
3 12
3 22
3 25
3 39
3 80
3 85
3 102
3 110
3 117
3 125
3 136
4 5
4 10
4 14
4 47
4 58
4 66
4 79
4 115
4 130
5 6
5 32
5 33
5 40
5 72
5 87
5 88
5 95
5 99
5 104
5 120
5 124
5 131
6 7
6 9
6 124
6 131
7 8
7 25
7 40
7 57
7 99
7 108
7 124
7 137
7 147
7 149
8 9
8 12
8 16
8 33
8 41
8 50
8 63
8 70
8 75
8 90
8 91
8 120
8 125
8 128
8 130
8 148
9 10
9 12
9 23
9 44
9 51
9 82
9 89
9 109
9 120
9 122
9 148
10 11
10 24
10 39
10 40
10 46
10 47
10 108
10 109
10 112
10 128
10 137
10 140
11 12
11 34
11 63
11 67
11 70
11 84
11 95
11 103
11 110
11 148
12 13
12 16
12 32
12 38
12 44
12 47
12 60
12 67
12 72
12 74
12 80
12 91
12 100
12 131
12 140
13 14
13 25
13 26
13 31
13 45
13 62
13 75
13 87
13 143
14 15
14 61
14 71
14 85
14 89
14 91
14 104
14 123
15 16
15 19
15 28
15 47
15 49
15 54
15 62
15 85
15 102
15 122
15 147
16 17
16 39
16 41
16 67
16 70
16 84
16 91
16 92
16 94
16 133
17 18
17 32
17 73
17 80
17 83
17 84
17 112
17 115
18 19
18 29
18 30
18 34
18 39
18 48
18 56
18 59
18 109
18 134
18 148
19 20
19 49
19 70
19 71
19 122
19 132
19 135
20 21
20 34
20 47
20 52
20 77
20 113
20 120
20 130
21 22
21 26
21 31
21 37
21 38
21 41
21 43
21 50
21 53
21 69
21 72
21 81
21 123
21 127
21 145
22 23
22 48
22 81
22 114
22 127
22 133
23 24
23 32
23 45
23 49
23 59
23 107
24 25
24 40
24 41
24 60
24 87
24 114
24 132
25 26
25 44
25 59
25 98
25 99
25 126
25 130
25 142
26 27
26 71
26 73
26 77
26 79
26 92
26 93
26 107
26 122
26 128
26 143
27 28
27 33
27 40
27 44
27 89
27 126
27 127
27 148
28 29
28 30
28 41
28 62
28 64
28 95
28 118
29 30
29 33
29 42
29 55
29 65
29 75
29 82
29 93
29 123
29 130
29 132
29 139
29 140
30 31
30 93
30 97
30 129
30 134
31 32
31 44
31 51
31 78
31 84
31 101
32 33
32 35
32 51
32 72
32 79
32 97
32 110
32 123
32 144
32 148
33 34
33 65
33 70
33 72
33 83
33 84
33 92
33 108
33 135
34 35
34 90
34 121
34 130
34 132
34 137
35 36
35 67
35 88
36 37
36 48
36 57
36 63
36 72
36 86
36 98
36 106
36 118
36 136
36 139
36 141
37 38
37 43
37 72
37 103
37 106
37 127
37 129
37 143
38 39
38 41
38 50
38 59
38 60
38 71
38 76
38 109
38 128
38 132
39 40
39 61
39 71
39 79
39 82
39 84
39 104
39 111
39 141
39 142
40 41
40 89
40 95
40 115
41 42
41 84
41 97
41 122
41 142
41 143
42 43
42 53
42 78
42 83
42 108
42 112
42 136
42 137
42 142
43 44
43 45
43 49
43 64
43 68
43 74
43 81
43 94
43 96
43 98
43 111
43 117
43 129
43 144
44 45
44 54
44 89
44 95
44 111
44 115
44 116
45 46
45 51
45 94
45 100
45 121
45 130
45 145
46 47
46 48
46 62
46 68
46 70
46 96
46 121
46 126
46 133
46 134
47 48
47 53
47 61
47 64
47 71
47 77
47 86
47 89
47 146
48 49
48 51
48 55
48 58
48 60
48 88
48 91
48 93
48 134
48 135
49 50
49 80
49 81
49 90
49 100
49 135
49 146
50 51
50 86
50 100
50 121
50 141
50 142
50 143
51 52
51 65
51 93
51 111
51 112
51 148
52 53
52 56
52 58
52 69
52 72
52 126
52 129
52 135
52 136
52 144
53 54
53 64
53 68
53 111
53 129
53 135
54 55
54 72
54 87
54 93
54 111
54 148
55 56
55 65
55 66
55 90
55 120
55 139
55 140
55 141
56 57
56 62
56 98
56 120
56 137
57 58
57 63
57 90
57 117
57 144
57 146
58 59
58 74
58 78
58 99
58 110
58 115
58 148
59 60
59 61
59 68
59 69
59 87
59 98
59 108
59 128
59 140
59 147
60 61
60 71
60 84
60 88
60 119
60 132
61 62
61 87
61 94
61 102
61 104
61 107
61 123
61 127
61 130
61 131
62 63
62 79
62 145
63 64
63 67
63 83
63 93
63 132
64 65
64 69
64 76
64 86
64 91
64 100
65 66
65 71
65 93
65 94
65 101
65 124
65 146
66 67
66 105
66 106
66 110
66 124
66 131
66 135
66 136
66 148
67 68
67 83
67 100
67 119
67 121
67 125
67 139
67 147
68 69
68 103
68 129
69 70
69 81
69 98
69 99
69 102
69 103
69 125
69 143
70 71
70 89
70 91
70 103
70 135
70 143
71 72
71 79
71 103
71 113
71 127
72 73
72 75
72 81
72 93
72 94
72 96
72 118
72 126
72 135
72 142
72 149
73 74
73 86
73 99
73 111
73 112
73 136
73 138
73 147
74 75
74 84
74 98
74 101
74 125
74 128
74 129
74 134
75 76
75 80
75 81
75 92
75 122
75 129
75 132
75 133
75 147
76 77
76 80
76 83
76 100
76 103
76 116
76 120
76 125
76 126
76 132
76 135
77 78
77 79
77 85
77 86
77 114
77 115
77 121
77 133
77 146
78 79
78 81
78 87
78 93
78 95
78 100
78 121
78 134
79 80
79 94
79 99
79 104
79 132
79 143
80 81
80 85
80 97
80 101
80 112
80 120
80 136
81 82
81 91
81 110
81 116
81 123
81 125
81 127
81 129
81 133
81 138
81 142
82 83
82 97
82 124
82 141
83 84
83 85
83 86
83 88
83 149
84 85
84 97
84 107
84 109
84 114
84 120
85 86
85 122
85 133
85 139
86 87
86 95
86 108
86 113
86 119
86 120
86 140
86 143
86 146
87 88
87 94
87 101
87 135
88 89
88 92
88 119
88 121
88 132
88 147
89 90
89 104
89 108
89 120
90 91
90 93
90 100
90 106
90 123
90 149
91 92
91 95
91 121
91 127
91 149
92 93
93 94
93 102
93 105
93 137
93 146
94 95
94 112
94 125
94 138
95 96
95 101
95 117
95 123
96 97
96 100
96 102
96 125
96 128
96 136
97 98
97 108
97 123
97 148
98 99
98 106
98 118
98 131
99 100
99 109
100 101
100 105
100 106
100 128
100 144
101 102
101 113
101 123
101 125
101 132
102 103
102 144
103 104
103 107
103 128
103 129
103 142
103 148
104 105
104 112
104 117
104 133
105 106
105 148
106 107
106 108
106 116
106 122
106 146
107 108
107 119
107 128
107 146
107 147
108 109
108 140
108 144
109 110
109 129
109 143
110 111
110 122
111 112
111 128
111 139
112 113
112 125
113 114
113 125
113 136
114 115
114 127
114 128
115 116
115 129
115 146
116 117
116 139
117 118
117 123
117 139
118 119
118 137
118 142
119 120
120 121
120 124
120 127
121 122
121 132
121 136
122 123
122 138
122 144
123 124
123 129
123 137
123 141
124 125
124 138
125 126
125 139
125 142
125 146
125 147
126 127
126 129
126 143
127 128
127 132
127 141
128 129
128 134
128 140
128 145
129 130
129 149
130 131
131 132
132 133
132 139
132 144
133 134
134 135
135 136
136 137
136 146
137 138
137 146
138 139
138 144
139 140
140 141
140 146
140 148
141 142
141 147
142 143
143 144
144 145
145 146
146 147
147 148
148 149
