0 66.28754244554156
1 117.36668032992652
2 98.56410419611598
3 102.39284829228127
4 34.198389104298094
5 74.2279231943867
6 68.19727954467655
7 119.22915518529379
8 108.02950778973516
9 68.98437856598437
10 107.66989476334217
11 69.43186191370715
12 99.10605942087747
13 96.82401393482033
14 47.14951523089086
15 39.27183332917812
16 111.29143168703061
17 61.65824051634628
18 70.0172472443096
19 82.82638714096674
20 92.29166171648278
21 71.13750981618887
22 48.25614499941649
23 100.81835377984451
24 58.51798656731834
25 64.10952954472118
26 37.287939822684194
27 49.274741052723655
28 89.14047535069791
29 32.29064513420077
30 48.9867738088156
31 89.8244112002184
32 88.18832028332233
33 86.29997471302256
34 51.38365849851795
35 70.89569137528738
36 94.9000457995202
37 107.7097115318866
38 101.4856958503037
39 59.64113874074057
40 81.9995262560034
41 23.39396273227781
42 103.66909747256625
43 28.10817811865899
44 119.17138953206664
45 36.21236242187728
46 100.2653015230429
47 33.99066578779946
48 94.73200079511209
49 46.94363375633161
50 43.2446080503801
51 26.23786987627965
52 82.3399153873539
53 106.38815246232917
54 66.31186993754531
55 48.86379748859509
56 111.56232361360074
57 43.68750069234241
58 75.2640236098481
59 112.49112053890401
60 51.211660658165655
61 27.162887988333633
62 101.11930985707558
63 52.480442338823906
64 42.589250243418846
65 27.353210584483875
66 115.3132453350242
67 94.93700877460677
68 26.120456852827296
69 68.43746749119072
70 89.16653305887404
71 107.45339065024491
72 89.33848887924627
73 73.85510276257918
74 90.86527809973526
75 20.138044651795923
76 26.77170455323034
77 34.69179773313941
78 52.35403271084486
79 64.29611563305805
80 43.011837691701
81 55.27713537342238
82 105.8272900279337
83 91.0701892493958
84 49.08830453964293
85 59.44441318091796
86 84.91533360919533
87 100.41516787265884
88 99.24634694093791
89 73.03187149435942
90 109.19533221516697
91 31.972799198221885
92 90.32445067768083
93 33.458449165798015
94 22.31890400900534
95 43.7278297202935
96 99.14912738071655
97 115.58609272159285
98 33.832368879108955
99 31.769136782304226
100 64.71283248303355
101 104.58457484678202
102 22.676189187691634
103 25.04562794432699
104 31.37337913182898
105 91.14368598424143
106 96.38519854417109
107 22.6980538188907
108 56.91094019333286
109 112.1315058372277
110 64.1713527480548
111 28.364354025312753
112 55.001348196643235
113 110.67646013852722
114 74.35595005575061
115 75.79748920082926
116 85.51204932002258
117 43.654731628852986
118 87.02839250639654
119 33.201189696518554
120 27.99976914743351
121 21.693447941096473
122 101.3437034817533
123 119.88039055523436
124 73.88653802153998
125 27.054096299836722
126 33.531216227337005
127 68.11958487792299
128 51.01345124136267
129 118.13938795380825
130 46.47193683328378
131 115.64369617684659
132 50.61913736746729
133 95.87081772207878
134 64.6123373452971
135 119.58249827132404
136 61.262608963098266
137 76.81296805602851
138 69.0173702688241
139 41.551001846093875
140 26.807774540486292
141 90.67461132148284
142 56.52578562003054
143 65.27464403928417
144 36.30960989414617
145 95.69547519787395
146 64.25585283443945
147 73.1295285736952
148 22.48959339957533
149 84.43152521300945
0 1
0 7
0 10
0 11
0 15
0 27
0 46
0 65
0 104
0 108
0 126
0 127
0 129
1 2
1 14
1 31
1 62
1 74
1 75
1 90
1 93
1 95
1 108
1 134
1 138
1 146
2 3
2 7
2 16
2 20
2 21
2 30
2 40
2 49
2 62
2 66
2 72
2 73
2 80
2 88
2 99
2 101
2 102
2 127
2 129
2 136
2 139
2 142
2 143
2 148
3 4
3 6
3 10
3 14
3 19
3 24
3 27
3 35
3 38
3 40
3 48
3 55
3 56
3 62
3 74
3 91
3 92
3 94
3 101
3 133
3 142
4 5
4 9
4 16
4 24
4 31
4 38
4 39
4 42
4 46
4 49
4 94
4 112
4 116
4 141
4 146
4 148
5 6
5 7
5 20
5 23
5 35
5 44
5 53
5 56
5 69
5 77
5 88
5 97
5 113
5 116
5 122
5 145
5 148
6 7
6 9
6 22
6 30
6 39
6 42
6 45
6 53
6 59
6 68
6 88
6 94
6 111
6 123
6 137
6 144
7 8
7 13
7 21
7 30
7 50
7 60
7 77
7 90
7 92
7 95
7 118
7 121
7 131
7 132
7 138
7 149
8 9
8 11
8 17
8 24
8 31
8 42
8 71
8 72
8 95
8 97
8 100
8 106
8 112
8 135
8 136
9 10
9 29
9 48
9 61
9 70
9 75
9 81
9 86
9 95
9 115
9 117
9 135
9 136
9 141
9 144
10 11
10 17
10 35
10 40
10 43
10 44
10 61
10 76
10 84
10 88
10 100
10 102
10 106
10 119
10 129
10 143
10 148
11 12
11 21
11 42
11 63
11 94
11 98
11 113
11 145
12 13
12 25
12 46
12 81
12 112
12 113
12 114
12 117
12 123
12 131
13 14
13 20
13 36
13 48
13 49
13 61
13 65
13 66
13 68
13 71
13 89
13 94
13 102
13 107
13 115
13 124
13 134
13 136
13 144
14 15
14 16
14 40
14 43
14 51
14 54
14 69
14 83
14 110
14 119
14 125
15 16
15 29
15 52
15 55
15 56
15 58
15 59
15 86
15 95
15 133
15 145
15 146
15 148
16 17
16 38
16 54
16 59
16 72
16 83
16 84
16 103
16 110
16 132
17 18
17 34
17 49
17 51
17 57
17 63
17 68
17 70
17 79
17 81
17 88
17 95
17 96
17 124
18 19
18 44
18 47
18 48
18 65
18 75
18 86
18 100
18 114
18 117
18 122
18 129
18 130
18 135
18 137
18 138
19 20
19 37
19 45
19 49
19 50
19 56
19 66
19 77
19 80
19 92
19 103
19 109
19 135
19 136
20 21
20 48
20 57
20 64
20 124
20 132
20 136
21 22
21 29
21 31
21 35
21 42
21 43
21 48
21 55
21 66
21 73
21 75
21 77
21 84
21 85
21 99
21 100
21 107
21 108
21 109
21 145
22 23
22 25
22 60
22 70
22 74
22 75
22 80
22 81
22 121
22 123
23 24
23 25
23 31
23 42
23 50
23 51
23 53
23 57
23 59
23 90
23 100
23 105
23 122
23 137
24 25
24 27
24 39
24 40
24 48
24 59
24 60
24 77
24 79
24 84
24 86
24 96
24 128
24 131
24 134
24 144
25 26
25 54
25 59
25 63
25 66
25 79
25 80
25 85
25 94
25 96
25 120
25 122
25 144
25 147
26 27
26 36
26 43
26 49
26 59
26 65
26 87
26 89
26 94
26 95
26 113
26 128
26 135
26 144
27 28
27 40
27 75
27 98
27 99
27 116
27 124
27 129
27 131
27 141
27 142
28 29
28 62
28 65
28 68
28 70
28 88
28 89
28 106
28 148
29 30
29 64
29 77
29 95
29 97
29 106
29 107
29 111
29 112
29 115
29 118
29 139
30 31
30 43
30 55
30 57
30 62
30 63
30 74
30 80
30 102
30 115
30 119
30 120
30 144
31 32
31 48
31 66
31 74
31 79
31 113
31 115
31 138
32 33
32 52
32 56
32 74
32 92
32 93
32 117
32 121
32 141
33 34
33 47
33 54
33 66
33 88
33 96
33 102
33 108
33 122
33 126
33 133
33 147
34 35
34 36
34 47
34 49
34 50
34 92
34 105
34 106
34 107
34 109
34 114
34 140
34 143
34 145
34 147
35 36
35 37
35 41
35 45
35 54
35 57
35 68
35 89
35 101
35 105
35 107
35 109
35 117
35 128
35 135
36 37
36 41
36 69
36 70
36 87
36 94
36 95
36 107
36 115
36 117
36 139
36 146
37 38
37 41
37 44
37 55
37 67
37 70
37 73
37 87
37 97
37 112
37 114
37 133
37 138
38 39
38 57
38 72
38 81
38 96
38 99
38 117
38 122
38 127
38 133
38 142
39 40
39 43
39 52
39 64
39 68
39 71
39 79
39 83
39 99
39 105
39 112
39 118
39 131
39 133
39 139
39 148
40 41
40 50
40 54
40 56
40 77
40 78
40 84
40 93
40 102
40 106
40 109
40 119
40 121
40 127
40 139
40 141
40 148
41 42
41 46
41 60
41 75
41 107
41 108
41 114
41 134
41 146
41 149
42 43
42 45
42 46
42 54
42 55
42 71
42 72
42 82
42 87
42 91
42 106
42 109
42 110
43 44
43 55
43 60
43 66
43 104
43 120
43 131
43 135
43 147
44 45
44 46
44 54
44 98
44 105
44 124
44 142
45 46
45 54
45 56
45 62
45 65
45 73
45 93
45 110
45 114
45 121
45 135
46 47
46 58
46 62
46 72
46 83
46 89
46 107
46 111
46 136
46 141
46 148
47 48
47 57
47 59
47 72
47 73
47 90
47 97
47 101
47 126
47 130
47 134
48 49
48 51
48 52
48 54
48 55
48 58
48 109
48 135
48 141
49 50
49 52
49 77
49 80
49 90
49 93
49 96
49 97
49 109
49 122
49 131
49 140
50 51
50 69
50 73
50 85
50 93
50 95
50 104
50 109
50 119
50 128
50 132
50 134
51 52
51 55
51 57
51 79
51 81
51 85
51 97
51 100
51 108
51 109
51 119
51 124
51 125
51 135
51 147
52 53
52 56
52 63
52 69
52 74
52 77
52 80
52 84
52 91
52 118
52 126
52 131
52 136
52 140
52 145
53 54
53 65
53 69
53 70
53 77
53 79
53 87
53 89
53 100
53 120
53 122
53 129
53 130
53 134
53 138
54 55
54 66
54 99
54 143
55 56
55 62
55 77
55 78
55 91
55 106
55 107
55 123
55 126
55 132
55 134
55 136
55 140
55 141
55 145
56 57
56 63
56 77
56 80
56 81
56 85
56 97
56 137
56 139
56 141
56 147
57 58
57 65
57 90
57 92
57 107
57 120
57 127
57 140
58 59
58 62
58 65
58 94
58 120
58 124
58 129
58 130
59 60
59 66
59 68
59 69
59 76
59 102
59 133
60 61
60 77
60 83
60 86
60 90
60 109
60 117
60 130
60 140
60 143
61 62
61 74
61 82
61 83
61 85
61 89
61 94
61 145
62 63
62 72
62 139
62 140
62 148
62 149
63 64
63 91
63 104
63 113
63 122
63 129
63 134
63 137
64 65
64 68
64 124
64 149
65 66
65 101
65 114
65 126
65 144
65 148
66 67
66 79
66 99
66 110
66 117
66 125
66 131
66 132
66 136
66 137
66 143
67 68
67 76
67 79
67 111
67 115
67 121
67 130
67 140
67 149
68 69
68 72
68 77
68 85
68 89
68 98
68 109
68 114
68 147
69 70
69 87
69 102
69 146
70 71
70 74
70 84
70 108
70 111
71 72
71 81
71 120
71 133
72 73
72 86
72 91
72 119
72 133
73 74
73 87
73 105
73 111
73 135
73 148
74 75
74 88
74 90
74 91
74 98
74 106
74 127
74 135
75 76
75 77
75 79
75 84
75 117
75 119
75 121
75 131
75 140
75 143
76 77
76 79
76 118
76 128
76 145
76 148
77 78
77 81
77 85
77 90
77 102
77 107
77 109
77 130
77 135
77 138
77 144
78 79
78 102
78 108
78 111
78 132
78 138
78 144
79 80
79 90
79 95
79 106
79 121
79 146
80 81
80 89
80 94
80 97
80 99
80 101
80 108
80 126
81 82
81 85
81 100
81 103
81 131
82 83
82 87
82 110
82 113
82 119
82 137
82 138
82 139
83 84
83 100
83 106
83 114
83 126
83 133
83 146
84 85
84 87
84 90
84 135
84 137
84 147
84 148
85 86
85 87
85 102
85 108
85 126
85 140
85 142
86 87
86 92
86 105
86 107
86 114
86 123
86 126
86 134
86 135
86 147
87 88
87 100
87 105
87 111
87 115
87 116
87 120
87 124
87 140
87 145
87 149
88 89
88 93
88 98
88 106
88 135
88 149
89 90
89 116
89 126
89 129
89 131
89 140
89 146
90 91
90 95
90 113
90 116
90 132
90 145
91 92
91 112
91 119
91 134
91 137
91 146
91 147
92 93
92 116
92 122
92 139
92 147
93 94
93 99
93 107
93 129
93 132
93 142
94 95
94 100
94 103
94 125
94 130
94 141
94 143
95 96
95 97
95 108
95 130
96 97
96 106
96 113
96 118
96 128
96 149
97 98
97 117
97 137
97 143
97 146
98 99
98 109
98 116
98 118
98 147
99 100
99 125
99 140
100 101
100 108
100 119
100 120
100 121
100 131
100 147
100 149
101 102
101 115
101 145
102 103
102 105
102 125
102 130
102 139
102 141
102 143
102 147
102 149
103 104
103 107
103 114
103 118
103 125
103 143
104 105
104 116
104 120
104 122
104 123
104 145
104 149
105 106
105 107
105 116
105 132
106 107
106 134
106 136
107 108
107 110
107 111
107 118
107 125
107 126
107 127
107 131
107 136
107 140
107 142
108 109
108 123
108 133
108 137
108 149
109 110
109 118
109 127
109 128
109 129
109 138
110 111
111 112
111 122
112 113
112 132
113 114
113 126
113 142
113 145
113 146
114 115
114 117
114 139
114 143
115 116
115 120
115 127
115 132
115 136
116 117
116 120
116 144
117 118
117 120
117 124
117 129
117 142
118 119
118 132
119 120
119 121
119 125
119 135
120 121
120 147
121 122
121 127
121 130
121 133
121 147
122 123
123 124
123 131
123 133
124 125
125 126
125 137
126 127
126 129
126 134
126 135
126 137
126 140
126 142
127 128
127 145
128 129
128 135
129 130
129 143
130 131
131 132
131 136
131 145
132 133
133 134
133 142
133 143
133 147
134 135
134 140
134 148
135 136
135 146
136 137
137 138
137 139
137 141
137 144
138 139
138 141
139 140
139 146
140 141
140 142
140 146
141 142
141 148
142 143
143 144
144 145
144 147
145 146
146 147
147 148
148 149
