0 99.66388700088547
1 98.10142702054699
2 91.17932473104858
3 55.52591889133695
4 91.68314938766385
5 82.6259230323613
6 108.26617392218606
7 49.555172201441344
8 36.90051266600153
9 96.17219482753255
10 36.9807519004314
11 41.045318481026165
12 97.41188254205517
13 22.05264204328277
14 37.697302869229404
15 21.462639942483833
16 34.28832535880943
17 72.34813110128474
18 34.66167048748312
19 69.43480737844534
20 73.97824691712118
21 118.45710410713751
22 48.0929196349575
23 70.29233152829647
24 105.04108757474783
25 55.1355194030883
26 79.39629770445525
27 77.39098679700888
28 21.109125538811828
29 62.483825944413624
30 25.19863402754541
31 85.18890531388404
32 90.13419527924319
33 117.15355180120775
34 61.6398773615098
35 34.93105279459523
36 22.261171127248783
37 43.98747699989008
38 84.20212954330208
39 27.79764187782239
40 29.080371007575295
41 92.3738117863713
42 110.3302290801762
43 77.50193855533988
44 115.54603564213333
45 67.78615526319882
46 52.195562817760305
47 94.5768595905941
48 22.508339442581597
49 48.29747931274211
50 45.177420351231184
51 57.96864805816349
52 42.59140953544137
53 68.2977065071409
54 73.98392902968867
55 96.05979205828018
56 65.06011878807482
57 57.2109382674752
58 72.80720118100245
59 68.87233896621564
60 66.35345429665514
61 79.69973837585607
62 88.50498177928378
63 115.95654283152308
64 52.12251692489415
65 35.66033740438557
66 86.52382952169665
67 110.34881427183906
68 73.89628973434775
69 43.25393344375739
70 48.126357429092174
71 37.98676145441141
72 88.90850813577441
73 46.2858126119743
74 54.45790264283609
75 104.0980438611696
76 105.15414267616995
77 58.4352866002979
78 78.08551105537197
79 53.33367337953684
80 55.40406970019815
81 81.15592080627971
82 105.86482040423083
83 78.79532114373896
84 73.69179394413977
85 109.50692229048751
86 98.33812815454615
87 86.61003108289385
88 105.69612210791853
89 70.74295532083956
90 50.33950825355743
91 77.33471986962064
92 70.4789235817608
93 24.18106257698807
94 55.08056933356845
95 103.22670607666541
96 105.19721701236975
97 87.67976088451489
98 89.71303410460968
99 61.29542722222169
100 66.69402322736752
101 46.00682912085371
102 34.2120486366976
103 86.05443923467521
104 34.28255036248489
105 39.438656219642326
106 107.39672382249266
107 113.02161309385463
108 56.573443572726404
109 27.125464202847116
110 54.00210497267609
111 94.26947732418874
112 111.85497836175077
113 69.07311438876187
114 44.93941468723219
115 60.70644814003669
116 106.3212644277423
117 73.03360396350878
118 59.229042707892795
119 42.27364370622354
120 117.35362486889083
121 108.16279029593608
122 100.56347316875433
123 76.87090742285145
124 100.09555309512533
125 95.99524337314871
126 64.05492696655722
127 61.579503297767985
128 114.72171393058008
129 51.10257601828757
130 109.44519626813958
131 25.627949142519483
132 99.08668889011246
133 58.74300152302119
134 115.90279852759484
135 33.551240538584594
136 106.84927492016946
137 44.87623835604201
138 90.50521754270028
139 59.12274922593882
140 54.70333068497033
141 115.10932451367805
142 77.6016797031873
143 105.89188139873244
144 74.00629511323727
145 113.45532449211034
146 69.47454377530761
147 88.53956115477476
148 41.88168668692173
149 79.22823676693531
0 1
0 9
0 13
0 14
0 39
0 71
0 123
0 128
0 137
0 143
0 146
1 2
1 12
1 27
1 38
1 57
1 60
1 65
1 85
1 94
1 108
1 125
1 148
2 3
2 6
2 7
2 9
2 12
2 16
2 20
2 27
2 28
2 60
2 81
2 86
2 88
2 108
2 114
2 130
2 149
3 4
3 12
3 22
3 34
3 35
3 44
3 45
3 52
3 60
3 65
3 66
3 67
3 75
3 88
3 89
3 103
3 108
3 116
3 139
4 5
4 14
4 18
4 45
4 55
4 67
4 80
4 84
4 108
4 109
4 113
4 115
4 117
4 122
4 130
4 143
5 6
5 16
5 18
5 34
5 49
5 51
5 52
5 74
5 99
5 100
5 127
5 128
5 137
5 140
5 141
6 7
6 13
6 14
6 16
6 25
6 29
6 31
6 38
6 45
6 47
6 48
6 52
6 53
6 62
6 70
6 76
6 80
6 87
6 95
6 107
6 111
6 116
6 129
6 136
6 141
7 8
7 11
7 14
7 29
7 43
7 48
7 49
7 69
7 70
7 76
7 81
7 84
7 85
7 87
7 96
7 107
7 115
8 9
8 19
8 41
8 43
8 44
8 86
8 87
8 88
8 105
8 122
8 125
8 126
8 145
9 10
9 16
9 36
9 38
9 40
9 49
9 102
9 121
9 123
9 144
10 11
10 16
10 19
10 28
10 30
10 34
10 48
10 58
10 68
10 72
10 81
10 89
10 94
10 96
10 101
10 102
10 122
11 12
11 23
11 55
11 56
11 88
11 92
11 114
11 120
11 125
11 135
11 138
11 142
12 13
12 17
12 30
12 33
12 49
12 51
12 72
12 104
12 107
12 115
12 118
12 128
12 135
12 138
12 140
13 14
13 32
13 33
13 39
13 55
13 91
13 96
13 107
13 125
13 136
13 140
13 143
13 147
14 15
14 20
14 49
14 54
14 57
14 86
14 99
14 105
14 118
15 16
15 25
15 41
15 45
15 60
15 61
15 62
15 69
15 96
15 100
15 104
15 140
15 142
15 147
16 17
16 23
16 38
16 39
16 45
16 47
16 49
16 57
16 75
16 89
16 101
16 126
16 127
16 133
16 143
17 18
17 24
17 44
17 49
17 68
17 70
17 112
17 123
17 126
17 138
18 19
18 28
18 30
18 42
18 45
18 46
18 62
18 67
18 72
18 93
18 108
18 117
18 119
18 122
18 132
18 134
19 20
19 22
19 33
19 34
19 51
19 63
19 68
19 69
19 70
19 85
19 92
19 99
19 125
19 126
19 139
19 141
19 147
20 21
20 25
20 36
20 60
20 67
20 68
20 89
20 96
20 98
20 107
20 112
20 115
20 121
20 128
20 129
20 142
20 148
21 22
21 32
21 34
21 36
21 47
21 51
21 53
21 55
21 57
21 60
21 75
21 77
21 83
21 96
21 120
22 23
22 24
22 38
22 44
22 62
22 67
22 70
22 78
22 110
22 111
22 120
22 124
22 138
22 143
22 149
23 24
23 25
23 73
23 74
23 77
23 115
23 136
23 142
23 147
24 25
24 47
24 57
24 69
24 71
24 73
24 75
24 77
24 90
24 92
24 104
24 124
24 131
24 136
24 147
25 26
25 41
25 53
25 63
25 65
25 69
25 71
25 73
25 75
25 78
25 90
25 137
25 142
25 147
26 27
26 38
26 71
26 83
26 90
26 100
26 101
26 109
26 140
27 28
27 34
27 37
27 40
27 44
27 45
27 57
27 65
27 66
27 74
27 87
27 136
28 29
28 33
28 38
28 78
28 86
28 92
28 99
28 126
28 132
28 141
29 30
29 32
29 51
29 69
29 77
29 91
29 101
29 107
29 116
29 122
29 142
29 143
30 31
30 48
30 56
30 76
30 77
30 84
30 94
30 104
30 117
30 134
31 32
31 37
31 43
31 49
31 61
31 76
31 77
31 81
31 83
31 86
31 90
31 92
31 98
31 111
31 113
31 121
31 129
31 142
31 144
32 33
32 42
32 51
32 69
32 74
32 80
32 87
32 88
32 92
32 94
32 95
32 104
32 108
32 109
32 127
32 130
32 149
33 34
33 38
33 46
33 54
33 63
33 77
33 84
33 93
33 100
33 102
33 104
33 105
33 106
33 126
33 131
33 133
34 35
34 47
34 48
34 83
34 84
34 93
34 97
34 101
34 104
34 105
34 109
34 140
34 145
35 36
35 47
35 53
35 69
35 95
35 103
35 127
35 133
35 138
35 148
36 37
36 39
36 41
36 63
36 83
36 85
36 93
36 105
37 38
37 39
37 59
37 62
37 72
37 74
37 112
37 113
37 114
37 116
37 120
37 121
37 126
37 134
37 137
38 39
38 42
38 45
38 60
38 112
38 126
38 128
38 136
39 40
39 53
39 57
39 60
39 73
39 90
39 92
39 105
39 106
39 107
39 111
39 112
39 127
39 149
40 41
40 62
40 66
40 73
40 75
40 97
40 105
40 110
40 142
40 148
41 42
41 47
41 48
41 71
41 85
41 98
41 99
41 115
42 43
42 52
42 55
42 58
42 60
42 73
42 92
42 96
42 140
42 144
43 44
43 58
43 72
43 79
43 88
44 45
44 58
44 80
44 82
44 90
44 93
44 96
44 101
44 112
44 123
44 128
45 46
45 49
45 58
45 80
45 85
45 109
45 146
45 149
46 47
46 63
46 72
46 76
46 108
46 126
46 138
47 48
47 52
47 58
47 75
47 81
47 88
47 92
47 95
47 117
47 146
48 49
48 78
48 95
48 112
48 122
48 130
48 133
48 139
48 149
49 50
49 67
49 70
49 77
49 102
49 123
49 124
49 132
49 133
49 134
49 141
50 51
50 54
50 72
50 73
50 74
50 75
50 77
50 100
50 108
50 114
50 116
50 117
50 136
51 52
51 54
51 57
51 60
51 85
51 90
51 92
51 97
51 99
51 117
51 131
51 142
52 53
52 65
52 90
52 91
52 104
52 108
52 111
52 117
52 118
52 133
52 134
52 138
53 54
53 55
53 62
53 64
53 69
53 101
53 103
53 107
53 123
53 128
54 55
54 56
54 71
54 75
54 87
54 120
54 127
54 129
55 56
55 60
55 82
55 93
55 98
55 103
55 109
55 113
55 124
55 126
55 149
56 57
56 59
56 65
56 73
56 95
56 146
57 58
57 80
57 86
57 95
57 98
57 133
57 135
57 145
57 147
57 148
58 59
58 121
58 122
58 129
59 60
59 68
59 71
59 90
59 93
59 100
59 105
59 106
59 109
59 115
59 123
59 134
60 61
60 63
60 87
60 92
60 95
60 108
60 112
60 143
60 149
61 62
61 65
61 84
61 85
61 86
61 99
61 101
61 124
61 134
61 143
62 63
62 87
62 116
62 122
62 130
62 140
63 64
63 66
63 67
63 75
63 91
63 113
63 125
63 128
63 131
63 132
63 137
63 140
63 148
64 65
64 71
64 78
64 90
64 93
64 102
64 104
64 110
64 111
64 116
64 126
64 138
65 66
65 86
65 108
65 110
65 120
65 123
66 67
66 68
66 71
66 85
66 90
66 98
66 99
66 106
66 111
66 136
66 141
67 68
67 72
67 73
67 76
67 91
67 95
67 118
68 69
68 70
68 88
68 105
68 106
68 109
68 112
68 143
68 144
69 70
69 75
69 84
69 97
69 107
69 125
69 131
69 137
70 71
70 72
70 74
70 84
70 87
70 94
70 109
70 117
70 127
70 131
70 137
70 145
71 72
71 73
71 100
71 105
71 109
71 117
71 131
71 147
72 73
72 105
72 110
72 132
73 74
73 76
73 94
73 103
73 108
73 121
73 123
73 144
74 75
74 80
74 86
74 102
74 110
74 112
74 129
74 131
74 138
74 140
75 76
75 98
75 108
75 142
76 77
76 78
76 105
76 139
76 142
76 143
77 78
77 127
78 79
78 83
78 93
78 98
78 111
78 113
78 114
78 127
78 131
78 148
79 80
79 81
79 86
79 94
79 96
79 119
79 134
79 145
80 81
80 100
80 101
80 103
80 115
80 119
80 126
80 128
80 132
80 149
81 82
81 90
81 94
81 127
81 143
81 147
82 83
82 99
82 105
82 111
82 114
82 123
82 124
82 130
82 132
82 133
82 135
82 143
83 84
83 86
83 89
83 101
83 102
83 105
83 115
83 117
83 131
83 139
83 147
83 149
84 85
84 87
84 98
84 113
84 119
84 132
85 86
85 87
85 88
85 92
85 93
85 98
85 107
85 114
85 115
85 120
85 129
85 130
86 87
86 92
86 101
86 102
86 125
86 126
86 148
87 88
87 94
87 95
87 103
87 107
87 109
87 120
87 122
87 124
87 126
87 140
88 89
88 108
88 140
89 90
89 102
89 105
89 115
89 123
89 126
89 137
89 141
90 91
90 111
90 133
91 92
91 105
91 126
91 128
91 129
91 141
92 93
92 111
93 94
93 109
94 95
94 96
94 109
94 124
94 129
94 135
94 138
94 140
94 143
94 148
95 96
95 97
95 98
95 110
95 119
95 130
95 132
95 133
95 134
95 136
95 147
96 97
96 108
96 111
96 119
96 122
96 124
96 147
97 98
97 99
97 104
97 125
97 128
97 139
98 99
98 111
98 119
98 145
99 100
99 104
99 108
99 124
100 101
100 110
100 112
100 125
100 132
101 102
101 108
101 119
101 126
101 140
102 103
102 123
102 141
102 148
103 104
103 109
103 116
103 118
103 123
103 129
103 140
103 142
104 105
104 109
104 145
104 149
105 106
105 110
105 115
105 132
105 139
105 140
106 107
106 108
106 114
106 129
107 108
107 112
107 134
107 149
108 109
108 120
108 123
108 133
108 141
108 148
109 110
109 125
109 133
109 135
109 138
109 143
110 111
110 120
110 147
111 112
111 115
111 117
111 134
111 146
112 113
112 119
112 122
112 135
112 137
112 139
112 146
112 148
113 114
113 125
113 129
113 133
114 115
114 121
114 124
115 116
115 117
115 119
115 121
115 124
116 117
116 127
117 118
117 125
117 138
117 139
118 119
118 122
118 126
118 129
118 132
119 120
119 137
119 141
119 147
120 121
120 124
120 126
120 139
120 141
121 122
121 123
121 148
122 123
122 124
122 132
122 138
123 124
123 144
124 125
125 126
125 147
126 127
126 131
126 138
126 141
126 144
127 128
127 144
127 145
127 149
128 129
128 131
128 149
129 130
129 132
130 131
131 132
131 142
131 149
132 133
133 134
133 138
133 140
133 144
133 147
134 135
135 136
135 149
136 137
137 138
137 139
137 145
137 149
138 139
139 140
140 141
141 142
141 143
142 143
143 144
143 148
144 145
145 146
146 147
147 148
148 149
