0 32.47649621276029
1 71.98252990333154
2 90.48593889796838
3 35.179335016849414
4 73.1195272889506
5 51.54227481850583
6 102.65409690416696
7 99.05299701429844
8 35.34939812447071
9 23.72298295774045
10 93.69327314853096
11 20.431651759605302
12 83.38016297172823
13 37.50288271989663
14 57.4943862381054
15 41.33720678979295
16 63.44124907215082
17 113.41890582632249
18 53.414834005358266
19 31.92185028877643
20 84.8337472485853
21 27.323899338584848
22 38.00049730958576
23 98.34868075864256
24 40.594034727808484
25 47.689312220743346
26 95.39862544800886
27 101.89757721521386
28 43.378128432889056
29 36.17320901513544
30 69.85823290371036
31 41.25246942373592
32 39.777847049347784
33 68.92735835189626
34 67.87473892082528
35 36.742578604416394
36 32.00248086145971
37 86.9960651010243
38 89.82080781818779
39 95.251656005334
40 79.70734143433091
41 38.163305377313634
42 71.3154248495892
43 27.57555753694767
44 76.72323354927167
45 29.73363845719969
46 63.11846632502066
47 36.20001193570701
48 97.5385161711063
49 71.98629555146518
50 54.99814775360256
51 90.78675938227614
52 86.60811386546841
53 55.42069587208915
54 53.80387916462926
55 61.09768347806814
56 119.9114455494005
57 71.4156107405087
58 58.88724635013999
59 82.65294869785889
60 102.65396385608484
61 55.55307054136016
62 39.048964752421206
63 89.1105892141082
64 79.60457750337446
65 105.61200186931849
66 104.34981446028348
67 57.17135710120095
68 25.283938037568213
69 102.11553198997571
70 83.40874388755938
71 74.75409526814131
72 50.06622789429968
73 38.319749766719525
74 62.22143975930362
75 61.253259321189
76 105.22969930829827
77 48.66067362042769
78 114.06786891864805
79 39.88164726710785
80 95.08890987300289
81 109.93004225146166
82 51.73742288612088
83 86.41780073485636
84 107.56426725073912
85 77.82945879530172
86 63.08543889126362
87 56.11893857043109
88 55.892093921390014
89 113.05634059084905
90 48.84509532856016
91 21.126685167104256
92 83.65112727578531
93 45.70403097206943
94 67.65372747594698
95 34.38427961287143
96 22.879048189069234
97 24.512306018456236
98 107.41287573526702
99 72.90035445517513
100 110.77519602234733
101 98.38344444448111
102 44.386459788499415
103 103.13575012954824
104 64.33338080141526
105 81.58295720767148
106 21.851662954431298
107 54.35629463243487
108 84.22132820471937
109 61.17289215119027
110 78.65224925498003
111 81.9858102821444
112 109.32089277690196
113 115.47965993487956
114 84.66422109640607
115 52.31009352773719
116 71.56594765478803
117 25.777108712666923
118 94.96882988818896
119 82.32394873017319
120 107.06238781696149
121 79.86958481129577
122 117.43817205670273
123 24.07983620615342
124 63.947436342617756
125 85.88854378348259
126 99.47370034344007
127 91.58801013870989
128 110.0430513314867
129 37.37024251290147
130 78.79819342697938
131 90.13453382785633
132 84.08090063031737
133 96.56091608074014
134 110.48680841488522
135 22.824853927215674
136 53.12402484666806
137 91.89973909301649
138 77.83309758020684
139 117.22714627390906
140 35.78296716917478
141 57.75882587717665
142 118.18090947652935
143 36.18091597034058
144 25.921806784733064
145 79.77337049271276
146 46.51337421140947
147 111.15285909801949
148 104.77218969700293
149 47.47398640082174
0 1
0 6
0 9
0 10
0 23
0 42
0 72
0 85
0 91
0 95
0 110
0 112
0 115
0 118
0 123
0 125
0 129
0 141
1 2
1 4
1 6
1 9
1 15
1 16
1 29
1 45
1 57
1 58
1 66
1 73
1 76
1 108
1 110
1 112
1 115
1 116
1 122
1 124
1 131
1 132
1 149
2 3
2 16
2 33
2 43
2 49
2 52
2 57
2 74
2 94
2 103
2 109
2 120
3 4
3 7
3 27
3 37
3 39
3 45
3 47
3 51
3 52
3 56
3 64
3 66
3 79
3 82
3 87
3 91
3 138
3 139
3 141
3 146
4 5
4 6
4 8
4 14
4 17
4 24
4 55
4 60
4 61
4 68
4 75
4 77
4 78
4 86
4 94
4 127
4 135
4 143
4 147
4 148
5 6
5 13
5 27
5 37
5 43
5 44
5 47
5 58
5 68
5 77
5 78
5 79
5 94
5 106
5 110
5 118
5 125
5 138
5 144
5 146
6 7
6 14
6 15
6 17
6 34
6 35
6 45
6 50
6 55
6 57
6 63
6 67
6 74
6 79
6 102
6 113
6 114
6 127
6 129
6 131
6 139
6 143
6 147
7 8
7 38
7 42
7 61
7 69
7 71
7 75
7 89
7 92
7 100
7 104
7 108
7 111
7 115
7 131
7 133
8 9
8 12
8 16
8 19
8 28
8 40
8 47
8 48
8 56
8 73
8 75
8 77
8 79
8 82
8 103
8 114
8 127
8 132
9 10
9 21
9 22
9 25
9 26
9 29
9 37
9 45
9 47
9 49
9 52
9 62
9 76
9 77
9 79
9 93
9 94
9 99
9 132
9 133
9 142
9 143
9 148
10 11
10 33
10 54
10 61
10 66
10 74
10 81
10 85
10 103
10 126
10 127
10 138
10 141
11 12
11 18
11 27
11 28
11 48
11 53
11 56
11 59
11 71
11 77
11 92
11 95
11 112
11 131
11 145
11 147
12 13
12 17
12 22
12 39
12 40
12 42
12 46
12 59
12 78
12 85
12 86
12 91
12 92
12 99
12 109
12 111
12 117
12 119
12 145
13 14
13 24
13 30
13 40
13 42
13 46
13 54
13 58
13 90
13 98
13 116
13 118
13 120
13 121
13 131
13 132
13 136
13 143
14 15
14 16
14 20
14 21
14 26
14 28
14 32
14 41
14 70
14 74
14 80
14 87
14 89
14 93
14 101
14 102
14 110
14 116
14 124
14 125
14 133
14 142
14 147
15 16
15 24
15 29
15 40
15 43
15 48
15 62
15 70
15 75
15 76
15 85
15 89
15 94
15 95
15 97
15 101
15 119
15 121
15 144
16 17
16 20
16 22
16 27
16 35
16 41
16 53
16 54
16 67
16 70
16 80
16 84
16 85
16 86
16 87
16 101
16 103
16 113
16 116
16 120
16 124
16 136
16 147
17 18
17 20
17 26
17 29
17 42
17 57
17 58
17 59
17 60
17 94
17 107
17 110
17 113
17 143
17 148
17 149
18 19
18 39
18 40
18 47
18 67
18 83
18 88
18 99
18 103
18 109
18 112
18 117
18 122
18 123
18 125
18 127
18 134
18 145
19 20
19 22
19 33
19 35
19 51
19 54
19 58
19 63
19 72
19 83
19 89
19 92
19 104
19 105
19 106
19 108
19 115
19 119
19 138
19 141
19 149
20 21
20 30
20 32
20 37
20 47
20 91
20 98
20 102
20 108
20 111
20 117
20 119
20 125
20 126
20 133
20 141
20 147
20 149
21 22
21 25
21 26
21 33
21 37
21 48
21 73
21 81
21 106
21 120
21 124
21 141
21 144
22 23
22 25
22 35
22 47
22 49
22 56
22 68
22 70
22 83
22 94
22 96
22 117
22 120
22 123
22 146
22 147
23 24
23 32
23 54
23 60
23 68
23 92
23 100
23 107
23 109
23 118
23 121
23 126
23 130
23 134
23 140
23 147
23 149
24 25
24 26
24 33
24 62
24 68
24 70
24 71
24 79
24 84
24 90
24 127
24 128
24 132
24 136
24 137
24 139
24 141
25 26
25 40
25 50
25 53
25 64
25 67
25 77
25 79
25 91
25 93
25 104
25 106
25 107
25 114
25 120
25 121
25 126
25 127
25 132
25 138
25 140
25 143
26 27
26 32
26 48
26 52
26 60
26 69
26 71
26 82
26 83
26 103
26 107
26 112
26 122
26 128
26 132
26 137
26 147
26 149
27 28
27 34
27 36
27 53
27 58
27 69
27 73
27 78
27 79
27 92
27 98
27 106
27 109
27 120
27 121
27 142
27 149
28 29
28 34
28 45
28 54
28 69
28 76
28 84
28 100
28 101
28 125
28 127
28 145
29 30
29 35
29 37
29 43
29 47
29 56
29 59
29 66
29 76
29 85
29 94
29 95
29 101
29 106
29 107
29 112
29 113
29 118
29 129
29 138
30 31
30 33
30 35
30 46
30 51
30 56
30 58
30 70
30 71
30 79
30 80
30 85
30 92
30 93
30 95
30 96
30 103
30 104
30 106
30 109
30 123
30 130
30 136
30 149
31 32
31 47
31 48
31 52
31 54
31 58
31 66
31 67
31 74
31 89
31 90
31 92
31 94
31 122
31 123
31 132
31 140
31 141
32 33
32 37
32 63
32 73
32 85
32 87
32 90
32 92
32 97
32 101
32 105
32 110
32 113
32 117
32 123
32 126
32 138
33 34
33 36
33 42
33 48
33 52
33 65
33 91
33 93
33 104
33 107
33 114
33 116
33 121
33 127
33 132
34 35
34 36
34 43
34 46
34 49
34 78
34 84
34 87
34 98
34 100
34 112
34 117
34 126
34 145
35 36
35 65
35 69
35 72
35 87
35 95
35 97
35 111
35 126
35 130
35 140
35 143
36 37
36 43
36 60
36 66
36 78
36 84
36 100
36 112
36 116
36 130
36 132
36 136
37 38
37 39
37 52
37 56
37 66
37 67
37 87
37 92
37 93
37 102
37 105
37 111
37 138
37 144
38 39
38 53
38 54
38 55
38 63
38 69
38 70
38 77
38 78
38 82
38 91
38 96
38 102
38 105
38 108
38 110
38 120
38 138
38 146
39 40
39 70
39 80
39 85
39 97
39 128
39 141
40 41
40 66
40 67
40 97
40 106
40 109
40 112
40 123
40 124
40 127
41 42
41 45
41 55
41 61
41 82
41 85
41 88
41 93
41 96
41 109
41 117
41 119
41 121
41 131
41 141
41 144
41 145
42 43
42 45
42 58
42 67
42 78
42 93
42 95
42 103
42 118
42 120
42 125
42 127
42 129
43 44
43 49
43 61
43 72
43 77
43 83
43 86
43 100
43 103
43 107
43 115
43 124
43 129
43 141
44 45
44 47
44 50
44 55
44 88
44 89
44 98
44 111
44 117
44 120
44 133
44 136
44 138
45 46
45 55
45 56
45 58
45 64
45 65
45 98
45 125
45 136
45 139
46 47
46 53
46 55
46 59
46 68
46 70
46 71
46 92
46 118
46 121
46 123
46 124
46 127
46 135
46 136
46 138
47 48
47 55
47 56
47 61
47 70
47 73
47 74
47 79
47 81
47 98
47 115
47 116
47 135
47 141
47 144
48 49
48 81
48 82
48 94
48 98
48 114
48 129
48 135
49 50
49 56
49 82
49 116
49 128
49 134
49 140
50 51
50 57
50 60
50 68
50 79
50 96
50 97
50 98
50 102
50 108
50 117
50 127
50 143
50 147
51 52
51 54
51 56
51 67
51 72
51 77
51 79
51 82
51 110
51 130
51 147
52 53
52 64
52 73
52 81
52 84
52 91
52 95
52 105
52 113
52 114
52 115
52 123
52 131
52 143
52 145
52 146
53 54
53 55
53 58
53 63
53 64
53 67
53 89
53 95
53 96
53 100
53 101
53 105
53 106
53 107
53 117
53 126
53 134
53 145
53 148
54 55
54 106
54 107
54 109
54 115
54 118
54 122
54 127
54 136
55 56
55 62
55 65
55 74
55 94
55 96
55 98
55 108
55 123
55 128
55 134
55 137
55 140
55 143
56 57
56 58
56 68
56 86
56 91
56 99
56 101
56 102
56 122
56 126
56 130
56 142
56 147
56 149
57 58
57 61
57 67
57 71
57 78
57 80
57 85
57 90
57 102
57 109
57 122
57 125
57 127
57 134
57 136
57 137
57 146
58 59
58 61
58 78
58 80
58 88
58 90
58 111
58 119
58 126
58 130
58 139
58 141
58 143
58 147
59 60
59 61
59 66
59 73
59 74
59 75
59 96
59 112
59 122
59 132
60 61
60 85
60 86
60 91
60 94
60 97
60 110
60 112
60 113
60 124
60 144
60 146
61 62
61 64
61 79
61 87
61 89
61 98
61 104
61 115
61 123
61 128
61 131
61 133
61 140
61 145
62 63
62 82
62 106
62 117
62 131
62 137
62 148
63 64
63 66
63 80
63 87
63 117
63 118
63 128
63 129
63 134
63 136
63 140
63 142
63 146
63 148
64 65
64 91
64 93
64 104
64 123
64 125
64 128
64 133
64 141
65 66
65 78
65 79
65 89
65 97
65 99
65 105
65 111
65 127
65 128
65 134
65 144
66 67
66 85
66 86
66 87
66 101
66 105
66 116
66 126
66 129
66 149
67 68
67 74
67 85
67 91
67 95
67 104
67 119
67 135
67 141
67 146
68 69
68 85
68 88
68 92
68 111
68 117
68 121
68 130
68 131
68 148
69 70
69 88
69 97
69 109
69 119
69 123
69 133
69 141
69 145
70 71
70 76
70 79
70 105
70 114
70 119
70 146
71 72
71 76
71 90
71 91
71 95
71 102
71 115
71 118
71 120
71 127
71 139
71 142
71 149
72 73
72 102
72 105
72 107
72 110
72 118
72 130
72 141
72 145
73 74
73 90
73 97
73 98
73 102
73 115
73 140
73 147
74 75
74 87
74 97
74 103
74 118
74 146
75 76
75 82
75 87
75 91
75 106
75 108
75 127
75 137
75 139
76 77
76 78
76 79
76 89
76 99
76 100
76 113
76 114
76 119
76 122
76 124
76 137
76 139
77 78
77 102
77 106
77 110
77 111
77 115
77 117
77 133
78 79
78 86
78 107
78 111
78 115
78 130
78 133
78 143
78 147
79 80
79 83
79 95
79 100
79 119
79 124
79 137
79 144
80 81
80 95
80 104
80 105
80 120
80 125
81 82
81 83
81 84
81 86
81 93
81 105
81 107
81 118
81 125
82 83
82 89
82 97
82 108
82 128
82 142
82 146
83 84
83 92
83 97
83 104
83 110
83 111
83 117
83 121
83 123
83 124
83 142
84 85
84 99
84 100
84 101
84 112
84 134
84 137
85 86
85 89
85 110
85 118
85 125
85 145
86 87
86 93
86 104
86 116
86 119
86 130
86 139
86 140
86 146
87 88
87 90
87 101
87 102
87 116
87 122
87 125
87 126
87 140
88 89
88 90
88 95
88 96
88 98
88 130
88 134
88 135
88 145
89 90
89 97
89 103
89 113
89 117
89 120
89 135
89 144
89 147
90 91
90 96
90 105
90 110
90 117
91 92
91 97
91 102
91 121
91 129
91 133
91 143
91 147
91 148
92 93
92 128
92 145
93 94
93 96
93 98
93 104
93 127
93 136
93 147
94 95
94 99
94 116
95 96
95 113
95 115
95 118
95 136
95 141
95 145
96 97
96 106
96 109
96 114
96 117
96 120
96 122
96 128
97 98
97 108
97 123
97 125
98 99
98 107
98 111
98 121
98 124
98 125
98 131
99 100
99 117
99 119
99 121
99 124
99 133
99 146
100 101
100 104
100 106
100 113
100 118
100 120
100 121
100 126
100 132
100 133
100 137
100 147
101 102
101 114
101 116
101 126
101 128
101 139
102 103
102 108
102 109
102 134
102 145
102 146
103 104
103 114
103 121
103 141
103 144
103 148
104 105
104 108
104 112
104 125
104 127
104 133
104 138
104 143
104 149
105 106
105 110
105 118
105 133
105 136
105 141
106 107
106 113
106 119
106 122
106 130
106 145
107 108
107 110
107 126
107 135
107 144
107 145
108 109
108 112
108 116
108 125
108 130
108 132
108 144
108 146
109 110
109 112
109 113
109 117
109 118
109 120
109 128
109 138
109 139
110 111
110 141
110 144
110 145
110 148
111 112
111 133
111 143
112 113
112 134
112 138
112 144
113 114
113 119
113 126
113 139
114 115
114 124
114 132
114 133
114 140
115 116
115 117
115 146
116 117
116 123
116 128
117 118
117 121
117 124
117 143
118 119
118 122
118 130
118 134
118 144
118 148
118 149
119 120
120 121
120 130
120 134
121 122
121 124
121 125
121 129
121 131
121 135
121 136
121 142
122 123
122 127
122 143
122 144
122 145
122 147
123 124
123 125
123 132
123 133
123 140
124 125
124 135
124 144
124 148
124 149
125 126
125 128
125 130
125 146
126 127
126 140
126 142
127 128
127 129
127 133
128 129
128 131
128 137
128 138
129 130
129 131
129 132
129 140
129 141
129 143
129 146
130 131
130 143
131 132
131 139
132 133
132 135
132 143
132 145
133 134
133 148
134 135
134 145
135 136
135 149
136 137
136 146
137 138
137 141
138 139
138 148
139 140
139 141
139 147
140 141
140 148
141 142
141 143
141 148
142 143
142 149
143 144
143 145
144 145
145 146
146 147
146 148
147 148
148 149
