0 101.52998933965974
1 59.00993845098056
2 30.245025763806368
3 47.566281962520605
4 39.60117148326137
5 44.14602922585488
6 108.44465773376395
7 93.10840514602882
8 102.51315374288316
9 63.519079562070594
10 21.157315546345792
11 97.0323674270606
12 74.3382967029091
13 50.5984462773903
14 52.612202374380516
15 108.74820045683445
16 55.88902281600668
17 39.22300364269323
18 20.832312539371493
19 85.58712383916814
20 41.31950732966874
21 75.8154293276259
22 47.44638327631307
23 110.3800877370187
24 83.73042666348766
25 24.820915824625672
26 70.60700256644054
27 86.99130157635462
28 110.74177569032467
29 39.00421867462272
30 105.38807281168644
31 68.30193773430867
32 119.8463553798542
33 45.24287935455214
34 101.44494464699835
35 89.20570398289773
36 30.329210417960677
37 78.58331034295347
38 21.255693900312828
39 48.36929544960201
40 93.6359584120166
41 82.58040531119573
42 63.92218334220492
43 106.82720271801753
44 67.29559365982703
45 82.32019123496381
46 89.29472643781011
47 48.92175284890867
48 38.85101092223849
49 28.028978609718706
50 55.09425149465113
51 81.6656139258022
52 45.72316925538193
53 101.80134038317092
54 65.7411315333236
55 32.29549195464512
56 74.53242822244583
57 77.7331937978349
58 45.75990301283369
59 40.602062258330974
60 39.12330709987613
61 26.6251334866621
62 92.91430582683547
63 32.56263969009621
64 30.386500620164455
65 60.42508809387218
66 36.63721423366946
67 104.86948548794486
68 102.94470057381626
69 118.70827487584181
70 25.855208330898275
71 46.13804940129852
72 113.86642900170632
73 109.74632356454525
74 96.96764061479556
75 69.89585831133823
76 56.794669354553086
77 32.09637844217035
78 27.525278772299103
79 36.89414968510199
80 41.22483572806931
81 119.14483196970853
82 64.06369634720046
83 99.85080074740905
84 51.13923864643364
85 68.66933136299687
86 23.58177870261995
87 112.42445384098032
88 79.80281105260343
89 42.23653319365634
90 107.3158563059194
91 106.03617729868932
92 78.2476111041891
93 45.13203459098264
94 32.745146786052906
95 53.09640708319174
96 73.82119124259138
97 26.522783258549392
98 85.17430099068142
99 103.26131130009983
100 112.14662872524913
101 71.68120236699053
102 113.7740628633704
103 100.53413279336374
104 50.93963978966775
105 93.35415464389608
106 48.62116273382817
107 63.34345117223159
108 87.35088345396412
109 67.7387841785561
110 95.06376079140333
111 37.17175867539423
112 31.849179462450877
113 102.0311743602874
114 69.6488513590827
115 109.87409437644624
116 51.13407749871634
117 65.14268024694576
118 77.88328391186889
119 113.5179146401229
120 90.16379799531742
121 60.932661989390915
122 98.26012129377801
123 23.391816964868887
124 49.107286889495015
125 74.18533855183313
126 29.267276048023664
127 104.7720408133556
128 34.87675206989422
129 73.56226110090606
130 76.5054948259691
131 51.10221973797208
132 28.86970469000042
133 112.89090820188935
134 105.5779266321194
135 103.43312059149572
136 112.64719312825527
137 32.40382637505392
138 63.073652100032
139 40.28561282579216
140 71.4975553898129
141 24.92150363270605
142 72.75272619207195
143 79.54147788342337
144 52.182732968876
145 98.47627399740684
146 46.950436069785944
147 39.533069822044446
148 85.63673230377606
149 36.503273066797675
0 1
0 51
0 52
0 69
0 72
0 74
0 92
0 93
0 98
0 107
0 112
0 114
0 116
0 122
0 134
0 139
0 142
1 2
1 4
1 9
1 16
1 17
1 19
1 22
1 29
1 36
1 53
1 75
1 76
1 86
1 89
1 97
1 108
1 110
1 127
1 135
1 139
2 3
2 30
2 56
2 60
2 67
2 102
2 110
2 111
2 117
2 125
2 128
2 130
2 134
2 136
2 137
2 140
3 4
3 8
3 14
3 16
3 24
3 25
3 47
3 56
3 67
3 77
3 78
3 81
3 87
3 104
3 115
3 124
3 125
3 134
3 141
3 145
4 5
4 6
4 12
4 13
4 26
4 40
4 61
4 65
4 68
4 82
4 90
4 91
4 101
4 105
4 109
4 112
4 115
4 129
4 136
4 145
5 6
5 25
5 28
5 43
5 54
5 59
5 65
5 70
5 81
5 90
5 92
5 103
5 115
6 7
6 15
6 22
6 30
6 43
6 49
6 54
6 55
6 60
6 63
6 74
6 79
6 86
6 95
6 97
6 106
6 120
6 148
7 8
7 9
7 14
7 18
7 38
7 54
7 73
7 81
7 82
7 92
7 102
7 105
7 112
7 133
7 139
7 147
8 9
8 16
8 25
8 26
8 34
8 36
8 41
8 57
8 67
8 83
8 89
8 102
8 110
8 118
8 127
8 134
8 135
8 139
8 147
8 148
9 10
9 17
9 33
9 44
9 51
9 52
9 54
9 90
9 94
9 97
9 111
9 116
9 131
10 11
10 14
10 16
10 51
10 69
10 89
10 121
10 134
10 139
10 141
10 147
11 12
11 14
11 25
11 44
11 49
11 56
11 92
11 109
11 117
11 122
11 131
11 144
11 147
12 13
12 14
12 20
12 46
12 49
12 61
12 65
12 84
12 96
12 101
12 114
12 115
12 124
12 129
12 148
13 14
13 19
13 27
13 35
13 36
13 38
13 41
13 60
13 69
13 98
13 103
13 113
13 147
14 15
14 31
14 43
14 57
14 63
14 71
14 73
14 75
14 87
14 118
14 120
14 121
14 135
14 136
14 139
14 147
15 16
15 51
15 67
15 72
15 75
15 78
15 96
15 105
15 133
15 147
16 17
16 41
16 46
16 47
16 49
16 61
16 62
16 71
16 89
16 91
16 96
16 97
16 102
16 140
17 18
17 23
17 43
17 53
17 75
17 109
17 128
17 133
17 149
18 19
18 43
18 48
18 58
18 62
19 20
19 29
19 30
19 38
19 40
19 46
19 87
19 89
19 96
19 105
19 107
19 130
19 131
19 134
19 138
20 21
20 39
20 40
20 82
20 88
20 92
20 113
20 128
20 139
21 22
21 28
21 30
21 36
21 74
21 90
21 92
21 93
21 140
21 147
22 23
22 28
22 46
22 75
22 93
22 97
22 100
22 115
22 123
22 126
22 139
23 24
23 34
23 42
23 58
23 92
23 98
23 102
23 108
23 111
23 112
23 114
23 116
23 139
23 144
23 148
24 25
24 30
24 31
24 34
24 45
24 48
24 52
24 76
24 78
24 90
24 94
24 95
24 111
24 122
24 128
24 133
24 144
25 26
25 27
25 38
25 40
25 43
25 63
25 70
25 74
25 80
25 98
25 134
26 27
26 49
26 51
26 65
26 69
26 73
26 81
26 90
26 93
26 102
26 117
26 143
27 28
27 35
27 107
27 124
27 126
27 132
27 137
28 29
28 49
28 56
28 58
28 70
28 76
28 78
28 81
28 91
28 93
28 104
28 139
29 30
29 41
29 52
29 70
29 78
29 97
29 101
29 103
29 104
29 109
29 119
29 142
30 31
30 34
30 40
30 46
30 49
30 53
30 63
30 64
30 132
30 134
30 135
30 145
30 146
31 32
31 40
31 42
31 58
31 68
31 73
31 82
31 95
31 116
31 120
31 123
31 129
31 139
32 33
32 55
32 56
32 73
32 111
32 118
32 135
33 34
33 56
33 76
33 86
33 88
33 90
33 91
33 93
33 97
33 113
34 35
34 43
34 60
34 61
34 84
34 87
34 88
34 99
34 108
34 110
34 115
34 118
34 124
34 139
34 147
35 36
35 38
35 44
35 49
35 53
35 55
35 57
35 65
35 66
35 73
35 114
35 125
35 133
35 146
35 148
36 37
36 41
36 60
36 90
36 97
36 107
36 117
36 118
36 119
36 130
36 131
36 149
37 38
37 46
37 47
37 58
37 73
37 88
37 99
37 117
37 118
37 124
37 133
37 136
37 140
37 147
38 39
38 62
38 67
38 73
38 81
38 95
38 102
38 105
38 122
38 125
38 129
38 131
38 148
39 40
39 64
39 73
39 92
39 94
39 106
39 112
39 113
39 123
39 129
39 146
40 41
40 55
40 75
40 87
40 95
40 100
40 103
40 114
40 118
40 129
40 143
41 42
41 71
41 80
41 82
41 91
41 93
41 97
41 131
42 43
42 56
42 65
42 67
42 70
42 84
42 104
42 118
42 120
42 127
42 130
42 138
42 141
42 148
43 44
43 46
43 48
43 75
43 93
43 98
43 111
43 120
43 128
43 132
44 45
44 52
44 54
44 57
44 61
44 67
44 70
44 85
44 87
44 88
44 114
44 116
44 135
44 137
44 140
44 141
44 142
45 46
45 54
45 60
45 72
45 86
45 96
45 112
45 132
45 141
46 47
46 51
46 61
46 72
46 85
46 87
46 88
46 92
46 98
46 128
46 137
47 48
47 52
47 53
47 63
47 73
47 77
47 79
47 89
47 102
47 103
47 121
47 123
48 49
48 51
48 54
48 67
48 69
48 77
48 94
48 103
48 109
48 115
48 139
48 142
49 50
49 54
49 59
49 61
49 73
49 114
49 116
49 120
49 127
49 138
49 143
49 144
49 146
50 51
50 66
50 73
50 79
50 80
50 91
50 100
50 101
50 113
50 130
50 143
51 52
51 54
51 58
51 69
51 84
51 95
51 119
51 126
51 129
51 144
52 53
52 66
52 76
52 85
52 95
52 100
52 108
52 118
52 125
53 54
53 59
53 68
53 90
53 95
53 105
53 111
53 116
53 122
53 130
53 134
53 140
54 55
54 70
54 71
54 96
54 137
54 144
55 56
55 85
55 87
55 107
55 115
55 138
55 140
55 141
55 144
56 57
56 79
56 85
56 91
56 92
56 110
56 116
56 121
56 131
56 149
57 58
57 69
57 71
57 77
57 80
57 95
57 115
57 120
57 122
57 136
57 143
58 59
58 64
58 77
58 81
58 82
58 83
58 115
58 118
59 60
59 112
59 122
59 123
59 148
60 61
60 62
60 64
60 94
60 98
60 103
60 119
60 132
60 148
61 62
61 107
61 110
61 120
61 127
62 63
62 72
62 73
62 86
62 92
62 95
62 108
62 119
62 122
62 130
63 64
63 69
63 101
63 135
63 143
63 144
64 65
64 78
64 83
64 85
64 87
64 97
64 100
64 112
64 125
65 66
65 102
65 108
65 109
65 117
65 125
65 129
65 133
65 134
65 136
65 141
66 67
66 73
66 88
66 92
66 94
66 104
66 129
66 134
66 149
67 68
67 77
67 92
67 94
67 96
67 98
67 103
67 113
67 137
68 69
68 91
68 98
68 102
68 114
68 123
69 70
69 71
69 72
69 83
69 89
69 124
69 125
69 139
69 143
70 71
70 89
70 116
70 130
71 72
71 85
71 92
71 96
71 100
71 101
71 104
71 125
71 130
72 73
72 122
72 128
72 135
72 136
73 74
73 122
73 130
73 134
73 148
74 75
74 86
74 92
74 93
74 103
74 109
74 135
74 140
74 141
74 149
75 76
75 80
75 88
75 98
75 102
75 144
76 77
76 78
76 88
76 91
76 93
76 108
76 109
76 144
77 78
77 80
77 92
77 101
77 105
77 107
77 115
77 139
77 146
78 79
78 82
78 86
78 96
78 110
78 121
78 125
78 126
78 129
78 133
78 141
78 143
79 80
79 89
79 96
79 110
79 130
79 131
79 140
79 141
80 81
80 88
80 93
80 102
80 116
80 119
80 125
80 138
80 149
81 82
81 126
81 141
82 83
82 88
82 96
82 143
83 84
83 107
83 114
83 129
83 134
84 85
84 86
84 97
84 99
84 105
84 108
84 126
84 134
84 140
84 145
84 147
85 86
85 95
85 111
85 117
85 126
85 136
86 87
86 96
86 108
86 126
87 88
87 94
87 95
87 126
87 144
88 89
88 90
88 101
88 106
88 111
88 121
88 123
88 135
88 139
88 141
89 90
89 103
89 124
89 132
90 91
90 99
90 109
90 113
90 128
91 92
91 98
91 102
91 104
91 105
91 109
91 112
91 114
91 117
91 121
91 132
91 148
91 149
92 93
92 120
92 124
92 129
92 134
93 94
93 96
93 107
93 129
93 131
93 138
94 95
94 99
94 104
94 118
94 121
94 126
94 131
94 137
95 96
95 104
95 106
95 107
95 115
95 119
95 125
95 143
96 97
96 101
96 104
96 120
96 121
96 123
96 125
96 149
97 98
97 104
97 129
97 133
98 99
98 124
98 130
98 139
99 100
99 111
99 114
99 122
99 124
99 147
100 101
100 112
100 124
101 102
101 112
101 116
101 123
101 149
102 103
102 116
102 117
102 121
102 122
102 129
102 132
102 134
102 139
102 146
102 148
103 104
103 134
103 135
103 143
104 105
104 110
104 112
104 113
104 119
104 122
104 138
105 106
105 125
105 130
105 140
105 141
106 107
106 113
106 140
107 108
107 115
107 121
107 131
107 133
108 109
108 119
108 144
108 148
109 110
110 111
110 125
110 127
110 143
110 148
111 112
111 114
111 121
111 130
111 136
111 147
112 113
112 127
112 129
112 132
113 114
113 119
113 132
113 147
114 115
114 117
114 118
114 122
114 136
114 137
114 142
115 116
115 131
116 117
116 119
116 124
116 128
116 142
116 143
117 118
117 135
117 140
117 147
118 119
118 122
118 128
118 134
118 136
119 120
119 126
119 134
119 135
119 140
120 121
120 126
120 142
120 143
120 144
121 122
121 124
122 123
122 125
122 127
122 138
122 143
122 148
123 124
124 125
124 133
124 134
125 126
125 144
126 127
126 143
126 146
127 128
127 129
127 132
127 138
127 146
128 129
128 143
128 144
128 145
129 130
129 132
129 136
129 142
130 131
130 146
131 132
131 139
131 147
132 133
132 143
132 147
133 134
133 138
134 135
134 136
134 138
134 146
134 149
135 136
135 138
136 137
137 138
137 146
138 139
138 146
138 149
139 140
139 143
140 141
140 147
141 142
141 144
141 147
141 148
142 143
142 144
143 144
143 145
144 145
144 148
145 146
146 147
147 148
148 149
