0 43.623339680945264
1 23.745967614891356
2 75.9876056878451
3 95.03576755725943
4 99.83911467748521
5 29.96087000623116
6 22.034229772279726
7 103.05417115777969
8 59.8708094285457
9 114.48490572988281
10 46.54916911538386
11 69.12619076367156
12 32.69230620850643
13 112.90500341676696
14 79.93675529830375
15 46.752653273647084
16 44.211035464774525
17 117.41399416450736
18 21.953864353039293
19 52.040665318902015
20 65.09907267350037
21 115.45381124205244
22 44.64139727947414
23 44.84413509190084
24 69.0320588371385
25 65.17294146452019
26 105.1328494640143
27 32.401188834330696
28 45.14268552062396
29 52.720641764185736
30 53.5237489281093
31 110.07112965201283
32 80.7806715105904
33 116.34195552631313
34 64.83325101133173
35 107.77752739001775
36 51.081318525509914
37 115.30391428838116
38 46.06197557556557
39 67.89288801566084
40 100.37983810156386
41 67.87470599488506
42 69.44776291530144
43 40.554312604739934
44 77.16890838641437
45 81.8940415881261
46 61.24366406414923
47 45.77839907013495
48 89.08190701646346
49 53.91433361859263
50 31.69019096107705
51 118.24760561052456
52 77.29463018375512
53 118.45868679237586
54 66.32646210833586
55 20.26916742365899
56 70.77324673392339
57 87.63315054219923
58 111.38256426011584
59 81.1615537524099
60 69.95659159212218
61 33.147047311342995
62 76.71808217671742
63 97.20239912491012
64 26.745909070006316
65 27.73663565913441
66 48.61944279246465
67 105.27573640436584
68 33.085385868157985
69 81.05373360021295
70 51.741317834316106
71 25.485195509225846
72 103.9519737921076
73 76.27237123965622
74 24.57505350955672
75 53.25388607180625
76 42.23311420791075
77 37.98291375065825
78 76.04969701557546
79 69.81041694127819
80 102.75617418556212
81 39.38453613169912
82 72.21886847822296
83 31.464546153898667
84 30.64353314327807
85 87.35330735570311
86 61.45939856098398
87 92.70480409071693
88 35.202442292499754
89 107.6545682234875
90 84.20525978077646
91 115.90431651837334
92 74.71890255341538
93 89.38468250147504
94 28.963048292002938
95 21.300019255619812
96 69.80999056328206
97 37.668652442890746
98 90.20284241669992
99 34.91432351290153
100 33.39920709706157
101 26.70648179970442
102 55.691021702311886
103 99.21719313507796
104 103.914567895008
105 41.4526209055678
106 100.92915854724615
107 21.58052756778432
108 94.96934973845646
109 45.52916649445783
110 96.58589710719171
111 48.955634350347395
112 29.57050009189899
113 115.41493415286403
114 41.15627633052007
115 73.70847744687313
116 109.80994919460893
117 36.51896043632034
118 115.55564535086553
119 95.17631021269469
120 84.02914750664463
121 65.43830997494075
122 118.95300660724281
123 84.26317720058552
124 112.60736605362263
125 24.51656284094509
126 85.8712274807651
127 24.27072996033615
128 100.8094070338546
129 109.76069334701643
130 103.42926970657273
131 30.164639860209256
132 62.53857821596711
133 61.24049895919818
134 44.57418276325329
135 80.60585311870126
136 102.37587407836266
137 66.28613471925775
138 108.24831935747416
139 32.329803613112155
140 54.94654307438841
141 40.115699182501174
142 110.65986131343466
143 24.835643030548816
144 100.44030135528367
145 55.96623964081919
146 103.17239397297018
147 24.851391203573762
148 83.02165888870809
149 77.36795857426364
0 1
0 44
1 2
1 79
2 3
2 25
3 4
3 11
3 142
4 5
4 96
4 120
5 6
5 9
5 17
5 38
5 56
6 7
6 13
6 38
7 8
7 73
7 124
8 9
8 53
8 57
8 90
9 10
9 12
9 32
9 42
10 11
10 62
10 100
11 12
11 23
11 47
11 51
11 61
11 89
12 13
12 138
13 14
13 107
13 123
14 15
14 28
15 16
15 17
15 90
16 17
16 63
16 141
17 18
17 22
17 61
17 123
17 127
17 140
18 19
19 20
20 21
20 116
21 22
21 92
22 23
22 87
22 110
23 24
23 64
23 147
24 25
24 80
24 121
24 149
25 26
25 66
25 107
25 113
26 27
26 37
26 126
27 28
28 29
28 37
29 30
29 71
30 31
30 47
31 32
31 106
32 33
32 92
33 34
33 55
33 87
34 35
34 70
34 134
35 36
35 45
35 108
35 146
35 149
36 37
36 123
37 38
37 40
37 76
38 39
39 40
39 88
39 121
40 41
41 42
41 103
42 43
42 54
42 89
42 103
43 44
43 66
43 77
44 45
44 94
44 148
45 46
45 140
45 143
46 47
46 55
46 72
46 96
46 102
46 112
46 135
47 48
48 49
48 140
49 50
49 100
49 142
50 51
50 78
51 52
51 74
51 106
52 53
52 103
53 54
54 55
55 56
55 128
56 57
57 58
57 141
58 59
59 60
60 61
61 62
62 63
63 64
63 65
64 65
64 95
65 66
65 131
65 140
66 67
66 71
66 89
66 106
66 147
67 68
67 98
68 69
69 70
70 71
71 72
71 75
71 99
71 131
72 73
72 81
72 85
73 74
73 132
74 75
74 92
75 76
75 82
75 85
75 103
75 135
76 77
77 78
78 79
78 96
79 80
80 81
80 127
80 141
81 82
82 83
82 98
83 84
84 85
85 86
86 87
86 146
87 88
87 110
88 89
88 133
88 148
88 149
89 90
89 122
90 91
90 92
91 92
91 114
91 117
92 93
92 99
92 133
93 94
94 95
95 96
95 98
96 97
97 98
97 131
98 99
99 100
99 107
100 101
100 132
101 102
101 126
102 103
103 104
104 105
105 106
105 121
106 107
107 108
108 109
109 110
109 116
109 144
110 111
110 114
111 112
112 113
113 114
113 141
114 115
115 116
116 117
117 118
118 119
119 120
119 148
120 121
121 122
121 126
122 123
122 143
123 124
124 125
125 126
126 127
127 128
127 131
128 129
129 130
129 141
130 131
130 134
131 132
132 133
132 144
133 134
133 144
134 135
135 136
136 137
137 138
138 139
139 140
140 141
141 142
142 143
143 144
144 145
145 146
146 147
147 148
148 149
