0 113.20655336448628
1 97.8080320009012
2 104.1352918160849
3 109.19999209670677
4 23.44030139118522
5 43.59862782310576
6 100.45272099686738
7 70.17576374358956
8 73.56277433881104
9 51.960255681107206
10 101.29644628024883
11 28.291789233284632
12 25.732045972198183
13 42.39063879171087
14 104.26463396956407
15 25.41516101545613
16 65.63764005161522
17 111.91382930662424
18 66.74236426430872
19 111.10588498129975
20 117.09787916835633
21 105.76095394689473
22 88.88852501759962
23 71.47182160011403
24 59.2391127440963
25 68.76778980684469
26 106.89656616325311
27 37.802017018818205
28 53.07140363579726
29 38.33202502942637
30 42.84560238838594
31 108.52639122182748
32 82.81041336424093
33 35.964513508139575
34 107.5560780715172
35 28.30367101818952
36 43.95533836459999
37 63.78524238069084
38 81.08682342434449
39 81.41833368437085
40 64.91800457672466
41 114.75611819817098
42 101.85798913976177
43 73.17128771431328
44 31.908245171390362
45 61.00909145451611
46 79.85703524823091
47 92.57785169710108
48 97.81598480704311
49 93.31955282230783
50 111.98257146177292
51 72.44055566664629
52 94.99049708778459
53 46.591321140470235
54 118.30350087737918
55 88.74319508269772
56 39.10252496136895
57 61.1609848935213
58 36.85861993061217
59 70.3164039872783
60 106.68509141516532
61 97.79571702993468
62 111.59442741406599
63 21.854025214401478
64 92.48397089546089
65 45.450127362104226
66 83.13658940940465
67 98.61336183399779
68 104.40895380218093
69 35.16412528285248
70 45.313143134047166
71 109.51139165428611
72 33.66223954882856
73 100.92512024199704
74 61.695194851533934
75 66.8328475316696
76 45.53032940994
77 108.88435822441807
78 45.893515533551295
79 45.39501889765909
80 72.36112511195734
81 110.00858564326471
82 96.94708077289542
83 61.76806678683278
84 54.40790677623344
85 58.06456697990465
86 46.86227876346572
87 35.02845845006789
88 66.50716027913197
89 74.77550801535246
90 21.209180262434973
91 44.52712383703405
92 88.96730993183333
93 37.05475027485718
94 35.65384537466484
95 57.282804887065055
96 29.580610956702206
97 107.41352770328403
98 51.40341091181832
99 57.86495868963756
100 80.3305485008469
101 27.956016746342996
102 90.76326558780967
103 77.00952888803508
104 97.15231578949658
105 50.81629142579156
106 70.3533047536578
107 81.71475228958761
108 24.0140829448578
109 83.45818868115985
110 44.002948499645456
111 59.19310875790076
112 43.621879584827994
113 85.95050961735993
114 59.942209903387344
115 99.80942692696831
116 26.21112224998175
117 69.1464263665126
118 27.628767460933087
119 60.01404397539227
120 65.17296105406155
121 107.63728005161401
122 58.39870793287011
123 65.28384870610753
124 33.67375682733034
125 99.4174602239999
126 91.10116329298317
127 95.21291365524553
128 69.96118555787203
129 75.38838505750206
130 38.97482581124271
131 78.14837354317274
132 100.71059086466758
133 86.14606595399658
134 97.24689663519285
135 111.14605973772261
136 41.55038676731657
137 70.9381060994843
138 32.2827244390416
139 112.52435319976064
140 71.81546870411456
141 44.24240785923464
142 32.58705340479908
143 108.9235823797365
144 66.61272655330137
145 119.11125483754182
146 39.55542696489644
147 56.53224207437014
148 83.44292744619005
149 23.240884829609826
0 1
0 4
0 15
0 24
0 26
0 34
0 42
0 51
0 69
0 74
0 78
0 107
0 108
0 124
0 138
0 139
0 142
0 144
0 145
1 2
1 13
1 15
1 28
1 31
1 37
1 50
1 61
1 74
1 103
1 108
1 111
1 126
1 132
1 136
1 147
1 149
2 3
2 18
2 22
2 44
2 51
2 54
2 61
2 66
2 74
2 105
2 108
2 112
2 118
2 131
3 4
3 5
3 10
3 17
3 25
3 44
3 62
3 74
3 76
3 85
3 93
3 98
3 112
3 114
3 121
3 122
3 144
4 5
4 7
4 8
4 15
4 19
4 22
4 27
4 32
4 37
4 38
4 62
4 69
4 71
4 83
4 101
4 110
4 124
4 141
4 142
5 6
5 13
5 24
5 28
5 32
5 35
5 38
5 41
5 76
5 81
5 84
5 98
5 113
5 131
5 138
5 142
5 144
5 149
6 7
6 15
6 45
6 52
6 69
6 94
6 97
6 113
7 8
7 15
7 22
7 31
7 35
7 41
7 56
7 65
7 66
7 82
7 100
7 125
7 138
8 9
8 25
8 31
8 32
8 41
8 42
8 54
8 59
8 74
8 83
8 84
8 95
8 98
8 105
8 109
8 111
8 123
8 128
8 129
9 10
9 17
9 21
9 23
9 30
9 45
9 54
9 63
9 74
9 97
9 111
9 115
9 117
9 123
9 128
9 130
9 135
9 144
10 11
10 22
10 44
10 69
10 74
10 81
10 88
10 94
10 115
10 117
10 118
10 124
10 130
10 136
10 142
10 143
10 144
11 12
11 23
11 25
11 27
11 31
11 37
11 41
11 45
11 66
11 73
11 81
11 97
11 101
11 105
11 107
11 125
11 127
11 130
11 147
11 149
12 13
12 25
12 51
12 59
12 68
12 86
12 102
12 127
12 131
13 14
13 18
13 26
13 35
13 39
13 41
13 42
13 47
13 51
13 55
13 108
13 115
13 125
13 126
13 132
13 141
14 15
14 19
14 23
14 30
14 31
14 32
14 36
14 38
14 46
14 106
14 109
14 111
14 113
15 16
15 21
15 60
15 65
15 71
15 86
15 91
15 123
15 133
15 140
16 17
16 25
16 35
16 36
16 46
16 48
16 61
16 63
16 66
16 71
16 78
16 88
16 108
16 132
16 142
17 18
17 38
17 77
17 90
17 94
17 100
17 110
17 133
17 136
18 19
18 37
18 47
18 49
18 70
18 77
18 125
18 127
18 148
19 20
19 28
19 30
19 31
19 32
19 34
19 39
19 52
19 78
19 93
19 104
19 108
19 112
19 116
19 124
19 128
19 133
19 148
19 149
20 21
20 25
20 41
20 42
20 46
20 62
20 67
20 75
20 78
20 93
20 96
20 98
20 106
20 110
20 121
20 139
21 22
21 25
21 45
21 90
21 106
22 23
22 34
22 37
22 49
22 66
22 74
22 75
22 80
22 85
22 95
22 101
22 102
22 112
22 119
22 124
22 125
22 127
22 137
22 142
22 144
23 24
23 33
23 34
23 38
23 45
23 58
23 75
23 77
23 81
23 82
23 85
23 104
23 107
23 131
23 149
24 25
24 34
24 35
24 45
24 46
24 48
24 56
24 72
24 82
24 84
24 91
24 137
24 140
24 144
25 26
25 50
25 55
25 66
25 68
25 83
25 100
25 101
25 128
25 139
26 27
26 51
26 66
26 107
26 132
26 136
26 138
27 28
27 45
27 59
27 65
27 81
27 88
27 93
27 98
27 108
27 141
27 144
28 29
28 34
28 36
28 40
28 43
28 57
28 64
28 66
28 75
28 76
28 89
28 111
28 115
28 121
28 131
28 142
28 143
29 30
29 40
29 45
29 54
29 64
29 78
29 100
29 112
29 114
29 133
29 139
30 31
30 49
30 62
30 85
30 111
31 32
31 40
31 46
31 55
31 61
31 75
31 81
31 85
31 89
31 105
31 119
31 143
31 145
32 33
32 38
32 52
32 58
32 60
32 86
32 95
32 103
32 105
32 125
32 134
32 141
33 34
33 42
33 46
33 56
33 64
33 99
33 102
33 111
33 117
33 127
34 35
34 42
34 47
34 61
34 95
34 107
35 36
35 103
35 115
35 129
35 135
35 149
36 37
36 40
36 49
36 51
36 63
36 72
36 78
36 79
36 83
36 87
36 98
36 101
36 107
36 116
36 119
36 120
36 128
36 132
36 134
36 135
36 136
37 38
37 52
37 63
37 84
37 93
37 95
37 98
37 105
37 131
37 141
37 145
37 147
38 39
38 45
38 56
38 87
38 105
38 122
38 129
38 131
39 40
39 47
39 53
39 59
39 124
39 134
39 141
39 142
39 144
40 41
40 42
40 43
40 46
40 59
40 60
40 64
40 85
40 100
40 109
40 110
40 111
40 114
40 118
40 139
40 144
41 42
41 47
41 48
41 67
41 70
41 74
41 111
41 118
41 130
41 147
42 43
42 60
42 64
42 67
42 84
42 93
42 95
42 116
42 118
42 128
42 134
42 135
42 146
43 44
43 47
43 63
43 76
43 91
43 96
43 99
43 115
43 116
43 121
43 142
43 145
43 149
44 45
44 49
44 54
44 62
44 64
44 75
44 89
44 91
44 94
44 131
44 140
44 145
44 146
44 147
45 46
45 102
45 104
45 113
45 114
45 117
45 139
45 148
46 47
46 64
46 71
46 74
46 84
46 90
46 94
46 95
46 119
46 122
47 48
47 67
47 76
47 85
47 89
47 95
47 104
47 109
47 122
48 49
48 100
48 120
48 121
48 129
48 131
48 132
48 143
49 50
49 66
49 83
49 97
49 113
49 129
50 51
50 57
50 70
50 85
50 98
50 100
50 120
50 121
50 145
50 149
51 52
51 67
51 95
51 96
51 98
51 103
51 105
51 106
51 112
51 122
52 53
52 58
52 63
52 68
52 70
52 85
52 90
52 93
52 113
53 54
53 61
53 67
53 89
53 95
53 107
53 119
54 55
54 57
54 58
54 75
54 81
54 87
54 97
54 106
54 125
54 131
54 132
54 134
54 136
55 56
55 63
55 79
55 81
55 91
55 92
55 93
55 125
55 127
55 139
56 57
56 61
56 64
56 66
56 71
56 98
56 127
56 131
56 142
56 143
57 58
57 70
57 73
57 77
57 83
57 87
57 89
57 117
57 119
57 131
57 147
58 59
58 76
58 90
58 100
58 107
58 109
58 112
58 128
59 60
59 78
59 79
59 80
59 88
59 94
59 106
59 109
59 123
59 127
59 149
60 61
60 72
60 124
60 125
60 136
61 62
61 67
61 68
61 103
61 109
61 113
61 117
61 119
62 63
62 76
62 78
62 91
62 101
62 126
62 131
62 147
63 64
63 68
63 79
63 84
63 92
63 98
63 100
63 109
63 125
63 134
64 65
64 80
64 95
64 105
64 108
64 121
64 134
64 140
65 66
65 89
65 90
65 97
65 108
65 119
65 135
66 67
66 85
66 90
66 102
66 127
66 132
66 133
66 136
66 144
66 147
67 68
67 69
67 74
67 79
67 82
67 105
67 121
67 122
67 132
67 134
68 69
68 73
68 79
68 85
68 89
68 94
68 100
68 107
68 108
68 121
68 140
69 70
69 103
69 107
69 124
70 71
70 83
70 91
70 103
70 105
70 106
70 109
70 112
70 118
70 131
70 141
70 145
71 72
71 83
71 100
71 107
71 116
71 133
71 147
72 73
72 83
72 94
72 118
72 129
72 137
72 139
72 144
73 74
73 105
73 126
73 142
73 143
73 147
74 75
74 97
74 98
74 100
74 102
74 106
74 109
74 126
74 136
74 148
75 76
75 117
75 123
75 129
75 130
75 133
75 140
75 149
76 77
76 78
76 85
76 93
76 101
76 103
76 117
76 122
76 128
76 130
76 140
77 78
77 86
77 114
77 120
77 140
77 143
78 79
78 81
78 82
78 86
78 95
78 97
78 101
78 106
78 110
78 128
79 80
79 88
79 95
79 96
79 106
79 112
79 114
79 134
79 144
79 147
80 81
80 82
80 83
80 100
80 101
80 111
80 115
80 118
80 127
80 130
80 133
81 82
81 105
81 118
81 126
81 136
81 138
81 143
81 145
82 83
82 98
82 110
82 137
83 84
83 87
83 89
83 99
83 104
83 111
83 115
83 124
83 126
83 149
84 85
84 89
84 92
84 116
84 118
84 132
84 134
84 147
84 149
85 86
85 91
85 103
85 133
85 135
85 144
86 87
86 107
86 117
86 124
86 128
87 88
87 102
87 111
87 116
87 136
87 147
88 89
88 93
88 96
88 100
88 101
88 104
88 106
88 141
89 90
89 121
89 122
89 123
89 131
89 138
89 144
89 149
90 91
90 94
90 99
90 107
90 110
90 134
91 92
91 106
91 107
91 136
91 139
91 144
91 148
92 93
92 96
92 107
92 111
93 94
93 106
93 128
93 139
94 95
94 120
94 130
94 132
94 138
94 146
95 96
95 98
95 100
95 101
95 112
95 116
95 127
95 131
95 145
96 97
96 98
96 100
96 110
96 133
96 134
96 144
97 98
97 112
97 118
97 125
97 130
97 138
97 139
97 148
98 99
98 113
98 130
98 131
98 135
98 136
98 138
98 146
99 100
99 109
99 148
100 101
100 108
100 112
100 119
100 136
100 142
101 102
101 132
101 141
101 148
102 103
102 130
103 104
103 112
103 121
103 126
103 144
104 105
104 110
104 128
104 134
104 138
104 146
104 148
105 106
105 112
105 127
105 130
105 135
105 139
105 142
105 149
106 107
106 111
106 113
106 135
106 141
106 144
106 149
107 108
107 111
107 131
107 133
107 147
108 109
108 122
108 141
109 110
109 112
109 116
109 118
109 132
109 133
109 149
110 111
110 120
110 146
110 149
111 112
111 123
111 128
111 130
112 113
112 123
112 132
112 141
113 114
113 122
113 124
113 131
113 135
113 138
113 140
113 141
114 115
115 116
115 130
115 131
115 134
116 117
116 126
116 127
116 149
117 118
117 120
117 123
117 141
117 143
118 119
118 132
118 142
118 148
119 120
119 122
119 143
120 121
120 127
121 122
121 138
122 123
122 128
122 147
123 124
123 127
123 133
123 142
123 145
124 125
124 145
125 126
125 130
125 131
125 142
125 143
125 145
125 149
126 127
126 132
126 136
126 145
126 149
127 128
127 130
127 131
127 136
127 147
128 129
128 135
129 130
130 131
130 132
130 143
131 132
132 133
132 141
133 134
133 148
134 135
135 136
135 138
135 147
136 137
136 144
137 138
137 144
138 139
139 140
140 141
141 142
141 147
142 143
142 146
143 144
143 145
143 146
144 145
145 146
146 147
147 148
147 149
148 149
