0 42.16338131090281
1 27.93823654707443
2 21.642513275554936
3 64.02992094514894
4 64.80992569509476
5 98.86563213166994
6 29.817724750982176
7 29.4511183057439
8 89.31578534117594
9 53.625992371828325
10 82.8772549994012
11 53.38324497456708
12 43.773727804529464
13 79.42667223054765
14 59.14629184657917
15 45.08103000902061
16 39.617301486163385
17 39.13196343751419
18 71.08002817922309
19 52.08823560141426
20 21.32437556067122
21 99.91914767027394
22 52.40428939236863
23 58.7790148535136
24 97.88650684889481
25 67.90465295496736
26 55.56357862667316
27 54.139935174833425
28 100.65169180241615
29 107.84491565466134
30 73.27352302364429
31 37.7898578305279
32 45.05822900224533
33 32.58297240993922
34 32.44738443074128
35 102.86377845466266
36 34.812482969189574
37 105.60321931264298
38 21.363914350033458
39 107.1406258882044
40 36.22365530578624
41 111.87315707775588
42 101.66657766866045
43 119.67392922148436
44 67.69362478186727
45 117.09236106583177
46 25.63170160012759
47 109.18818647748465
48 94.77028730806396
49 53.53533197586066
50 26.11586935708631
51 22.63263292960383
52 94.70779621045111
53 41.86627899462429
54 71.69048791873647
55 87.53806757765773
56 56.137379140116366
57 82.62028152493963
58 82.69410360397622
59 60.201238232039884
60 109.23752391737266
61 28.48670110427771
62 85.2807299358439
63 33.22527570899135
64 39.70247086636013
65 79.09711663277454
66 40.01508219528478
67 110.57347203379798
68 25.84312970237142
69 23.71146484806475
70 119.16328791107885
71 56.04770520375604
72 52.31466687452992
73 94.01243195959898
74 22.55026844056688
75 21.981635058611186
76 96.25021408055747
77 79.1596596725997
78 115.70269042248272
79 68.94276194866691
80 51.99024121353811
81 98.32157033812203
82 45.968995865385345
83 94.36630929094224
84 59.13233035942376
85 22.094195588659876
86 42.40570584612209
87 98.29781624360041
88 25.286260939129416
89 83.5326459665821
90 33.44182261211123
91 27.800222671748514
92 89.70441901648302
93 21.96240859393737
94 22.680866889805642
95 58.085135556758836
96 56.86776392765735
97 58.30392025119532
98 47.67263702044609
99 88.05688550660254
100 40.142673879629626
101 109.3353886524906
102 109.08457693529917
103 50.71187680341121
104 94.78420978500515
105 110.135191602116
106 98.42515003384769
107 64.71462682833484
108 86.8464568505595
109 28.886573257046805
110 71.31939453340715
111 82.4758328868087
112 39.970758937429636
113 26.293792314215203
114 110.30939852964026
115 22.186666779475377
116 25.557858912600167
117 33.05029302398309
118 96.2501583339281
119 106.51746916997782
120 113.4900352014156
121 93.11582328941493
122 60.593887023352
123 69.06781674881546
124 80.35457110194173
125 48.00088014742052
126 22.203545069561454
127 31.158966223673136
128 80.02999322948624
129 117.82327412112203
130 21.808976198841584
131 96.18848132532743
132 117.53166094844732
133 68.59293750035003
134 54.81671319001818
135 56.520820165412175
136 31.173518561909198
137 41.99762726000253
138 68.90717477202065
139 58.766539647660714
140 80.38788453742033
141 63.90343508857885
142 36.70062700058781
143 27.30667148633253
144 56.955374975721476
145 40.85058111565438
146 35.7459245132829
147 103.04776754646494
148 85.93218557786187
149 100.01622344977758
0 1
0 59
0 80
1 2
1 3
1 20
1 22
1 40
1 60
1 101
1 131
1 132
2 3
2 26
2 37
2 43
2 97
2 105
2 119
2 122
3 4
3 5
3 23
3 28
3 55
3 93
3 114
4 5
4 7
4 28
4 42
4 48
4 49
4 88
4 109
4 111
4 123
4 138
5 6
5 97
5 121
5 125
6 7
6 58
6 61
6 96
6 133
6 135
7 8
7 22
7 40
7 47
7 60
7 100
7 104
7 112
7 129
7 135
8 9
8 27
8 32
8 42
8 61
8 77
8 89
8 104
9 10
9 32
9 70
9 108
10 11
10 12
10 45
10 83
10 102
10 142
11 12
11 13
11 35
11 49
12 13
12 44
12 54
12 92
12 102
12 113
13 14
13 21
13 53
13 62
13 76
13 85
13 90
13 95
13 134
13 142
14 15
14 66
14 82
14 125
15 16
15 31
15 73
15 90
15 130
15 132
16 17
16 35
16 36
16 82
16 96
17 18
17 65
17 75
17 107
17 111
17 115
17 126
18 19
18 124
19 20
19 37
19 40
19 41
19 55
19 76
19 79
19 122
20 21
20 22
20 35
20 43
20 51
20 52
20 81
20 104
20 113
20 128
20 148
21 22
21 53
21 74
21 80
21 87
21 104
22 23
22 76
22 98
22 104
22 125
22 141
23 24
23 34
23 41
23 52
23 62
23 63
23 66
23 96
23 130
24 25
24 26
24 70
24 113
24 132
25 26
25 70
25 86
25 107
25 116
26 27
26 40
26 51
26 85
26 125
26 129
27 28
27 53
27 56
27 57
27 79
27 138
28 29
28 54
28 80
28 110
28 122
29 30
29 35
29 49
29 57
29 77
29 92
29 127
30 31
30 36
30 39
30 78
30 88
30 148
31 32
31 35
31 62
31 72
31 76
31 92
31 94
31 131
32 33
32 34
32 77
32 97
32 109
32 116
32 136
33 34
33 43
33 52
33 79
33 149
34 35
34 58
34 68
34 96
35 36
35 49
35 80
35 86
35 128
35 131
36 37
36 50
36 64
36 90
36 140
37 38
37 130
37 145
38 39
38 78
38 81
38 88
38 140
39 40
39 106
39 116
39 134
40 41
40 44
40 69
41 42
41 43
41 45
41 47
41 48
41 99
41 111
41 122
41 137
42 43
42 52
42 63
42 93
42 127
43 44
43 65
43 95
43 122
43 149
44 45
44 49
44 50
44 123
44 135
45 46
45 59
45 108
45 110
45 129
45 144
46 47
46 63
46 99
47 48
47 70
47 72
47 86
47 98
48 49
48 51
48 58
48 69
48 79
48 92
48 107
48 115
48 117
48 126
48 148
49 50
49 55
49 70
49 108
49 109
49 115
50 51
50 71
50 91
51 52
51 70
51 87
51 89
51 99
51 118
51 146
52 53
52 64
53 54
53 78
53 81
53 89
53 90
53 101
53 112
53 114
53 149
54 55
54 111
54 116
54 144
55 56
55 65
55 90
55 101
55 135
56 57
56 109
57 58
57 61
57 130
58 59
58 100
58 121
59 60
59 111
59 113
59 120
59 130
59 148
60 61
60 115
61 62
61 94
61 95
61 128
61 142
61 146
62 63
62 97
62 110
62 114
62 141
62 144
63 64
63 67
63 68
63 109
64 65
64 69
64 106
64 125
64 142
65 66
66 67
66 72
66 111
66 113
66 137
67 68
67 80
67 120
67 146
68 69
68 86
68 87
68 90
68 111
68 115
68 137
69 70
69 122
69 132
70 71
70 81
70 110
70 147
71 72
71 80
71 120
71 122
72 73
73 74
73 79
73 85
73 86
73 89
73 121
73 136
74 75
74 91
74 100
75 76
75 77
75 91
75 106
75 115
75 129
75 133
76 77
76 90
76 103
76 113
76 147
77 78
77 86
77 92
77 118
77 125
77 133
77 141
78 79
78 93
79 80
79 84
79 113
79 119
79 122
79 125
79 136
79 137
80 81
80 88
80 91
80 100
80 103
80 104
80 106
81 82
81 94
81 139
82 83
82 94
82 109
82 116
83 84
83 147
84 85
84 96
84 98
84 139
84 141
85 86
85 93
85 101
85 111
85 112
85 119
85 122
85 134
85 135
86 87
86 97
86 143
87 88
87 147
88 89
89 90
89 136
90 91
90 140
91 92
92 93
92 102
92 105
92 140
92 149
93 94
94 95
94 99
94 116
94 120
94 145
95 96
95 98
95 101
95 143
96 97
96 108
96 115
97 98
97 104
97 107
98 99
98 114
98 125
98 128
99 100
100 101
100 111
100 118
100 137
101 102
101 110
101 132
102 103
102 128
102 142
103 104
103 106
104 105
104 106
104 110
105 106
105 110
105 122
105 126
105 132
105 144
106 107
107 108
107 129
107 145
108 109
109 110
109 119
109 149
110 111
110 124
110 127
110 145
111 112
111 149
112 113
113 114
114 115
114 128
115 116
115 127
116 117
116 131
116 147
117 118
118 119
118 120
119 120
119 123
120 121
120 125
121 122
121 130
121 147
122 123
123 124
123 140
124 125
124 129
124 146
125 126
125 131
126 127
126 143
127 128
127 133
128 129
129 130
130 131
131 132
132 133
133 134
134 135
134 139
135 136
136 137
137 138
137 144
137 148
138 139
138 148
139 140
140 141
141 142
142 143
143 144
143 149
144 145
144 147
145 146
146 147
147 148
148 149
