0 84.63533459095217
1 91.91778594649733
2 43.197874962503384
3 119.3848914398366
4 58.055683234884995
5 52.847544333484294
6 73.35690607827553
7 27.26011650996957
8 119.46468630628644
9 62.84392416165976
10 98.63942733740043
11 55.76998763461347
12 37.97467724452079
13 109.1641883437927
14 85.93749159614299
15 29.338554750547257
16 70.88100615942398
17 87.4121440717713
18 107.21310726229031
19 43.77236983617779
20 105.74281703640305
21 115.52149917038693
22 23.870684778658905
23 87.59479862986252
24 35.08871315227064
25 93.13037356300896
26 38.61920735610136
27 23.482523055846787
28 103.4232518988068
29 42.62936603198571
30 107.28323195771829
31 33.322880765289526
32 103.80781204415383
33 65.91938145583694
34 117.18197672802053
35 67.22715797332738
36 117.01205005366694
37 51.79441408428986
38 80.98090670105995
39 26.77629027668525
40 80.07981356444922
41 72.86832736517826
42 65.33041157168543
43 55.841901590884824
44 43.12606310567629
45 118.09362815426124
46 72.1413030682747
47 108.5169465900323
48 23.278954431133563
49 117.17410463467772
50 117.00700164795602
51 113.00671061835826
52 92.90394113578532
53 26.552109606909617
54 104.06746562902163
55 52.77222173454389
56 45.59439026061267
57 63.15518672987383
58 79.52009130611393
59 41.78466554038001
60 67.88587708834382
61 91.71563593747696
62 57.01788767463748
63 79.44065511474953
64 107.24893945927
65 94.23053287555025
66 47.355476812964774
67 32.50475898620088
68 67.63778166317448
69 76.00859172654103
70 92.1285837704393
71 106.38697083893784
72 82.72004596667875
73 91.7542193636588
74 96.4628323295245
75 36.129298355517186
76 113.88542340339279
77 107.26794576633353
78 79.44282246914361
79 48.66702146890731
80 95.22854266621323
81 47.59640670632297
82 112.53264814458379
83 22.246553457037304
84 100.92422699462482
85 20.843872053059346
86 96.06413220044503
87 96.32330478024579
88 41.76087215713134
89 48.361277022817745
90 31.77923699698705
91 65.82928028905445
92 107.07033375683662
93 76.65763506427386
94 85.44824885862215
95 27.39163641989711
96 55.89039066228996
97 94.13253320858266
98 97.74550327179048
99 31.899725641731095
100 26.91852719240187
101 26.607403326271644
102 93.84958308548447
103 37.759657087731625
104 80.66334694551308
105 39.63714717428641
106 62.64503313731015
107 52.24176376692945
108 109.17269984225304
109 32.712555811189695
110 24.93786608477399
111 94.51775042335652
112 48.81519405027161
113 70.71792709631626
114 86.75719072246989
115 113.30077203046781
116 109.8144143948527
117 61.38716081499755
118 78.60058102259916
119 44.44302414785106
120 92.58286224153966
121 54.00553359723989
122 114.3908014982594
123 99.41187369583702
124 95.375265847211
125 104.23322240345753
126 64.9468172433311
127 34.25697758031974
128 30.378572731389568
129 22.680618360683162
130 29.932064004287408
131 60.49717785105701
132 56.07859244727911
133 100.74432266822191
134 109.52815212036586
135 24.29747157110412
136 102.590885390242
137 86.21664133842364
138 22.492331433942564
139 98.37263941230103
140 113.61622508060957
141 63.31030479903986
142 90.79221192728558
143 102.24563067706858
144 53.77852947695279
145 76.99404973989812
146 112.67134833979274
147 90.80515207963204
148 33.32585784834201
149 29.913588706396204
0 1
0 51
1 2
1 74
1 82
2 3
2 26
2 38
2 83
2 138
3 4
3 23
3 102
4 5
4 65
4 71
4 117
4 137
5 6
6 7
6 90
7 8
7 15
7 22
7 98
7 124
8 9
8 34
8 45
8 107
8 116
8 140
9 10
9 30
9 50
10 11
10 21
10 23
10 40
10 55
10 67
10 137
11 12
11 23
11 141
12 13
12 54
12 56
12 106
13 14
13 123
14 15
14 65
14 89
15 16
15 40
15 105
16 17
16 52
16 82
16 114
17 18
17 77
18 19
18 123
19 20
19 140
19 145
20 21
20 95
21 22
21 45
21 101
21 123
22 23
22 120
23 24
23 77
23 109
23 121
24 25
24 55
24 75
25 26
26 27
26 46
27 28
27 57
28 29
28 48
29 30
30 31
30 101
30 131
31 32
31 47
31 144
32 33
32 96
33 34
34 35
35 36
35 64
35 119
36 37
36 48
37 38
37 115
38 39
38 110
39 40
39 47
40 41
40 68
41 42
42 43
42 62
42 68
42 81
42 104
42 110
43 44
44 45
45 46
45 132
45 139
46 47
46 66
46 79
47 48
48 49
49 50
49 76
49 90
50 51
51 52
51 60
52 53
52 74
53 54
53 80
54 55
54 131
54 147
55 56
55 127
56 57
56 116
57 58
57 115
57 119
57 126
58 59
59 60
59 99
59 147
60 61
60 149
61 62
61 95
61 134
62 63
63 64
63 75
63 99
64 65
65 66
66 67
67 68
67 111
68 69
68 126
69 70
69 97
70 71
70 129
70 139
71 72
72 73
72 95
72 112
72 123
73 74
73 118
73 136
73 148
74 75
74 94
74 106
75 76
76 77
76 102
76 142
77 78
78 79
78 92
78 103
78 128
78 130
79 80
80 81
81 82
81 102
81 131
82 83
82 111
82 114
83 84
83 116
84 85
85 86
85 93
86 87
87 88
87 113
87 146
88 89
88 114
89 90
89 143
90 91
90 96
90 106
90 144
91 92
92 93
92 121
92 123
92 127
93 94
94 95
95 96
96 97
97 98
98 99
98 148
99 100
100 101
101 102
102 103
103 104
103 135
104 105
104 118
104 133
104 148
105 106
106 107
106 121
107 108
108 109
109 110
110 111
111 112
111 121
112 113
113 114
114 115
115 116
115 120
115 140
116 117
117 118
118 119
118 126
119 120
120 121
120 122
121 122
122 123
123 124
124 125
125 126
125 140
126 127
127 128
128 129
128 136
129 130
130 131
131 132
131 140
132 133
132 139
133 134
134 135
135 136
136 137
137 138
138 139
139 140
140 141
141 142
142 143
143 144
144 145
145 146
146 147
147 148
148 149
