0 99.27814598977865
1 50.50942354784209
2 98.52121775893497
3 35.85017429931425
4 47.001145561899655
5 85.94990762462916
6 31.86087037792165
7 69.27376342391426
8 99.61635371226035
9 82.93815319041224
10 48.7408056132163
11 98.0685080457418
12 89.90953745250225
13 105.11428104631389
14 51.69917015026684
0 1
0 2
0 3
0 4
0 6
0 7
0 8
0 9
0 10
0 11
0 13
0 14
1 2
1 4
1 5
1 6
1 7
1 8
1 9
1 10
1 11
1 12
1 13
1 14
2 3
2 4
2 5
2 6
2 7
2 8
2 9
2 11
2 12
2 13
2 14
3 4
3 5
3 6
3 8
3 10
3 12
3 13
3 14
4 5
4 6
4 7
4 8
4 9
4 10
4 11
4 12
4 13
5 6
5 8
5 9
5 10
5 11
5 13
5 14
6 7
6 8
6 11
6 12
6 13
6 14
7 8
7 9
7 10
7 13
7 14
8 9
8 10
8 11
8 12
8 13
8 14
9 10
9 11
9 12
9 14
10 11
10 12
10 13
10 14
11 12
11 13
11 14
12 13
12 14
13 14
