0 62.127567376556016
1 24.008063488135416
2 50.735260114503504
3 63.534828090917046
4 116.6195088000986
5 54.94452648524241
6 24.348520000193023
7 109.89934639321085
8 104.4677943352621
9 51.61141473892748
10 78.98446013363014
11 34.32774012015048
12 78.38748685630895
13 115.24593453688686
14 71.08807333122274
0 1
0 2
0 7
0 11
0 12
1 2
1 4
1 5
1 6
1 7
1 8
1 11
1 12
2 3
2 4
2 10
2 12
2 13
3 4
3 8
3 9
3 10
3 11
3 12
3 14
4 5
4 6
4 8
4 9
4 13
5 6
5 9
5 10
5 11
5 12
5 13
5 14
6 7
6 8
6 12
6 14
7 8
7 9
7 10
7 11
7 13
8 9
8 11
8 12
8 14
9 10
9 12
9 13
10 11
10 13
11 12
11 13
11 14
12 13
13 14
