0 41.22776254816151
1 42.23848977040844
2 75.60632858131905
3 54.25794219305256
4 29.800837602138408
5 119.62858982183354
6 77.26637630941192
7 117.86978317297005
8 68.33412339901008
9 101.44960810834168
10 114.48659072062267
11 25.840257238438962
12 20.886292778619357
13 109.34049276587214
14 57.562590559281496
0 1
0 3
0 5
0 6
0 7
0 8
0 10
0 13
1 2
1 3
1 6
1 7
1 9
1 11
1 13
1 14
2 3
2 4
2 6
2 9
2 12
2 13
2 14
3 4
3 5
3 7
3 10
4 5
4 6
4 8
4 9
4 10
4 11
4 13
4 14
5 6
5 7
5 8
5 11
5 14
6 7
6 8
6 13
6 14
7 8
7 10
7 11
7 12
8 9
8 11
8 13
8 14
9 10
9 14
10 11
10 14
11 12
12 13
12 14
13 14
