0 118.18480607459756
1 68.76959868497298
2 21.882680297616034
3 52.149310100876406
4 52.171880664834596
5 24.746900131978837
6 39.002613486491
7 25.450003490884647
8 40.1400193831605
9 95.95591610499149
10 76.22568861505042
11 76.54359778547068
12 30.936382852907695
13 45.29672833340789
14 82.59361680792128
0 1
0 5
0 9
0 11
0 13
1 2
1 6
1 11
1 12
1 13
2 3
2 4
2 5
2 6
2 9
2 10
2 12
2 13
2 14
3 4
3 9
3 10
3 12
3 14
4 5
4 6
4 8
4 10
4 14
5 6
5 9
5 10
5 11
5 12
5 14
6 7
6 8
6 10
6 12
6 13
6 14
7 8
7 11
7 12
7 14
8 9
8 10
8 12
8 13
9 10
9 11
9 12
9 14
10 11
10 13
10 14
11 12
11 14
12 13
13 14
