0 117.75136071984764
1 113.68760108841647
2 88.53656808661847
3 84.84396801308047
4 32.5672874136135
5 40.92382727087916
6 22.45750004893758
7 92.38592911023576
8 51.77897495038017
9 52.41553800022698
10 48.35500385273289
11 109.07018243339292
12 97.96279610263916
13 95.89326430976489
14 119.26870870648462
0 1
0 2
0 3
0 5
0 6
0 8
0 9
0 11
0 12
0 13
0 14
1 2
1 4
1 5
1 7
1 8
1 10
1 11
1 12
1 13
1 14
2 3
2 4
2 5
2 6
2 7
2 8
2 9
2 10
2 11
2 12
2 13
2 14
3 4
3 5
3 6
3 7
3 8
3 9
3 11
3 12
3 13
3 14
4 5
4 6
4 7
4 8
4 9
4 10
4 12
4 13
5 6
5 7
5 8
5 9
5 10
5 12
5 13
5 14
6 7
6 8
6 9
6 10
6 11
6 12
6 13
6 14
7 8
7 9
7 10
7 12
8 9
8 10
8 11
8 12
8 13
8 14
9 10
9 11
9 13
9 14
10 11
10 12
10 13
11 12
11 13
11 14
12 13
12 14
13 14
