0 57.32101810104545
1 119.61792743198903
2 71.55623346992765
3 78.04897087018227
4 20.995274476026342
5 33.24902265949517
6 47.71169476391077
7 92.43211265777255
8 68.03926408838302
9 85.17659105055994
10 25.84962908251118
11 116.15521712553195
12 34.40813023778391
13 113.05279499485783
14 102.47909614328805
0 1
0 2
0 4
0 5
0 9
0 10
0 12
0 14
1 2
1 4
1 5
1 8
1 9
1 11
1 12
1 13
1 14
2 3
2 4
2 5
2 6
2 7
2 10
2 13
3 4
3 6
3 8
3 11
3 13
4 5
4 6
4 7
4 8
4 10
4 11
4 12
5 6
5 10
5 12
6 7
6 8
6 11
6 12
6 13
7 8
7 10
7 14
8 9
8 13
9 10
9 12
9 13
9 14
10 11
10 12
10 13
10 14
11 12
12 13
13 14
