0 20.311537449424083
1 70.67556989570795
2 113.39016161241636
3 81.06752822982635
4 77.2425773197678
5 46.806586617780255
6 45.90375713215719
7 86.82189426490785
8 88.80457762712318
9 80.93039875402347
10 118.92339430088218
11 102.18337016565982
12 78.13729106686802
13 70.69043880560243
14 119.44900406346287
0 1
0 2
0 4
0 8
0 9
0 10
0 11
0 14
1 2
1 7
1 8
1 10
1 12
2 3
2 7
2 9
2 10
2 11
2 13
2 14
3 4
3 5
3 7
3 8
3 11
3 12
3 13
3 14
4 5
4 6
4 8
4 9
4 13
4 14
5 6
5 8
5 9
6 7
6 12
6 14
7 8
7 9
7 10
7 13
7 14
8 9
8 11
8 13
8 14
9 10
9 11
9 12
9 13
10 11
10 12
10 13
11 12
11 14
12 13
13 14
