0 42.439244414432096
1 84.79649538136559
2 97.92714288323897
3 50.472222167765935
4 117.31584964748944
5 57.059752777975696
6 77.44526671471233
7 77.77846991689196
8 67.00567007435981
9 101.80218919347882
10 80.98350431425573
11 103.1911139700219
12 68.65790284085892
13 106.90390451762815
14 59.47334397185466
0 1
0 2
0 3
0 4
0 5
0 7
0 8
0 9
0 10
0 11
0 12
0 13
0 14
1 2
1 4
1 5
1 7
1 8
1 9
1 11
1 12
2 3
2 4
2 6
2 8
2 9
2 10
2 11
2 12
2 13
2 14
3 4
3 5
3 6
3 8
3 10
3 11
3 12
3 13
3 14
4 5
4 6
4 7
4 8
4 10
4 11
4 12
4 13
5 6
5 7
5 9
5 10
5 11
5 12
5 13
5 14
6 7
6 8
6 9
6 10
6 11
6 12
6 13
6 14
7 8
7 9
7 10
7 11
7 12
7 13
7 14
8 9
8 10
8 11
8 12
8 13
8 14
9 10
9 11
9 12
9 14
10 11
10 12
10 14
11 12
11 13
11 14
12 13
12 14
13 14
