0 72.43895266796125
1 23.81794492695383
2 50.874161061368746
3 60.112824224207436
4 66.30518989573739
5 23.285345799620053
6 97.19378363166437
7 93.66590219912054
8 25.03271960498779
9 39.457126260271785
10 74.85667539113335
11 31.96266838684339
12 39.550879470857396
13 91.17451954980154
14 94.11404247156987
0 1
0 4
0 5
0 11
0 14
1 2
1 3
1 4
1 5
1 7
1 9
1 11
1 12
2 3
2 4
2 5
2 6
2 7
2 10
2 12
2 13
3 4
3 5
3 6
3 9
3 10
3 12
3 13
4 5
4 7
4 9
4 10
4 12
4 13
5 6
6 7
6 9
6 10
6 11
6 12
6 14
7 8
7 10
7 12
7 14
8 9
8 10
8 11
8 13
8 14
9 10
9 11
9 12
10 11
10 14
11 12
11 13
12 13
12 14
13 14
