0 43.13873379287564
1 76.31766998968683
2 25.440634234982245
3 68.44675790699128
4 64.54352175122318
5 39.330850352492014
6 80.83148815901801
7 29.040581279162218
8 37.68248793206326
9 111.30304755957582
10 113.5100152259177
11 80.47947443456201
12 66.5490568173483
13 86.39335466257319
14 80.57584136054166
0 1
0 2
0 3
0 4
0 5
0 7
0 8
0 9
0 10
0 12
0 13
0 14
1 2
1 3
1 5
1 6
1 7
1 8
1 9
1 10
1 11
1 12
1 13
1 14
2 3
2 5
2 6
2 7
2 10
2 12
2 14
3 4
3 5
3 6
3 7
3 8
3 9
3 10
3 11
3 12
3 14
4 5
4 6
4 7
4 8
4 9
4 10
4 11
4 12
4 13
4 14
5 6
5 7
5 8
5 9
5 11
5 12
5 13
5 14
6 7
6 8
6 9
6 11
6 12
6 14
7 8
7 9
7 11
7 12
7 13
8 9
8 10
8 12
8 13
8 14
9 10
9 11
9 12
9 13
9 14
10 11
10 12
10 13
10 14
11 12
11 13
11 14
12 13
12 14
13 14
