0 44.5743199827331
1 22.609657516195995
2 112.58682504383818
3 47.553522989734226
4 45.0734556666698
5 109.52482977528948
6 102.6250585799379
7 52.53304200709775
8 103.22962742056856
9 35.85796212712243
10 52.74914827076056
11 100.77623395929636
12 90.37775285567174
13 46.78269390501272
14 97.26212114589511
0 1
0 10
0 11
0 12
0 13
0 14
1 2
1 3
1 5
1 6
1 9
1 10
1 14
2 3
2 5
2 6
2 8
2 12
2 14
3 4
3 5
3 6
3 7
3 9
3 11
3 14
4 5
4 9
4 10
4 12
4 14
5 6
5 10
5 13
5 14
6 7
6 11
6 12
7 8
7 9
7 10
7 12
7 13
7 14
8 9
8 10
8 11
8 12
8 13
9 10
9 11
9 12
9 14
10 11
10 12
11 12
11 13
12 13
12 14
13 14
