0 111.33747854470883
1 52.69500612086736
2 87.20357276590327
3 62.263039320606794
4 68.41260383841161
5 97.56284831746945
6 68.54733472689637
7 32.469832847411126
8 93.73784695217255
9 41.80185720537051
10 101.370026052689
11 97.52051692093723
12 75.49796806845262
13 40.246457289438865
14 48.533369934268606
0 1
0 3
0 4
0 5
0 6
0 7
0 10
0 11
0 12
1 2
1 4
1 6
1 8
1 9
1 12
1 13
1 14
2 3
2 5
2 6
2 7
2 11
2 13
2 14
3 4
3 5
3 6
3 8
3 9
3 12
3 13
3 14
4 5
4 9
4 11
5 6
5 7
5 9
5 11
5 12
5 13
6 7
6 8
6 9
6 11
6 12
7 8
7 9
7 10
8 9
8 14
9 10
9 12
9 13
10 11
10 14
11 12
12 13
12 14
13 14
