0 51.152928712338955
1 86.96964324443235
2 99.99266991710115
3 109.7268269614645
4 111.1062546831246
5 103.18413412266075
6 21.799896859723148
7 85.25281657482455
8 45.940918803849854
9 23.66746714429048
10 91.77873661572114
11 51.41358749740333
12 34.7958888128213
13 46.51644426721606
14 97.79740520665163
0 1
0 5
0 7
0 9
0 10
1 2
1 3
1 4
1 5
1 6
1 8
1 9
1 10
1 11
2 3
2 4
2 6
2 7
2 9
2 14
3 4
3 5
3 8
3 12
3 13
4 5
4 8
4 9
4 11
4 12
5 6
5 7
5 8
5 13
5 14
6 7
6 8
6 9
6 10
6 11
6 12
6 13
6 14
7 8
7 13
7 14
8 9
8 11
8 13
8 14
9 10
9 12
10 11
10 12
10 13
11 12
11 14
12 13
12 14
13 14
