0 67.6172997002993
1 51.117434693383416
2 32.25197448521399
3 24.460135080265836
4 47.52558459757327
5 25.016507487440713
6 97.67240939680039
7 75.67001271457988
8 59.64408466046315
9 49.20914327221603
10 55.97697027671754
11 105.75948574833352
12 30.559362368655044
13 42.642597993648394
14 101.27782902848459
0 1
0 2
0 3
0 4
0 5
0 7
0 8
0 10
0 11
0 12
0 13
1 2
1 3
1 5
1 6
1 7
1 10
1 12
2 3
2 5
2 6
2 7
2 12
2 13
3 4
3 7
3 9
3 10
3 12
3 14
4 5
4 7
4 8
4 10
4 11
4 12
4 13
4 14
5 6
5 8
5 11
5 12
5 13
6 7
6 9
6 14
7 8
7 13
8 9
8 10
8 13
8 14
9 10
9 14
10 11
10 12
11 12
12 13
12 14
13 14
