0 22.930219478803597
1 26.482236685424446
2 71.53269338530356
3 32.893691330865494
4 98.20171847238205
5 97.62805009230271
6 85.56042082588563
7 44.986433768039895
8 92.19508477457303
9 119.6148942930345
10 37.67225896871402
11 104.58866210140954
12 80.45877964607232
13 35.10064304198866
14 65.52274936932679
0 1
0 2
0 3
0 4
0 5
0 6
0 7
0 8
0 9
0 11
0 12
0 14
1 2
1 3
1 6
1 7
1 8
1 9
1 10
1 12
1 13
1 14
2 3
2 6
2 7
2 8
2 9
2 10
2 11
2 12
2 14
3 4
3 5
3 6
3 7
3 8
3 9
3 10
3 11
3 12
3 13
4 5
4 7
4 8
4 9
4 10
4 11
4 12
4 13
4 14
5 6
5 7
5 8
5 9
5 10
5 11
5 12
5 13
6 7
6 8
6 9
6 11
6 12
6 13
6 14
7 8
7 10
7 11
7 12
7 13
8 9
8 10
8 11
8 12
8 13
8 14
9 10
9 11
9 12
9 13
9 14
10 11
10 12
10 13
11 12
11 13
11 14
12 13
12 14
13 14
