0 49.222107887346496
1 26.928018266230136
2 57.25122227087061
3 29.09225808236261
4 63.089866685084054
5 35.87773674501033
6 118.28931953635565
7 69.33507899448648
8 72.39255743257101
9 61.34364876222898
10 67.07948389443459
11 82.476287250304
12 103.50205893488784
13 81.33267828996713
14 42.85497863963304
15 105.99225186792907
16 39.85806921965734
17 94.54245266631241
18 96.51002103515263
19 98.13095300466003
20 76.49474544450342
21 102.61216632906137
22 107.82902439296838
23 22.61341163211275
24 68.14348656603157
25 72.80028021218033
26 40.36091367331032
27 57.403693140386615
28 20.011604283207845
29 31.873436275021945
30 74.1026566322725
31 65.09932076349943
32 96.99674312858554
33 91.30725703504119
34 84.3788941243582
35 75.87290814724456
36 81.88212526695571
37 106.34115414857766
38 41.65213255500883
39 50.39968861665494
40 95.96778903548986
41 26.995651102705267
42 91.47067371956834
43 109.8345620474564
44 106.62819945076642
45 107.852189406388
46 36.35908182251866
47 42.65613926183093
48 85.44673861101306
49 105.2116998628778
50 82.17865249417181
51 24.074200976146834
52 47.8627339742373
53 105.18970541275667
54 30.33301834853222
55 112.70090815961524
56 100.6768722661634
57 94.3720995164341
58 94.16664641157107
59 21.314967455314186
60 47.29594960617983
61 105.84715714740808
62 93.00168274366628
63 93.80187337681117
64 52.25812550049928
65 47.74570372691201
66 30.48123126196333
67 58.732300443318834
68 46.36495910225993
69 48.86286658040578
70 95.23480952510258
71 71.54454381151227
72 61.65667151089265
73 36.50110759897146
74 31.35437725204649
75 101.92588495453283
76 21.50226658530469
77 95.36577201201513
78 113.76700745048595
79 70.7416391887976
80 75.2362355679976
81 43.16071713517898
82 29.312930955834197
83 91.73951376398847
84 59.05880468860814
85 98.47298530074531
86 108.18528524541769
87 27.260891000536528
88 85.32676628266034
89 109.60195690706696
90 72.36064174005135
91 24.319467459979606
92 110.8971414762592
93 59.1797719038237
94 67.74694908154373
95 57.66166413299912
96 111.84607584599041
97 58.746194543141605
98 24.99829603965928
99 69.80205375276944
100 96.67047313576671
101 99.8826062797892
102 50.2934092900201
103 64.5310529426774
104 22.990101932477607
105 34.076056376473524
106 81.84762604960136
107 80.02091155730075
108 43.803032221830776
109 112.17589299054202
110 60.52558019904545
111 40.41006717023246
112 98.5073742926102
113 26.121721050183062
114 53.644607617324596
115 60.62472597346862
116 81.18754756310216
117 60.56299636678129
118 39.9064768904104
119 58.20052494512818
120 64.07335437059805
121 80.05684977723547
122 110.36774163153581
123 107.9959663873742
124 27.61536251397973
125 48.722216012826095
126 65.45661900300597
127 60.943283917085466
128 50.280245129759585
129 103.544740797916
130 91.26700894261239
131 36.361260289506816
132 40.954837977533074
133 79.96829066504822
134 79.70789976747874
135 88.85843298232409
136 54.75790440344706
137 118.97537343692223
138 116.55905213193272
139 45.484064952163024
140 119.09368189932833
141 68.5501175988023
142 99.08151922410441
143 106.53808681659744
144 110.94148950144978
145 29.23392706826992
146 60.55425255886251
147 104.33022944548229
148 68.66081601202578
149 83.42525445186267
150 72.95560926068697
151 118.182369175142
152 92.00145074353057
153 91.14143666465938
154 70.98133423375855
155 51.0970756067952
156 82.54340588430767
157 31.151857131639158
158 90.68819189086423
159 83.76925622881083
160 103.45150835555728
161 115.70817247467252
162 44.27506981346846
163 34.996643341786154
164 92.2146941112693
165 109.5386869843493
166 58.86107680294356
167 74.04886962180407
168 42.95023412517531
169 39.34041817043483
170 91.59277465692652
171 50.18368938408918
172 85.88822321175456
173 88.69377905360001
174 96.01034034470653
175 27.252862953116935
176 30.811852135915146
177 35.141201481499635
178 55.32516796261426
179 37.21911990954776
180 108.51413351831063
181 101.11243813416839
182 117.10898079843517
183 95.40951744414988
184 39.74190456359686
185 58.445694125898626
186 60.867259358337876
187 52.4594126041446
188 84.6330950580949
189 47.44515072314503
190 105.06742563921183
191 93.15518229896395
192 77.3133841879387
193 45.731808977083475
194 113.41485263107799
195 30.762718267586894
196 30.10355647523438
197 49.58605796754546
198 91.51746551417695
199 86.93266285363791
0 1
0 3
0 8
0 14
0 16
0 35
0 65
0 100
0 146
0 169
0 185
0 193
0 194
1 2
1 10
1 45
1 52
1 59
1 83
1 95
1 98
1 104
1 119
1 120
1 131
1 134
1 137
1 186
2 3
2 17
2 39
2 44
2 66
2 76
2 120
2 134
2 146
2 174
2 183
2 190
2 196
3 4
3 7
3 92
3 111
3 116
3 145
3 146
3 148
3 153
3 160
3 166
3 167
3 172
3 174
3 175
3 180
4 5
4 30
4 34
4 35
4 44
4 64
4 72
4 73
4 82
4 85
4 94
4 97
4 105
4 108
4 140
4 183
4 194
5 6
5 7
5 20
5 34
5 53
5 68
5 73
5 74
5 99
5 114
5 115
5 124
5 127
5 135
5 138
5 140
5 155
5 157
5 177
5 182
6 7
6 15
6 25
6 42
6 75
6 91
6 112
6 130
6 163
6 170
7 8
7 21
7 31
7 37
7 57
7 62
7 72
7 166
7 174
7 188
8 9
8 13
8 30
8 43
8 63
8 72
8 75
8 87
8 109
8 121
8 122
8 130
8 137
8 141
8 149
8 164
8 189
8 193
9 10
9 39
9 64
9 81
9 84
9 87
9 93
9 157
9 168
9 196
10 11
10 14
10 116
10 120
10 151
10 157
10 158
10 163
10 168
10 170
10 181
10 194
11 12
11 33
11 46
11 48
11 65
11 67
11 70
11 77
11 87
11 93
11 122
11 130
11 131
11 135
11 161
12 13
12 42
12 55
12 59
12 60
12 65
12 67
12 83
12 108
12 137
12 167
12 181
12 184
12 194
13 14
13 54
13 55
13 72
13 101
13 120
13 123
13 133
13 134
13 135
13 144
13 149
13 175
13 190
14 15
14 19
14 43
14 53
14 60
14 64
14 65
14 77
14 88
14 89
14 120
14 156
14 157
14 163
14 164
14 171
14 192
15 16
15 56
15 61
15 68
15 91
15 93
15 119
15 139
15 142
15 148
15 156
15 165
15 173
15 179
15 180
15 187
15 198
16 17
16 20
16 25
16 34
16 45
16 52
16 78
16 81
16 106
16 115
16 126
16 129
16 131
16 144
16 145
16 148
16 193
17 18
17 35
17 44
17 82
17 92
17 114
17 125
17 157
17 168
17 196
18 19
18 43
18 60
18 62
18 74
18 82
18 90
18 92
18 101
18 104
18 137
18 139
18 148
18 153
18 155
18 164
18 175
19 20
19 33
19 46
19 54
19 68
19 94
19 118
19 143
19 144
19 146
19 155
19 165
19 175
19 176
19 196
20 21
20 37
20 43
20 50
20 79
20 115
20 122
20 123
20 130
20 132
20 138
20 163
20 183
21 22
21 49
21 59
21 66
21 83
21 117
21 144
21 156
21 173
22 23
22 28
22 37
22 48
22 49
22 54
22 62
22 68
22 126
22 128
22 130
22 151
22 152
22 163
22 166
23 24
23 95
23 100
23 105
23 135
23 145
23 157
23 170
23 187
23 194
23 199
24 25
24 49
24 66
24 82
24 86
24 88
24 109
24 113
24 132
24 149
24 170
24 181
24 192
24 197
25 26
25 28
25 40
25 55
25 57
25 86
25 117
25 130
25 151
25 153
25 172
26 27
26 38
26 85
26 88
26 111
26 127
27 28
27 31
27 36
27 79
27 83
27 104
27 115
27 126
27 129
27 141
27 142
27 153
27 175
27 176
27 178
27 186
28 29
28 32
28 35
28 46
28 49
28 62
28 68
28 71
28 85
28 86
28 106
28 150
28 158
28 172
28 178
28 181
28 198
29 30
29 31
29 60
29 83
29 85
29 161
30 31
30 34
30 35
30 71
30 74
30 84
30 164
30 190
31 32
31 59
31 64
31 73
31 74
31 122
31 135
31 159
31 189
32 33
32 37
32 50
32 53
32 54
32 69
32 71
32 73
32 76
32 77
32 110
32 124
32 139
32 150
32 157
32 161
32 162
33 34
33 56
33 57
33 58
33 59
33 81
33 85
33 88
33 101
33 110
33 124
33 127
33 131
33 135
33 136
33 148
33 175
34 35
34 36
34 55
34 56
34 75
34 80
34 104
34 109
34 115
34 150
34 151
34 165
34 173
34 184
34 193
35 36
35 61
35 70
35 71
35 79
35 123
35 129
35 142
36 37
36 71
36 96
36 101
36 117
36 123
36 192
37 38
37 52
37 55
37 76
37 95
37 97
37 101
37 107
37 117
37 126
37 127
37 132
37 142
37 153
37 156
37 177
37 181
37 191
38 39
38 40
38 145
38 154
38 162
38 165
38 182
38 198
38 199
39 40
39 48
39 61
39 98
39 110
39 152
39 156
39 180
39 187
39 192
40 41
40 47
40 57
40 58
40 59
40 76
40 93
40 103
41 42
41 68
41 80
41 104
41 127
41 187
41 195
42 43
42 51
42 126
42 160
42 165
42 169
43 44
43 50
43 52
43 56
43 70
43 84
43 101
43 113
43 125
43 134
43 144
43 158
43 165
43 172
43 174
43 176
44 45
44 56
44 66
44 85
44 96
44 115
44 130
44 143
44 197
45 46
45 58
45 71
45 116
45 176
45 178
45 191
46 47
46 55
46 58
46 89
46 105
46 132
46 133
46 161
46 187
47 48
47 58
47 83
47 84
47 85
47 114
47 133
47 144
47 145
47 157
47 173
47 192
47 198
48 49
48 63
48 67
48 68
48 71
48 74
48 75
48 76
48 123
48 138
48 159
48 193
49 50
49 68
49 92
49 96
49 110
49 135
49 144
49 159
49 161
49 181
49 192
49 193
50 51
50 60
50 70
50 73
50 120
50 134
50 140
50 161
50 176
50 180
51 52
51 59
51 68
51 85
51 91
51 100
51 102
51 129
51 131
51 150
51 154
51 169
52 53
52 89
52 90
52 107
52 116
52 121
52 123
52 141
52 145
52 154
52 162
52 173
52 188
53 54
53 86
53 90
53 93
53 95
53 111
53 146
53 161
53 170
53 171
53 175
53 180
53 195
54 55
54 58
54 104
54 108
54 117
54 137
54 140
54 143
54 152
55 56
55 61
55 65
55 70
55 73
55 79
55 87
55 111
55 121
55 122
55 140
55 148
55 149
56 57
56 58
56 59
56 91
56 125
56 132
56 134
56 148
56 157
56 160
56 165
56 188
57 58
57 82
57 98
57 115
57 137
57 140
57 157
57 170
57 189
57 197
58 59
58 64
58 68
58 76
58 137
58 144
58 149
58 161
58 163
58 166
58 185
58 187
59 60
59 115
59 118
59 119
59 135
59 137
59 144
59 176
59 197
60 61
60 70
60 74
60 91
60 94
60 98
60 118
60 119
60 127
60 130
60 143
60 146
60 151
60 168
60 194
60 198
61 62
61 72
61 139
61 146
61 148
61 187
61 190
61 198
62 63
62 75
62 87
62 107
62 111
62 134
62 138
62 141
62 155
62 173
62 186
63 64
63 74
63 87
63 100
63 103
63 111
63 117
63 140
63 143
63 148
63 154
63 159
63 161
63 165
63 167
63 178
64 65
64 91
64 152
64 163
64 168
64 173
64 192
65 66
65 91
65 95
65 113
65 136
65 147
65 153
66 67
66 83
66 116
66 129
66 155
66 192
66 196
67 68
67 84
67 85
67 98
67 110
67 112
67 132
67 155
67 198
68 69
68 98
68 110
68 113
68 114
68 117
68 140
68 141
68 150
68 164
68 169
68 172
68 198
69 70
69 83
69 124
69 132
69 136
69 162
69 167
69 192
70 71
70 78
70 80
70 102
70 116
70 117
70 122
70 123
70 130
70 143
70 146
70 158
70 170
70 185
70 189
71 72
71 77
71 84
71 116
71 128
71 158
71 178
71 183
71 196
72 73
72 76
72 82
72 91
72 106
72 107
72 108
72 116
72 117
72 138
72 140
72 146
72 148
72 151
72 162
72 165
72 190
72 191
72 193
72 194
72 199
73 74
73 98
73 99
73 102
73 114
73 123
73 142
73 154
73 155
73 166
73 171
73 176
74 75
74 76
74 97
74 101
74 110
74 115
74 133
74 136
74 150
74 177
74 181
75 76
75 78
75 92
75 97
75 99
75 145
75 172
75 175
75 190
76 77
76 111
76 124
76 133
76 153
76 171
76 182
76 188
76 192
76 194
76 196
77 78
77 84
77 93
77 98
77 107
77 115
77 153
77 155
77 174
77 192
77 195
77 196
78 79
78 81
78 99
78 111
78 129
78 137
78 152
78 159
78 184
78 186
79 80
79 118
79 130
79 152
79 165
79 171
80 81
80 100
80 109
80 132
80 136
80 141
80 183
80 185
80 188
80 191
80 192
81 82
81 93
81 97
81 110
81 129
81 145
81 164
81 186
81 187
81 196
81 199
82 83
82 109
82 120
82 128
82 135
82 137
82 143
82 152
82 153
82 158
82 173
82 179
83 84
83 102
83 111
83 123
83 125
83 140
83 154
83 169
83 188
83 190
83 197
83 198
84 85
84 167
84 169
84 189
84 194
85 86
85 105
85 143
85 150
85 158
85 168
85 177
85 189
85 194
86 87
86 102
86 117
86 137
86 139
86 151
86 154
86 159
86 163
86 181
86 195
86 196
87 88
87 95
87 96
87 106
87 110
87 114
87 128
87 164
87 173
87 186
88 89
88 94
88 122
88 123
88 134
88 137
88 142
88 160
88 165
88 166
88 175
89 90
89 92
89 104
89 123
89 168
89 180
89 195
89 198
90 91
90 124
90 131
90 140
90 143
90 167
90 169
90 182
90 187
91 92
91 96
91 98
91 104
91 115
91 126
91 141
91 160
92 93
92 128
92 129
92 131
92 139
92 160
92 191
93 94
93 95
93 100
93 120
93 129
93 149
93 152
93 154
93 161
93 193
94 95
94 127
94 128
94 150
94 161
94 162
94 196
94 197
95 96
95 97
95 106
95 142
95 149
95 151
95 168
95 174
96 97
96 107
96 161
96 180
96 183
97 98
97 110
97 111
97 129
97 186
97 189
97 191
97 199
98 99
98 102
98 103
98 104
98 115
98 145
98 155
98 160
98 186
99 100
99 117
99 125
99 147
99 165
99 186
99 194
99 196
100 101
100 104
100 120
100 130
100 154
100 166
100 182
100 183
100 184
100 187
101 102
101 103
101 111
101 114
101 122
101 140
101 142
101 156
101 160
101 182
101 193
102 103
102 105
102 138
102 151
102 162
102 181
102 183
103 104
103 118
103 146
103 154
103 180
103 184
104 105
104 109
104 119
104 120
104 136
104 173
105 106
105 109
105 117
105 118
105 139
105 149
105 155
105 192
106 107
106 115
106 150
106 156
106 162
106 168
106 178
106 189
106 194
107 108
107 120
107 136
107 139
107 144
107 160
107 171
107 173
107 186
107 189
107 196
108 109
108 116
108 127
108 132
108 143
108 156
108 160
108 167
108 174
108 180
108 185
109 110
109 140
109 144
109 153
109 182
109 196
110 111
110 122
110 153
110 169
111 112
111 124
111 154
111 155
111 156
112 113
112 137
112 148
112 151
112 152
112 183
113 114
113 118
113 129
113 148
113 177
113 184
113 186
114 115
114 118
114 133
114 147
114 162
114 169
114 170
114 171
114 188
114 197
115 116
115 117
115 136
115 156
115 167
115 189
115 190
116 117
116 123
116 128
116 129
116 153
117 118
117 123
117 144
117 146
117 174
117 177
117 198
118 119
118 121
118 127
118 135
118 139
118 140
118 156
118 197
119 120
119 128
119 134
119 143
119 155
119 174
119 181
119 190
119 193
119 198
120 121
120 136
120 140
120 148
120 161
120 168
120 169
120 177
120 192
121 122
121 133
121 159
121 196
122 123
122 152
122 172
122 184
122 185
123 124
123 126
123 147
123 159
123 167
123 172
123 179
123 183
123 188
123 197
124 125
124 131
124 135
124 137
124 149
124 168
124 184
124 196
124 197
125 126
125 136
125 161
125 173
125 187
125 190
126 127
126 166
126 168
126 181
126 197
127 128
127 134
127 144
127 152
127 164
127 167
127 181
128 129
129 130
129 137
129 154
130 131
130 160
130 165
130 174
130 177
131 132
131 135
131 163
131 165
131 169
131 171
131 187
131 188
131 190
132 133
132 141
132 151
132 152
132 153
132 169
133 134
133 145
133 148
133 162
133 179
133 195
133 197
134 135
134 141
134 144
134 162
134 167
134 186
134 197
134 199
135 136
135 145
135 175
135 188
135 191
136 137
136 140
136 144
136 173
136 185
136 192
137 138
137 144
137 162
137 182
138 139
138 140
138 148
138 182
138 186
139 140
139 165
139 184
140 141
140 149
140 161
140 174
140 176
140 177
140 187
140 199
141 142
141 163
141 175
141 179
142 143
142 144
142 149
142 160
142 188
142 191
143 144
143 155
143 158
143 182
143 195
144 145
144 149
144 151
144 166
144 168
144 190
144 198
145 146
145 177
145 184
145 191
145 198
146 147
146 158
146 175
146 187
146 188
147 148
147 152
147 171
147 174
147 175
147 182
147 185
147 189
147 199
148 149
148 152
148 172
148 178
148 188
148 189
148 198
149 150
149 187
149 191
149 192
149 194
150 151
150 169
150 186
150 196
150 198
151 152
151 164
151 186
151 188
151 199
152 153
152 155
152 163
153 154
153 172
153 178
153 181
153 199
154 155
154 165
154 182
154 183
154 184
155 156
155 159
155 168
155 197
156 157
156 176
157 158
157 172
157 173
157 189
158 159
158 198
159 160
159 163
160 161
160 170
160 190
160 192
160 197
161 162
161 171
162 163
162 171
162 179
162 187
162 192
162 196
163 164
164 165
164 191
164 192
164 193
165 166
165 170
165 176
165 181
165 192
166 167
166 170
166 171
166 174
166 176
166 199
167 168
167 197
168 169
168 190
168 197
169 170
170 171
170 179
170 185
170 190
170 193
170 194
171 172
171 196
172 173
172 176
173 174
173 178
174 175
174 187
174 192
175 176
175 193
175 196
176 177
176 188
176 190
176 191
176 197
177 178
177 192
177 196
177 197
178 179
178 180
178 193
179 180
179 187
180 181
181 182
182 183
182 186
182 191
183 184
184 185
185 186
186 187
186 196
187 188
187 191
187 194
188 189
189 190
189 191
190 191
190 194
191 192
192 193
193 194
194 195
194 196
195 196
196 197
197 198
198 199
