0 58.999323086429385
1 69.80953939408158
2 60.9405907184303
3 106.37918983224057
4 105.71040601921038
5 49.418101573316065
6 64.73529159625072
7 32.99297120518038
8 56.041568788155864
9 65.79466698737687
10 112.59113424982475
11 65.32148987731033
12 110.99480740658323
13 57.67606804632701
14 94.82646049830186
15 97.80084501690546
16 51.27932587262294
17 105.99023739311367
18 99.43018600414666
19 48.7962337925846
20 71.44272491302608
21 62.180376802055505
22 114.74580940534062
23 82.21232306016972
24 90.22600884587831
25 113.09005887641642
26 66.99894764096962
27 87.13820614777364
28 23.156263630736067
29 109.17010191068034
30 110.37166088472061
31 94.6804360336896
32 61.30091204353026
33 113.33449555345848
34 46.7994812749255
35 105.76644401657065
36 86.14267563353714
37 111.48406074514166
38 90.26466891348326
39 101.45461890915674
40 64.69450990070874
41 62.53290777091875
42 106.08195925273469
43 108.16620636755052
44 111.25889155856284
45 55.714221433210824
46 49.520614643957515
47 94.25809699600349
48 72.64610810493689
49 86.00820792887646
50 100.07939204808325
51 81.48446212898435
52 92.20119807653721
53 54.72656548545263
54 37.82850756322082
55 65.14914070365313
56 34.649483047607625
57 51.60415058295276
58 36.45552579988269
59 50.12953783572314
60 108.55572492964451
61 77.18996874179837
62 53.999638309680556
63 26.456759315156503
64 106.10210265880426
65 119.89600583635912
66 86.73146728152612
67 27.765534846395518
68 90.9253444937468
69 110.75381167347349
70 114.23322531221471
71 38.6814953557307
72 103.9135950984239
73 40.745216231210016
74 104.45671218045744
75 43.092151823666
76 24.14859464481755
77 40.514851635618236
78 66.38422179391812
79 34.25193680875974
80 117.58907403456233
81 90.33867944423724
82 34.890185884673535
83 39.800521720740775
84 29.626297176749688
85 49.41405544135771
86 47.498970754434914
87 50.027539472372524
88 29.30292216206744
89 67.85327115236632
90 25.956903365076126
91 76.09572206366758
92 92.77144455244563
93 72.2039822221303
94 106.88430353018812
95 106.43845046990668
96 21.478696081458676
97 95.88623770730565
98 75.2459027988354
99 74.17652530430678
100 26.598005628663806
101 59.62734267439921
102 41.97570919678374
103 96.15289764022496
104 75.39075493617727
105 93.79208416047946
106 72.8150572875077
107 95.0630875215978
108 87.46428795658022
109 34.4473641456333
110 119.27018754923581
111 70.16278292207059
112 89.30323346005548
113 118.06657908181661
114 24.56839919850144
115 39.163137030591486
116 83.98644694883704
117 45.97059883555286
118 77.58945241236714
119 34.17813759068576
120 69.66201175185981
121 88.91850841924901
122 65.97157712985353
123 97.96732317891141
124 45.13779218102352
125 54.7027725280296
126 35.93905703883847
127 93.2210335024542
128 73.85527039129943
129 47.169793136909014
130 100.87107630161947
131 107.26433233865633
132 38.54951613609024
133 103.77833273632066
134 53.229101641638906
135 107.30955679678597
136 108.05828544852935
137 110.62460362393773
138 25.182811197968906
139 77.26642317776835
140 55.02845766168081
141 58.804283991271035
142 112.12213877691521
143 46.122535813610796
144 108.67807509833906
145 24.048090827299696
146 20.2157547909022
147 100.03596512207898
148 100.3075351346368
149 22.75897139033815
150 24.273900116128146
151 55.53557826669243
152 60.91351588321181
153 21.895367845574512
154 25.396167721138504
155 59.60363283711573
156 60.044462347718145
157 57.58641578329258
158 79.23247149928457
159 73.91907441340152
160 32.946575354173326
161 47.93135225136555
162 25.15811784412284
163 95.16889503011976
164 29.084393288665677
165 69.12681775402287
166 84.26153608294278
167 61.08880396260379
168 29.280267957744737
169 100.88210958481905
170 109.76586618268941
171 92.7733751504933
172 21.002100631009363
173 37.02389859434976
174 67.35331769014658
175 27.799734170901672
176 91.73896525169926
177 100.25830754083593
178 94.83376722601976
179 105.83775730685609
180 98.93931399018133
181 96.24963358945887
182 40.69684939139165
183 78.67366996568617
184 101.64667402345958
185 91.4914294881078
186 109.30931102543867
187 29.952829135032736
188 93.75286374253051
189 101.88707635823734
190 46.86718675779301
191 106.45136813215277
192 61.698940960984224
193 34.523335235876075
194 86.68490957814511
195 82.31532226916309
196 100.48923038376567
197 33.811843724227025
198 35.00118560015052
199 100.45972797396432
0 1
0 5
0 36
0 47
0 49
0 53
0 54
0 55
0 59
0 80
0 90
0 95
0 96
0 101
0 126
0 136
0 142
0 182
0 197
1 2
1 3
1 6
1 20
1 31
1 40
1 48
1 56
1 59
1 110
1 113
1 115
1 133
1 154
1 179
2 3
2 27
2 62
2 85
2 138
2 141
2 158
2 166
2 170
2 186
3 4
3 11
3 18
3 26
3 28
3 54
3 65
3 72
3 73
3 88
3 95
3 129
3 177
3 191
3 194
4 5
4 20
4 24
4 33
4 49
4 62
4 71
4 85
4 102
4 104
4 108
4 143
4 157
4 158
4 163
4 180
5 6
5 17
5 25
5 51
5 52
5 57
5 90
5 103
5 104
5 132
5 139
5 158
5 165
5 184
5 190
5 198
6 7
6 20
6 22
6 30
6 34
6 42
6 56
6 67
6 80
6 86
6 101
6 102
6 133
6 137
6 140
6 144
6 162
6 173
6 175
6 179
6 190
6 191
7 8
7 9
7 20
7 26
7 29
7 34
7 47
7 54
7 58
7 88
7 91
7 135
7 144
7 166
7 175
7 180
8 9
8 12
8 21
8 50
8 62
8 69
8 73
8 76
8 78
8 81
8 94
8 95
8 120
8 121
8 126
8 139
8 140
8 142
8 149
8 157
8 187
8 197
9 10
9 34
9 46
9 47
9 59
9 64
9 109
9 119
9 123
9 131
9 146
9 149
9 162
9 178
9 179
9 182
10 11
10 46
10 50
10 88
10 90
10 98
10 124
10 156
10 158
10 164
10 171
10 174
10 176
10 185
10 187
11 12
11 19
11 32
11 35
11 68
11 69
11 71
11 74
11 80
11 111
11 130
11 137
11 176
11 183
11 197
11 199
12 13
12 19
12 26
12 27
12 31
12 33
12 37
12 48
12 58
12 59
12 76
12 79
12 86
12 90
12 102
12 105
12 107
12 130
12 135
12 139
12 148
12 157
12 159
12 178
12 182
12 185
12 186
13 14
13 19
13 23
13 27
13 38
13 47
13 48
13 65
13 84
13 99
13 102
13 106
13 120
13 122
13 127
13 175
13 183
14 15
14 22
14 36
14 74
14 112
14 129
14 144
14 157
14 173
14 174
14 177
14 178
14 192
14 195
15 16
15 55
15 78
15 84
15 102
15 126
15 129
15 146
15 160
15 162
15 168
15 195
15 199
16 17
16 41
16 62
16 67
16 70
16 77
16 80
16 82
16 98
16 118
16 134
16 143
16 146
16 149
16 176
16 180
16 182
16 190
16 191
17 18
17 21
17 25
17 36
17 40
17 43
17 52
17 74
17 81
17 86
17 97
17 111
17 122
17 123
17 147
17 148
17 151
17 155
17 164
17 176
17 178
18 19
18 36
18 53
18 60
18 63
18 97
18 127
18 162
18 174
18 177
19 20
19 25
19 31
19 53
19 58
19 62
19 75
19 115
19 116
19 127
19 166
19 171
19 176
19 179
19 193
20 21
20 38
20 46
20 47
20 52
20 91
20 100
20 104
20 118
20 134
20 155
20 161
20 163
20 165
20 179
20 190
20 192
20 198
21 22
21 30
21 31
21 36
21 38
21 57
21 59
21 73
21 80
21 84
21 114
21 117
21 118
21 120
21 123
21 139
21 141
21 178
21 193
22 23
22 25
22 26
22 39
22 44
22 49
22 51
22 55
22 60
22 61
22 64
22 82
22 83
22 90
22 93
22 108
22 110
22 113
22 132
22 142
22 145
22 151
22 161
22 171
22 175
22 177
22 199
23 24
23 29
23 40
23 42
23 46
23 50
23 58
23 65
23 86
23 95
23 96
23 100
23 113
23 131
23 135
23 141
23 154
23 159
23 165
23 176
23 178
23 180
23 191
24 25
24 33
24 41
24 51
24 86
24 98
24 121
24 128
24 130
24 143
24 170
24 171
24 188
24 194
25 26
25 28
25 29
25 41
25 53
25 58
25 94
25 113
25 128
25 140
25 142
25 170
25 171
26 27
26 41
26 45
26 61
26 63
26 72
26 80
26 82
26 99
26 110
26 118
26 122
26 138
26 143
26 145
26 152
26 156
26 159
26 173
26 174
26 179
26 180
26 196
27 28
27 32
27 34
27 42
27 44
27 79
27 82
27 94
27 96
27 118
27 123
27 127
27 137
27 142
27 158
27 177
28 29
28 40
28 41
28 51
28 55
28 58
28 78
28 88
28 90
28 96
28 101
28 103
28 104
28 107
28 120
28 121
28 125
28 128
28 149
29 30
29 40
29 54
29 109
29 117
29 128
29 132
29 135
29 155
29 171
29 176
29 188
29 193
30 31
30 33
30 47
30 52
30 58
30 65
30 86
30 88
30 90
30 96
30 127
30 133
30 139
30 163
30 178
30 191
30 195
31 32
31 33
31 35
31 48
31 55
31 58
31 63
31 69
31 73
31 76
31 92
31 123
31 130
31 133
31 144
31 155
31 156
31 175
31 179
32 33
32 43
32 51
32 54
32 73
32 106
32 111
32 124
32 179
32 182
32 184
32 196
32 197
33 34
33 35
33 36
33 44
33 58
33 67
33 77
33 79
33 83
33 85
33 103
33 107
33 118
33 134
33 140
33 148
33 156
33 159
33 163
33 176
33 177
34 35
34 57
34 80
34 84
34 88
34 126
34 136
35 36
35 53
35 70
35 83
35 93
35 95
35 109
35 110
35 113
35 115
35 129
35 146
35 159
35 164
35 167
35 177
35 178
35 180
36 37
36 46
36 67
36 80
36 95
36 97
36 99
36 115
36 151
36 155
36 192
37 38
37 50
37 57
37 59
37 62
37 63
37 68
37 70
37 86
37 99
37 103
37 113
37 119
37 129
37 165
37 199
38 39
38 48
38 49
38 64
38 79
38 89
38 139
38 143
38 152
38 173
38 192
39 40
39 43
39 61
39 89
39 90
39 115
39 116
39 120
39 130
39 137
39 157
39 163
39 164
39 168
39 173
39 182
39 192
40 41
40 43
40 55
40 76
40 85
40 87
40 103
40 105
40 123
40 127
40 174
40 177
40 196
40 197
41 42
41 43
41 48
41 66
41 92
41 111
41 118
41 119
41 132
41 150
41 157
41 168
41 169
41 171
41 174
41 186
41 197
41 198
41 199
42 43
42 56
42 79
42 84
42 87
42 93
42 119
42 137
42 144
42 145
42 149
42 162
42 176
42 181
43 44
43 61
43 98
43 115
43 127
43 142
43 144
43 159
43 169
43 192
43 195
43 196
44 45
44 59
44 63
44 65
44 69
44 78
44 86
44 110
44 132
44 155
44 172
44 179
44 181
44 189
45 46
45 61
45 62
45 103
45 105
45 134
45 135
45 144
45 151
45 173
45 193
45 194
46 47
46 76
46 80
46 81
46 100
46 105
46 118
46 119
46 121
46 130
46 146
46 151
46 193
47 48
47 68
47 73
47 74
47 82
47 88
47 92
47 93
47 134
47 148
47 149
47 165
47 168
47 196
48 49
48 54
48 60
48 79
48 81
48 84
48 86
48 97
48 102
48 103
48 105
48 106
48 123
48 141
48 144
48 152
48 180
48 198
49 50
49 72
49 78
49 113
49 117
49 134
49 140
49 153
49 164
49 181
49 182
49 184
50 51
50 53
50 64
50 68
50 84
50 87
50 95
50 101
50 108
50 117
50 152
50 157
50 174
50 183
50 186
50 192
50 193
51 52
51 61
51 72
51 76
51 82
51 114
51 123
51 128
51 150
51 153
51 159
51 168
51 175
51 181
52 53
52 56
52 61
52 62
52 64
52 81
52 95
52 99
52 111
52 138
52 151
52 154
52 155
52 159
52 173
52 183
52 185
52 188
52 193
52 195
53 54
53 60
53 65
53 69
53 73
53 86
53 124
53 125
53 132
53 143
53 151
53 155
53 171
53 187
54 55
54 111
54 112
54 133
54 144
54 153
54 158
54 162
54 173
54 175
54 198
55 56
55 96
55 113
55 116
55 133
55 157
55 160
55 162
55 171
55 175
55 184
56 57
56 72
56 104
56 106
56 110
56 113
56 114
56 133
56 136
56 138
56 142
56 145
56 160
56 165
56 171
56 188
57 58
57 63
57 73
57 74
57 77
57 80
57 82
57 96
57 115
57 120
57 127
57 152
57 160
57 167
57 172
57 180
57 186
58 59
58 70
58 82
58 90
58 108
58 146
58 151
58 152
58 159
58 189
58 199
59 60
59 64
59 69
59 72
59 96
59 115
59 119
59 124
59 149
59 155
59 158
59 164
59 176
59 186
59 189
59 190
60 61
60 62
60 81
60 91
60 95
60 109
60 112
60 126
60 138
60 150
60 165
60 177
60 179
60 190
60 199
61 62
61 63
61 69
61 81
61 92
61 98
61 104
61 109
61 111
61 121
61 125
61 127
61 156
61 166
61 176
61 177
61 184
61 189
61 191
61 193
62 63
62 88
62 103
62 108
62 124
62 125
62 129
62 151
62 156
62 167
62 169
62 182
63 64
63 67
63 69
63 76
63 78
63 85
63 90
63 92
63 94
63 99
63 114
63 128
63 133
63 140
63 145
63 146
63 152
63 155
63 160
63 165
63 171
63 184
63 186
63 188
64 65
64 69
64 78
64 86
64 89
64 94
64 95
64 102
64 103
64 106
64 108
64 127
64 137
64 139
64 152
64 156
64 181
64 182
64 188
64 190
64 191
64 192
64 195
65 66
65 74
65 106
65 111
65 118
65 130
65 166
65 172
65 174
65 175
65 190
65 196
66 67
66 69
66 81
66 84
66 110
66 119
66 137
66 141
66 147
66 157
66 160
66 165
66 167
66 171
66 184
66 188
67 68
67 70
67 73
67 99
67 116
67 148
67 174
67 190
67 192
68 69
68 71
68 92
68 112
68 120
68 123
68 142
68 145
68 147
68 158
68 164
68 184
69 70
69 79
69 91
69 111
69 113
69 127
69 134
69 135
69 139
69 140
69 150
69 164
69 189
70 71
70 76
70 82
70 85
70 93
70 96
70 102
70 111
70 123
70 129
70 147
70 171
70 181
70 190
70 199
71 72
71 83
71 97
71 103
71 113
71 134
71 160
71 162
71 166
71 172
71 181
71 186
72 73
72 75
72 97
72 99
72 101
72 106
72 109
72 112
72 122
72 135
72 139
72 150
72 157
72 160
72 169
72 181
72 188
73 74
73 111
73 121
73 155
73 167
73 176
73 184
74 75
74 101
74 129
74 139
74 144
74 146
74 149
74 158
74 160
74 168
74 180
74 197
75 76
75 82
75 86
75 91
75 94
75 109
75 113
75 120
75 143
75 163
75 173
75 198
76 77
76 78
76 101
76 106
76 139
76 142
76 170
76 181
76 182
76 198
76 199
77 78
77 79
77 80
77 87
77 102
77 133
77 145
77 146
77 147
77 150
77 153
77 158
77 167
77 173
77 177
77 186
78 79
78 105
78 121
78 177
78 188
78 190
78 196
79 80
79 91
79 92
79 93
79 94
79 99
79 101
79 112
79 120
79 122
79 132
79 138
79 151
79 157
79 158
79 161
79 188
80 81
80 96
80 97
80 132
80 166
80 172
80 176
80 190
81 82
81 98
81 100
81 104
81 109
81 112
81 131
81 150
81 153
81 156
81 181
81 182
81 186
81 189
82 83
82 91
82 104
82 122
82 125
82 134
82 161
82 165
82 166
82 167
82 170
82 180
82 197
83 84
83 89
83 93
83 120
83 141
83 162
83 167
83 171
83 183
83 184
83 187
83 189
83 191
83 195
83 197
84 85
84 88
84 96
84 103
84 106
84 129
84 135
84 144
84 146
84 188
84 191
85 86
85 88
85 108
85 112
85 116
85 123
85 125
85 130
85 140
85 145
85 152
85 172
85 178
86 87
86 96
86 115
86 119
86 147
86 152
86 164
86 172
86 173
86 194
87 88
87 98
87 102
87 106
87 136
87 149
87 156
87 159
87 161
87 168
87 172
87 182
87 189
88 89
88 95
88 107
88 116
88 121
88 127
88 148
88 153
88 157
88 168
88 171
88 198
89 90
89 103
89 112
89 135
89 154
89 168
89 185
90 91
90 109
90 116
90 124
90 136
90 152
90 167
90 192
90 193
91 92
91 109
91 118
91 124
91 128
91 134
91 176
91 188
92 93
92 112
92 117
92 125
92 152
92 182
92 186
92 198
93 94
93 99
93 107
93 116
93 129
93 130
93 133
93 134
93 147
93 150
93 151
93 152
93 156
93 162
93 185
94 95
94 123
94 142
94 153
94 164
94 172
94 181
94 182
94 190
95 96
95 109
95 111
95 118
95 150
95 177
95 180
95 181
95 198
96 97
96 100
96 107
96 115
96 126
96 130
96 140
96 142
96 152
96 162
96 174
96 183
96 187
96 188
97 98
97 99
97 144
97 146
97 178
97 179
97 197
98 99
98 101
98 113
98 131
98 140
98 142
98 164
98 169
98 172
98 174
98 191
98 196
99 100
99 108
99 113
99 117
99 129
99 132
99 171
99 194
99 197
100 101
100 107
100 109
100 113
100 115
100 116
100 124
100 131
100 132
100 134
100 135
100 148
100 168
100 172
100 187
101 102
101 123
101 141
101 149
101 156
101 158
101 166
101 186
101 188
102 103
102 115
102 121
102 123
102 124
102 138
102 157
102 176
102 193
102 196
102 198
103 104
103 110
103 112
103 122
103 183
103 189
103 192
104 105
104 107
104 116
104 127
104 142
104 164
104 174
105 106
105 108
105 110
105 122
105 145
105 147
105 150
105 160
105 164
105 171
105 173
105 174
105 175
105 177
105 191
106 107
106 114
106 129
106 153
106 169
106 171
106 183
107 108
107 113
107 154
107 181
107 194
107 195
107 196
108 109
108 111
108 125
108 127
108 151
108 162
108 197
108 199
109 110
109 119
109 140
109 146
109 151
109 156
109 181
109 193
110 111
110 117
110 126
110 147
110 148
110 152
110 154
110 156
110 163
110 169
110 182
111 112
111 136
111 141
111 144
111 151
111 169
111 195
112 113
112 126
112 144
112 145
112 156
112 172
112 178
112 179
112 183
112 195
113 114
113 116
113 130
113 150
113 179
113 181
114 115
114 124
114 131
114 150
114 151
114 154
114 182
114 184
115 116
115 121
115 149
115 169
115 184
115 197
116 117
116 118
116 131
116 139
116 144
116 160
116 183
116 193
117 118
117 131
117 150
117 154
117 162
117 168
117 173
117 197
118 119
118 147
118 150
118 153
118 162
118 176
118 181
118 185
118 187
119 120
119 123
119 125
119 147
119 148
119 161
119 166
119 177
119 182
119 196
120 121
120 138
120 145
120 162
120 165
120 168
120 169
120 174
120 197
121 122
121 147
121 159
121 179
121 185
121 190
122 123
122 137
122 138
122 142
122 143
122 160
122 168
122 174
123 124
123 130
123 142
123 148
123 173
123 182
124 125
124 137
124 176
125 126
125 133
125 135
125 172
125 179
126 127
126 140
126 151
126 163
126 176
126 194
127 128
127 129
127 134
127 188
127 189
127 191
128 129
128 132
128 145
128 170
128 180
128 190
128 192
129 130
129 133
129 147
129 152
129 173
129 188
130 131
130 140
130 158
130 167
130 178
130 184
130 190
130 198
131 132
131 145
131 147
131 150
131 154
131 156
131 157
131 177
132 133
132 153
132 155
132 158
132 162
132 164
132 182
132 184
133 134
133 137
133 139
133 145
133 151
133 162
133 171
133 175
133 180
134 135
134 137
134 140
134 155
134 159
134 170
134 180
134 183
134 184
135 136
135 156
135 170
135 185
135 194
135 199
136 137
136 141
136 144
136 152
136 155
136 192
137 138
137 142
137 166
137 169
137 177
137 195
138 139
138 169
138 170
138 172
138 177
139 140
139 143
139 150
139 163
139 179
139 196
140 141
140 146
140 152
140 160
140 164
140 169
140 174
140 180
141 142
141 152
141 154
141 159
141 170
141 171
141 177
141 180
142 143
142 144
142 178
142 180
142 181
142 194
143 144
143 145
143 152
143 167
143 175
143 180
143 182
143 192
143 194
143 198
144 145
144 147
144 150
144 156
144 175
144 178
144 183
144 189
145 146
145 158
145 170
145 176
146 147
146 162
146 166
146 175
146 186
147 148
147 156
147 158
147 160
147 170
147 174
147 175
147 183
148 149
148 151
148 152
148 156
148 192
148 193
148 198
148 199
149 150
149 162
149 175
149 180
149 183
149 196
149 199
150 151
150 156
150 159
150 160
150 162
151 152
151 156
151 163
151 167
151 171
151 189
151 190
151 193
152 153
152 155
152 157
152 161
152 162
152 167
152 178
152 188
152 189
152 190
152 194
153 154
153 177
154 155
154 156
154 163
154 165
154 172
154 179
154 182
154 188
154 190
155 156
155 173
155 179
155 186
156 157
156 164
156 165
156 167
156 180
156 181
157 158
157 178
157 185
157 191
158 159
158 165
158 174
158 183
158 189
158 191
159 160
159 173
159 196
160 161
160 162
160 165
160 187
161 162
161 163
161 164
161 176
161 184
161 192
162 163
162 166
162 187
162 199
163 164
163 183
163 184
163 186
163 191
164 165
164 178
164 197
165 166
165 175
165 178
166 167
166 170
166 178
166 181
166 185
166 187
167 168
167 169
167 175
167 187
168 169
168 177
168 186
169 170
169 172
169 176
169 185
169 199
170 171
170 177
170 178
170 193
170 196
170 198
171 172
171 180
171 199
172 173
172 190
172 192
173 174
173 187
173 192
173 194
173 195
174 175
174 186
175 176
176 177
176 180
177 178
177 180
177 185
177 195
178 179
178 180
178 183
178 189
179 180
180 181
180 199
181 182
181 183
181 193
182 183
182 187
182 191
183 184
183 190
184 185
184 189
185 186
185 187
186 187
186 193
187 188
188 189
189 190
190 191
191 192
192 193
193 194
193 198
194 195
195 196
196 197
197 198
197 199
198 199
