0 73.50340817228113
1 65.59984477227312
2 50.481778550325686
3 22.956031569191254
4 106.14114584211117
5 44.34025755984022
6 85.55824438310619
7 61.872474644717656
8 88.83537874518943
9 76.64227538249614
10 24.77752861905021
11 111.89538804633058
12 42.577627435958505
13 67.38525206678744
14 52.787428277242725
15 79.19630260018553
16 64.7331019410203
17 114.15367056819922
18 81.17645409435286
19 83.16823120399175
20 90.02203957600285
21 91.27997707541377
22 41.38768479069879
23 40.57304956765371
24 62.113649774640265
25 116.42154771961864
26 31.06897712539376
27 57.627401409027414
28 61.2702331624406
29 90.93458742507079
30 29.26789004172057
31 93.21370830128903
32 80.45181860997839
33 87.43669353977367
34 69.41478329310816
35 27.594361662471588
36 67.38918839683339
37 43.20370588964885
38 60.69774341416652
39 95.32355083267832
40 53.35593262505503
41 106.42541113388107
42 78.21811033751789
43 118.49259773287234
44 70.71775303674278
45 73.84848351843866
46 100.22557536725384
47 107.0110447746984
48 20.809919947001212
49 52.96407054594208
50 56.76694659213974
51 76.31720664350286
52 91.29145787209896
53 79.6512549606758
54 68.24285036546674
55 69.72824416067053
56 37.84726134046278
57 23.06653436025584
58 94.65177374721712
59 62.581264223317774
60 38.95701470836944
61 113.57342241760641
62 86.71104667527533
63 68.38332096579467
64 104.42245640879645
65 36.63512125522578
66 28.57947254475291
67 63.379655191249995
68 68.44214870772146
69 45.847151574492216
70 88.56650574087543
71 95.26582932458221
72 26.24561985743899
73 61.66572457575479
74 48.9980237918959
75 44.21093636714752
76 79.64636366772065
77 38.89155264446983
78 69.31888147659191
79 59.92533655378601
80 41.34584309310169
81 105.59769293224117
82 47.547621060484616
83 107.19789934261006
84 110.4183107152117
85 98.94393509208952
86 84.35882763669774
87 114.14405695297187
88 72.12893594334567
89 49.199126400316246
90 21.353828204358642
91 32.34742183147664
92 94.08531205626592
93 92.29678458153202
94 20.490529013375152
95 86.14410237566275
96 87.69517557455144
97 23.378179683116088
98 75.1783988072996
99 109.49027328816588
100 79.00073633687302
101 39.03106636354784
102 95.20471685874534
103 43.1699684068646
104 86.18270495998655
105 54.311038476215465
106 87.44339143826993
107 92.54144687728432
108 32.37481376310734
109 22.136511841756615
110 62.20778843779631
111 26.58690217740121
112 31.902164017559215
113 27.277144750797273
114 31.144194101521055
115 32.721707969621065
116 75.65452420551077
117 74.90946496520236
118 26.7226524816837
119 28.635756494764422
120 107.02823823727098
121 44.59235284140454
122 65.66710293411042
123 72.38091858195693
124 23.718175493686626
125 34.51896679448613
126 99.07692268340847
127 104.98496663515203
128 62.61368929150517
129 78.03057640762935
130 40.52704395148266
131 106.06381675993516
132 25.150316301717915
133 74.63166606424275
134 40.09410708237833
135 42.220264162154294
136 78.69153531182843
137 41.124622312188556
138 77.04111642126716
139 40.45883341822207
140 25.86258220395265
141 54.9861886407416
142 76.80338046212792
143 24.41277082228425
144 68.23098779375174
145 31.736769249566734
146 118.95351909879919
147 109.87060254040478
148 103.32612898752436
149 50.8076095767324
150 91.98359878357557
151 67.90608166740635
152 84.71277481516715
153 20.289759600527994
154 68.0275461001553
155 28.85678376069925
156 43.6812495659763
157 49.95262266435509
158 116.05716289465943
159 118.46296480803915
160 118.08946870577742
161 84.0488256766119
162 45.620232272661895
163 88.66979139009686
164 58.98982187483529
165 30.6760534234089
166 74.84935403088554
167 29.91230706415407
168 88.89645008840915
169 112.84534655928381
170 46.255292370358056
171 29.144112238957778
172 66.89620122983848
173 57.909343953412346
174 71.72879379617243
175 68.43692770204001
176 75.2791376053971
177 36.632796185931575
178 74.20998381326172
179 42.669784691995645
180 79.96218441209163
181 60.9416071579755
182 107.64460270975117
183 111.64289026891349
184 32.70209811459541
185 50.265581122553364
186 79.13149486961072
187 91.89268189958479
188 76.94167162684947
189 80.39391080741245
190 67.57593757565328
191 36.55093545890226
192 91.105662942913
193 35.89141749945766
194 31.698521567540666
195 47.78225126254669
196 53.26065434525456
197 97.3773896931739
198 26.909494426532525
199 115.65063894505006
0 1
0 27
0 65
0 116
1 2
1 31
1 164
1 167
2 3
2 64
3 4
3 16
3 56
3 88
3 92
3 140
4 5
4 19
4 62
5 6
6 7
6 130
7 8
7 107
7 178
8 9
8 84
8 118
9 10
10 11
10 97
10 142
10 150
10 161
11 12
11 61
11 93
11 186
12 13
12 95
12 138
12 147
12 164
13 14
13 51
13 123
13 143
13 152
14 15
15 16
15 63
15 112
15 181
16 17
16 62
16 166
16 179
17 18
17 129
17 193
18 19
19 20
19 93
19 105
20 21
20 62
20 65
20 186
21 22
21 66
21 180
22 23
23 24
23 199
24 25
24 41
24 144
25 26
25 67
26 27
27 28
27 123
28 29
28 101
28 119
29 30
29 44
30 31
30 74
30 90
31 32
31 100
32 33
33 34
33 55
33 165
34 35
34 117
35 36
35 91
36 37
36 81
37 38
37 40
37 74
37 156
37 160
37 172
38 39
38 185
38 190
39 40
40 41
40 58
40 144
41 42
41 43
41 128
41 141
42 43
42 88
42 106
42 133
43 44
43 95
43 140
43 163
44 45
44 135
45 46
45 88
45 130
45 179
45 193
46 47
47 48
47 98
48 49
48 135
48 160
49 50
50 51
50 61
50 86
51 52
51 118
51 143
52 53
52 178
53 54
54 55
55 56
55 76
55 148
55 155
56 57
56 146
57 58
57 127
57 172
58 59
58 163
58 174
59 60
60 61
60 79
60 93
60 117
60 157
61 62
61 97
62 63
62 64
62 96
63 64
63 72
64 65
64 109
64 111
64 121
64 154
65 66
66 67
67 68
68 69
69 70
69 160
69 176
70 71
71 72
71 76
71 83
71 108
71 131
72 73
72 109
72 117
72 121
72 150
73 74
74 75
74 172
75 76
76 77
77 78
77 123
77 127
78 79
79 80
79 117
80 81
81 82
81 104
82 83
82 197
82 199
83 84
84 85
85 86
85 109
86 87
86 168
86 173
87 88
88 89
88 172
88 197
89 90
89 141
89 194
90 91
90 197
91 92
92 93
93 94
93 138
93 143
93 170
94 95
94 182
95 96
95 102
95 124
96 97
97 98
97 146
97 188
97 199
98 99
99 100
100 101
101 102
101 129
101 130
101 136
101 150
102 103
102 133
102 134
102 143
103 104
103 120
104 105
104 127
105 106
105 121
105 174
106 107
106 139
107 108
108 109
108 132
109 110
110 111
110 136
110 196
111 112
111 152
111 161
111 175
112 113
113 114
113 118
113 156
113 159
114 115
114 128
114 178
115 116
115 155
115 165
116 117
117 118
117 122
118 119
118 193
119 120
119 177
120 121
121 122
121 197
122 123
122 135
123 124
123 132
124 125
125 126
126 127
127 128
127 165
128 129
129 130
129 175
130 131
130 173
131 132
132 133
132 192
133 134
133 184
134 135
135 136
135 153
136 137
137 138
137 144
138 139
139 140
140 141
141 142
142 143
142 151
143 144
143 180
144 145
145 146
146 147
147 148
148 149
148 158
149 150
149 167
149 175
150 151
151 152
152 153
153 154
154 155
154 199
155 156
155 172
156 157
156 183
157 158
157 170
158 159
159 160
159 179
160 161
161 162
162 163
163 164
163 168
164 165
165 166
166 167
167 168
168 169
169 170
170 171
171 172
172 173
173 174
174 175
175 176
176 177
176 192
177 178
178 179
179 180
180 181
181 182
182 183
183 184
184 185
185 186
186 187
187 188
188 189
188 198
189 190
190 191
191 192
192 193
193 194
194 195
195 196
196 197
197 198
198 199
