0 102.30622543527677
1 110.07495503742808
2 91.51780236868727
3 73.37256429379904
4 25.160564951565394
5 31.748421686053014
6 59.681683559388794
7 61.97768943248557
8 81.63476909625294
9 116.70936282188032
10 108.61566957641712
11 84.60132681075436
12 101.36142431140162
13 109.60076103924955
14 82.50454731657861
15 106.07238857453272
16 24.30871539441775
17 118.76091047975677
18 103.79021835936835
19 25.142943383549532
20 60.2997792333659
21 104.08227669930699
22 35.81191663778656
23 79.41637040277969
24 41.31630270711976
25 34.80072962515628
26 109.86302606493061
27 20.512602826347752
28 55.57860528878627
29 81.72014980281403
30 22.502504531296047
31 117.77423411063971
32 43.11724527958248
33 84.25630724204942
34 26.24410128743938
35 113.7587904493811
36 101.39872347136406
37 111.6878342377244
38 82.15665732811026
39 72.82877525198352
40 96.54056599332496
41 20.131018331617327
42 116.4440265145659
43 35.34253205610755
44 100.7487569170291
45 92.00905889813345
46 24.733188203439873
47 114.26543220684538
48 79.83305805588554
49 33.1652846838963
50 97.5844050094744
51 48.462185013563435
52 36.00351420505457
53 94.2738196842388
54 98.64732921802276
55 57.49760222331098
56 70.62401088550055
57 77.83001893580442
58 112.92220892504074
59 26.46443676870682
60 69.19645928726428
61 89.75693342403277
62 96.74540725747295
63 86.17344661645438
64 26.571822425874362
65 95.54297172690426
66 103.40369158406516
67 43.98209108980615
68 24.231862899585025
69 44.82981865300282
70 28.691861541314708
71 63.60482742946105
72 43.458117518473586
73 35.498592686203736
74 119.26343335462509
75 88.4392807989858
76 48.30230667864731
77 98.55611044611659
78 113.28426693948578
79 52.25897055088811
80 100.49500723346854
81 98.50205658896209
82 37.68421162164936
83 23.5647625258467
84 74.77709236937744
85 60.36174071075473
86 69.21192786884288
87 85.4535117493027
88 27.61109165041953
89 54.198051260699515
90 77.53326502891717
91 61.55386593810653
92 34.82726385412951
93 90.6700993305071
94 107.77372116355716
95 60.39553179511971
96 54.48187749767591
97 107.08497484208753
98 27.19060747483471
99 25.51976564516483
100 90.05279662447455
101 52.3929202344824
102 56.07079516024196
103 46.705215524196106
104 26.070169183160058
105 111.70515761836978
106 26.48499854403792
107 108.87467877791751
108 83.37762740846642
109 46.16749362594372
110 64.1897296309525
111 29.564740267945595
112 94.44212176183956
113 62.401729949958515
114 68.75322660323172
115 63.281622913113836
116 30.4781165724625
117 67.23084471962972
118 74.89181521390618
119 31.63305905191087
120 21.62454641005635
121 108.03276715407578
122 114.03828218605048
123 71.817345541219
124 99.01060632456446
125 46.821507788722144
126 59.324056230004956
127 82.86714896982829
128 53.26909213196472
129 67.03333510925805
130 29.442087581104595
131 88.98707837252651
132 47.90364424195708
133 65.99950085309075
134 47.26752200739578
135 32.39039982087746
136 47.88894865748548
137 43.216065197420235
138 97.6483893052622
139 54.23170458368402
140 23.98055526577781
141 54.775142475763
142 105.43868860011166
143 21.548740984298192
144 71.43367861080904
145 67.70087713989051
146 59.63144137836988
147 110.5680004950153
148 38.17795031224698
149 114.43734356639816
150 42.35936994599726
151 62.29512871994558
152 91.967808262635
153 117.36446716624133
154 82.56610321779688
155 85.00253307527956
156 68.62580174456886
157 25.97196275959081
158 43.31088556536777
159 90.04304774832006
160 34.21880655186539
161 85.20021658017298
162 68.95498081406468
163 112.35989786105047
164 62.854737184268366
165 32.46090371532491
166 63.88808396217303
167 85.12960235998499
168 78.76007498441597
169 102.97910612377848
170 47.98823128065612
171 109.16586006090486
172 36.39612155677111
173 108.35251683237158
174 35.66883679161872
175 82.02888592563798
176 115.59456393875989
177 41.602296419852706
178 115.15166167443999
179 29.22606629526791
180 90.0406198280848
181 53.49400234840295
182 62.51464605281644
183 110.45618990064511
184 86.90465363208773
185 39.53596957932892
186 111.09873994463148
187 57.54093817087856
188 93.02081703291205
189 74.81636614174461
190 111.01796670442772
191 37.50372554908509
192 78.733935393265
193 34.719088528215764
194 55.80215263201417
195 24.1973622416001
196 104.38352770135005
197 43.56260807220356
198 23.611899627860648
199 104.94845449884106
0 1
0 24
0 26
0 38
0 42
0 83
0 89
0 95
0 108
0 114
0 136
0 137
0 145
0 154
0 157
0 195
1 2
1 36
1 85
1 108
1 114
1 128
1 147
1 158
1 160
1 170
2 3
2 23
2 41
2 47
2 57
2 90
2 100
2 124
2 143
2 145
2 177
2 178
2 196
3 4
3 5
3 42
3 64
3 68
3 72
3 81
3 84
3 93
3 94
3 105
3 156
3 174
3 184
4 5
4 12
4 24
4 25
4 39
4 60
4 82
4 88
4 91
4 96
4 101
4 104
4 108
4 124
4 137
4 149
4 152
4 170
4 176
4 198
5 6
5 11
5 23
5 53
5 67
5 76
5 77
5 81
5 87
5 96
5 114
5 117
5 120
5 137
5 146
5 193
6 7
6 58
6 66
6 68
6 76
6 83
6 91
6 100
6 118
6 151
6 168
6 173
7 8
7 22
7 28
7 29
7 38
7 64
7 69
7 80
7 143
7 168
7 190
7 192
8 9
8 15
8 22
8 49
8 65
8 79
8 94
8 100
8 106
8 125
8 138
8 141
8 146
8 150
8 151
8 176
8 177
8 181
9 10
9 46
9 55
9 61
9 76
9 98
9 103
9 110
9 113
9 138
9 164
10 11
10 49
10 50
10 65
10 67
10 75
10 96
10 98
10 116
10 126
10 128
10 131
10 133
10 146
10 150
10 193
11 12
11 17
11 19
11 36
11 50
11 76
11 86
11 165
11 166
11 176
11 180
12 13
12 15
12 41
12 51
12 69
12 70
12 86
12 99
12 114
12 117
12 123
12 126
12 139
12 188
13 14
13 20
13 45
13 61
13 66
13 76
13 80
13 94
13 158
13 170
14 15
14 32
14 35
14 58
14 72
14 81
14 83
14 86
14 103
14 105
14 110
14 123
14 132
14 142
14 148
14 153
14 166
14 186
14 197
15 16
15 22
15 35
15 43
15 58
15 120
15 148
15 158
15 174
15 175
15 178
15 179
15 180
15 188
15 199
16 17
16 19
16 33
16 38
16 40
16 41
16 46
16 51
16 59
16 63
16 71
16 102
16 151
16 153
16 156
16 169
16 193
17 18
17 19
17 60
17 76
17 82
17 90
17 95
17 121
17 127
17 141
17 191
18 19
18 36
18 66
18 69
18 92
18 101
18 132
18 133
18 159
18 178
18 179
18 188
18 193
19 20
19 22
19 38
19 47
19 89
19 108
19 119
19 126
19 131
19 155
19 170
19 175
19 186
20 21
20 29
20 31
20 43
20 72
20 88
20 96
20 107
20 110
20 113
20 174
20 175
21 22
21 27
21 35
21 49
21 54
21 73
21 74
21 81
21 86
21 98
21 99
21 100
21 104
21 114
21 116
21 119
21 120
21 133
21 145
21 146
21 147
21 183
21 189
21 197
21 199
22 23
22 28
22 42
22 57
22 59
22 71
22 88
22 89
22 98
22 108
22 124
22 128
22 159
22 199
23 24
23 28
23 32
23 34
23 36
23 47
23 69
23 101
23 121
23 127
23 141
23 148
23 170
23 188
23 192
24 25
24 50
24 60
24 89
24 92
24 95
24 110
24 134
24 136
24 142
24 147
24 169
24 192
24 196
25 26
25 39
25 55
25 57
25 82
25 143
25 146
25 163
25 169
25 186
25 193
26 27
26 34
26 38
26 50
26 104
26 105
26 110
26 128
26 149
26 155
26 193
27 28
27 41
27 44
27 46
27 66
27 70
27 72
27 107
27 113
27 120
27 128
27 139
27 147
27 150
27 163
27 170
27 174
27 188
28 29
28 33
28 76
28 86
28 109
28 120
28 130
28 147
28 149
28 181
28 182
29 30
29 36
29 48
29 59
29 89
29 108
29 123
29 127
29 147
29 170
29 187
29 191
30 31
30 52
30 56
30 57
30 101
30 116
30 146
30 151
30 173
30 187
30 196
31 32
31 47
31 80
31 108
31 111
31 158
31 160
31 186
32 33
32 41
32 67
32 74
32 81
32 90
32 92
32 102
32 113
32 137
32 144
32 147
32 160
32 165
32 171
32 172
32 176
32 179
33 34
33 71
33 77
33 115
33 161
33 185
33 196
34 35
34 40
34 84
34 89
34 99
34 109
34 125
34 127
34 153
34 162
34 182
34 199
35 36
35 39
35 41
35 43
35 52
35 58
35 66
35 78
35 83
35 90
35 93
35 112
35 127
35 130
35 131
35 160
35 173
35 183
35 185
36 37
36 43
36 48
36 62
36 74
36 76
36 78
36 86
36 115
36 118
36 124
36 136
36 144
36 145
36 153
36 172
37 38
37 41
37 43
37 66
37 102
37 104
37 106
37 119
37 126
37 127
37 157
37 168
37 170
37 178
38 39
38 83
38 89
38 90
38 110
38 121
38 166
38 181
38 196
39 40
39 69
39 87
39 88
39 96
39 97
39 102
39 132
39 146
39 191
40 41
40 65
40 82
40 88
40 106
40 111
40 121
40 153
40 162
40 169
40 170
40 171
40 173
40 189
41 42
41 49
41 61
41 65
41 70
41 98
41 107
41 114
41 124
41 153
41 186
41 196
41 197
41 199
42 43
42 45
42 68
42 78
42 85
42 99
42 100
42 102
42 107
42 116
42 179
42 195
43 44
43 54
43 75
43 80
43 86
43 93
43 104
43 113
43 133
43 153
43 167
44 45
44 50
44 58
44 61
44 68
44 73
44 92
44 106
44 115
44 145
44 160
44 176
44 185
44 187
45 46
45 47
45 49
45 96
45 102
45 103
45 122
45 126
45 128
45 141
45 166
45 179
45 190
45 192
45 195
46 47
46 60
46 63
46 67
46 83
46 92
46 99
46 101
46 141
46 143
46 144
46 165
46 169
46 182
46 185
47 48
47 77
47 101
47 107
47 108
47 119
47 136
47 177
48 49
48 51
48 55
48 76
48 77
48 113
48 118
48 129
48 162
48 166
48 177
48 189
49 50
49 57
49 66
49 77
49 104
49 129
49 162
49 171
50 51
50 69
50 82
50 116
50 120
50 127
50 140
50 156
50 160
50 172
50 179
50 186
50 195
51 52
51 85
51 87
51 92
51 101
51 118
51 137
51 138
52 53
52 65
52 70
52 115
52 154
52 163
52 179
52 183
53 54
53 136
53 152
53 153
53 158
54 55
54 78
54 80
54 100
54 102
54 109
54 130
54 154
54 164
54 166
54 190
54 193
55 56
55 62
55 95
55 115
55 122
55 133
55 140
55 157
55 161
55 182
55 190
56 57
56 71
56 84
56 85
56 101
56 114
56 145
56 148
56 155
56 161
56 175
57 58
57 86
57 87
57 120
57 129
57 151
57 152
57 165
57 167
57 170
57 173
58 59
58 66
58 73
58 83
58 103
58 132
59 60
59 63
59 71
59 90
59 93
59 95
59 109
59 148
59 190
59 196
60 61
60 65
60 73
60 79
60 80
60 82
60 84
60 89
60 95
60 102
60 114
60 141
60 146
60 162
60 168
60 176
60 181
60 187
61 62
61 75
61 82
61 90
61 160
61 171
61 178
61 193
62 63
62 73
62 90
62 106
62 112
62 115
62 122
62 135
62 143
62 162
62 166
62 168
62 183
62 189
63 64
63 71
63 86
63 88
63 100
63 120
63 127
63 131
63 153
63 155
63 177
63 191
63 192
63 197
64 65
64 69
64 80
64 90
64 92
64 99
64 100
64 104
64 105
64 111
64 116
64 124
64 130
64 131
64 183
65 66
65 70
65 83
65 84
65 104
65 116
65 134
65 164
65 180
65 191
65 192
65 195
66 67
66 70
66 78
66 96
66 97
66 118
66 122
66 131
66 167
66 174
66 188
67 68
67 75
67 77
67 91
67 96
67 108
67 117
67 136
67 151
67 156
67 193
67 195
67 196
68 69
68 71
68 77
68 86
68 91
68 100
68 137
68 141
68 158
68 169
68 173
68 187
69 70
69 77
69 96
69 101
69 136
69 156
69 160
69 177
70 71
70 72
70 81
70 102
70 107
70 110
70 126
70 138
70 159
70 164
70 168
70 173
70 175
70 190
70 192
71 72
71 80
71 87
71 99
71 102
71 113
71 115
71 118
71 119
71 122
71 124
71 154
71 156
71 160
71 161
71 165
71 171
71 176
71 180
72 73
72 78
72 96
72 98
72 99
72 116
72 129
72 130
72 156
72 157
72 165
72 171
73 74
73 83
73 112
73 121
73 159
73 191
73 197
74 75
74 102
74 105
74 114
74 129
74 136
74 140
74 171
74 189
74 198
75 76
75 87
75 92
75 124
75 134
75 139
75 169
75 184
76 77
76 79
76 94
76 118
76 119
76 133
76 138
76 145
76 151
76 161
76 168
76 182
77 78
77 79
77 81
77 97
77 99
77 127
77 132
77 142
77 154
77 159
77 160
77 166
77 179
77 182
78 79
78 96
78 128
78 132
78 133
78 137
78 161
78 174
78 182
78 199
79 80
79 89
79 111
79 122
79 132
79 159
79 170
79 175
79 184
79 187
80 81
80 90
80 95
80 98
80 99
80 115
80 143
80 148
80 153
80 172
80 176
80 180
80 184
81 82
81 86
81 100
81 109
81 184
81 193
82 83
82 88
82 99
82 103
82 114
82 137
82 172
82 190
83 84
83 97
83 120
83 125
83 129
83 130
83 146
83 151
83 195
84 85
84 90
84 104
84 119
84 120
84 130
84 145
84 152
84 167
84 178
85 86
85 91
85 92
85 103
85 109
85 121
85 124
85 126
85 137
85 154
85 170
85 187
85 188
85 192
85 195
85 197
86 87
86 95
86 105
86 112
86 122
86 124
86 139
86 157
86 160
87 88
87 105
87 109
87 122
87 126
87 148
87 159
87 162
87 199
88 89
88 134
88 142
88 146
88 162
88 185
88 187
88 189
89 90
89 98
89 101
89 112
89 128
89 130
89 140
89 149
89 177
89 186
90 91
90 97
90 121
90 122
90 126
90 129
90 135
91 92
91 95
91 116
91 120
91 142
91 150
91 162
91 188
91 197
91 199
92 93
92 98
92 121
92 151
92 156
92 159
92 162
92 165
92 169
92 195
93 94
93 105
93 120
93 125
93 134
93 140
93 144
93 145
93 169
93 180
94 95
94 140
94 160
94 180
95 96
95 99
95 100
95 124
95 130
95 179
95 189
95 197
95 199
96 97
96 113
96 120
96 128
96 150
96 181
96 190
97 98
97 142
97 156
97 191
98 99
98 127
98 137
98 142
98 144
98 146
98 165
98 175
98 198
99 100
99 102
99 153
99 174
99 186
99 188
100 101
100 104
100 134
100 157
100 163
100 181
100 183
101 102
101 107
101 126
101 136
101 140
101 167
101 170
101 180
101 186
101 195
101 196
102 103
102 132
102 155
102 163
102 173
103 104
103 119
103 157
103 163
103 169
104 105
104 110
104 117
104 127
104 144
104 150
104 160
104 169
104 175
104 179
104 197
105 106
105 150
105 159
105 182
106 107
106 133
106 134
106 147
106 153
106 157
106 183
106 186
107 108
107 152
108 109
108 115
108 128
108 149
108 158
108 167
108 185
109 110
109 155
110 111
110 113
110 143
110 156
110 162
110 167
110 173
110 193
111 112
111 131
111 142
111 147
111 151
111 156
111 173
112 113
112 131
112 155
112 161
113 114
113 130
113 149
113 184
113 190
114 115
114 117
114 125
114 135
114 140
114 149
114 184
115 116
115 118
115 162
115 199
116 117
116 128
116 139
116 161
116 162
116 175
117 118
117 134
117 141
117 146
117 148
117 154
117 161
117 167
118 119
119 120
119 121
119 126
119 138
119 145
119 156
119 171
120 121
120 130
120 163
120 172
120 179
120 184
121 122
121 123
121 135
121 194
121 199
122 123
122 136
122 152
123 124
123 138
123 139
123 145
123 146
123 179
123 191
123 192
124 125
124 145
124 150
124 164
125 126
125 151
125 152
125 187
125 198
126 127
126 135
126 151
126 159
126 167
126 169
127 128
127 131
127 136
127 140
127 159
127 162
127 167
127 172
127 191
128 129
128 144
128 167
128 199
129 130
129 156
129 157
129 198
130 131
130 144
130 154
130 166
131 132
131 140
131 166
131 167
131 183
131 186
132 133
132 177
132 186
133 134
133 148
133 166
133 177
133 189
134 135
134 167
134 186
134 189
134 190
134 196
135 136
135 143
135 144
135 158
135 171
135 175
135 181
136 137
136 177
136 185
136 196
136 198
137 138
137 160
137 163
137 172
137 182
137 192
138 139
138 141
138 142
138 147
138 148
138 161
138 170
138 188
138 193
138 195
138 197
139 140
139 164
139 166
139 188
139 189
139 198
140 141
140 163
140 179
140 180
141 142
141 143
141 161
141 167
141 172
141 182
141 191
142 143
142 178
142 183
142 192
143 144
143 155
143 157
143 159
143 177
143 188
144 145
144 146
144 152
144 157
144 190
144 196
144 197
145 146
145 147
145 161
145 192
146 147
146 152
146 156
146 165
146 183
146 184
146 194
147 148
147 179
147 181
147 185
148 149
148 151
148 159
148 166
148 172
148 198
149 150
149 179
149 183
149 196
150 151
150 154
150 155
150 169
150 185
151 152
151 196
152 153
152 167
152 171
152 194
152 196
152 199
153 154
153 160
153 166
153 177
154 155
154 179
155 156
155 164
155 179
155 186
155 189
155 199
156 157
156 174
156 183
157 158
157 169
157 195
158 159
158 163
158 177
158 182
158 193
159 160
159 161
159 192
159 197
160 161
160 166
160 170
160 174
160 180
160 190
160 194
160 198
161 162
161 172
161 197
162 163
162 166
162 192
162 193
162 196
163 164
163 183
164 165
164 166
164 172
164 194
165 166
165 179
165 199
166 167
166 172
166 178
166 192
166 198
167 168
167 169
167 174
167 176
167 178
168 169
168 176
168 183
168 196
169 170
169 171
169 188
170 171
170 179
170 187
171 172
172 173
173 174
173 181
173 183
174 175
174 184
174 195
175 176
175 186
176 177
176 187
176 195
177 178
177 191
178 179
179 180
179 184
180 181
181 182
182 183
182 189
183 184
183 196
184 185
184 195
185 186
186 187
186 188
186 191
186 193
187 188
187 194
188 189
189 190
190 191
190 194
191 192
192 193
192 198
192 199
193 194
194 195
194 199
195 196
196 197
197 198
198 199
