0 80.43737030255355
1 30.100563328872425
2 76.99030114539235
3 87.12060332549261
4 108.34016231360083
5 45.42212662541863
6 45.947708130111
7 60.11500828668729
8 62.93104905649224
9 32.10214038494502
10 103.54921045216565
11 35.482844045140055
12 52.96369629052806
13 95.19478368656397
14 76.92337588289757
15 69.707555339933
16 58.598984012838514
17 46.807284189994675
18 107.32198187217168
19 23.85116557814698
20 114.05611621507184
21 40.07788636118012
22 20.209011452302132
23 119.4508024953777
24 90.59800828231954
25 93.96434653045834
26 105.30455921656217
27 24.301938377198212
28 27.632299895525048
29 46.199461467015205
30 61.83575929394252
31 114.90875567895898
32 81.6820310020195
33 28.89913097822689
34 112.78192958700957
35 108.57344000460061
36 63.077671102154504
37 21.56234069426454
38 68.56136036451994
39 57.412576997463425
40 108.44483458534486
41 99.5813314949926
42 25.392262581645742
43 49.03031739751199
44 93.40967544840134
45 62.88416254285567
46 116.47057194695098
47 64.14429071777721
48 24.416637913174547
49 98.96075788294421
50 95.14249383001402
51 100.15171157299751
52 61.150833470532774
53 107.2774533876499
54 118.40978368996545
55 81.43950268742137
56 111.7800477013313
57 87.96394205130507
58 116.39092042353612
59 42.18369508742556
60 112.07898364139122
61 76.6604347264428
62 78.77152501986396
63 85.44971589686511
64 46.471005750877936
65 89.54178649596547
66 62.81248048865179
67 93.59664760526951
68 94.12035524850562
69 27.789160824808306
70 29.14441938374241
71 89.30490423279275
72 86.43038486375522
73 79.15885119687832
74 41.362325447325944
75 23.988180403750363
76 43.65109206784963
77 45.8016151862173
78 23.344261855425998
79 100.91695916031412
80 117.77184038520726
81 22.11493064471484
82 54.25328643156538
83 24.072247834373478
84 106.47283174578271
85 44.16440507920396
86 95.34181952184555
87 100.56461848417206
88 118.63154258836262
89 33.089507515694734
90 84.96291417715551
91 114.39506178320094
92 65.7279968381876
93 58.91266690379184
94 108.60297381162773
95 32.40051949408484
96 25.46541846910108
97 58.29975780288692
98 49.2856573554147
99 99.4184344849258
100 74.02040912486285
101 50.07380002226897
102 50.356864533335184
103 29.02099533003198
104 111.55954381279287
105 105.66269317783767
106 77.44584451207297
107 98.61119478985388
108 112.00683620952597
109 48.16567238390451
110 49.30761678716709
111 113.23924718686642
112 112.51926567226747
113 73.35207143239653
114 118.28708151073059
115 111.18925779031808
116 20.725131942375967
117 108.65991333352194
118 20.305308282381656
119 46.20249852807485
120 58.502743057255586
121 52.14072708476409
122 81.55368867181025
123 96.14502792335915
124 79.92454912819021
125 62.30091681695386
126 64.49177983093517
127 115.99378404463621
128 97.96447032844272
129 101.91890457085825
130 59.279800680328805
131 74.20672365183695
132 29.663903193240152
133 74.1711800590482
134 78.43694282430874
135 85.85896090234915
136 22.67444948969402
137 27.779269201822956
138 92.30176760950593
139 83.36824945156792
140 57.443152608013555
141 49.39361359323759
142 50.781163367217246
143 46.19961065979756
144 28.778616849781788
145 106.05916117244044
146 72.90945256638719
147 44.630262066238906
148 98.13408144455005
149 48.361436542471196
150 49.899401462087795
151 39.4724305761957
152 73.66616268002807
153 35.73077599690976
154 99.65209187364677
155 119.59304707193876
156 118.97564912032017
157 99.38626695348854
158 31.10268268282822
159 52.13572532181175
160 113.40934561390215
161 115.52986124366862
162 25.31431850915453
163 66.54180428428407
164 86.89969047228026
165 21.655081433937255
166 116.89256806578555
167 92.78367604130727
168 30.541457551321887
169 72.21355855648291
170 64.07794840730466
171 26.665016909566614
172 40.45254834936843
173 96.38662036670195
174 28.784203381705243
175 100.60894190333711
176 86.93853708840756
177 90.33803075237098
178 48.88522794629673
179 97.04648732668021
180 113.5782674778362
181 49.07787048263642
182 74.21362618257876
183 53.33428971319863
184 61.570471589218414
185 118.94647988678716
186 55.019086346011754
187 72.0716778934094
188 83.52902342982208
189 30.731282277395117
190 117.04489614097018
191 68.7538178977459
192 57.887117957717095
193 55.558199801921745
194 30.916066713758312
195 59.88899256295967
196 40.168320827187834
197 110.95331009513046
198 85.19272782076789
199 119.02443542162858
0 1
1 2
1 13
1 113
1 136
1 178
2 3
2 12
2 94
2 162
2 165
3 4
3 126
3 155
4 5
4 11
4 98
4 167
5 6
5 44
5 66
5 194
6 7
6 72
7 8
7 142
7 178
8 9
8 45
9 10
10 11
10 49
10 156
11 12
11 81
11 130
12 13
12 17
12 156
12 180
13 14
13 157
14 15
15 16
15 144
16 17
16 182
16 189
17 18
17 29
18 19
18 98
19 20
20 21
20 47
20 51
20 195
21 22
21 74
21 84
21 98
21 118
21 181
21 190
22 23
22 27
22 156
22 170
23 24
23 114
23 145
24 25
24 98
24 164
25 26
25 135
26 27
26 161
27 28
27 82
27 146
27 174
27 176
28 29
28 86
28 111
28 137
28 188
29 30
29 42
30 31
30 85
30 89
31 32
32 33
32 56
33 34
33 193
34 35
34 165
35 36
36 37
36 137
36 158
37 38
37 48
37 52
37 66
37 188
38 39
38 176
38 179
38 199
39 40
39 77
39 135
39 199
40 41
40 84
41 42
42 43
42 60
43 44
43 80
43 105
44 45
44 88
45 46
45 94
45 114
45 116
46 47
46 176
47 48
47 112
48 49
48 73
48 94
48 128
49 50
49 142
50 51
50 145
51 52
51 98
52 53
52 62
52 72
53 54
53 59
54 55
54 196
55 56
55 70
55 75
55 82
55 97
55 128
56 57
56 155
57 58
57 118
58 59
58 110
58 132
58 147
58 155
58 167
59 60
60 61
61 62
61 131
62 63
62 74
63 64
64 65
64 110
65 66
65 108
66 67
66 115
66 199
67 68
67 87
67 155
67 184
68 69
68 70
68 115
69 70
69 93
69 143
70 71
70 105
71 72
71 83
71 122
71 147
72 73
72 90
72 100
73 74
73 123
74 75
74 95
75 76
76 77
76 170
77 78
77 183
78 79
78 159
79 80
79 132
80 81
80 111
80 112
80 135
81 82
81 154
82 83
82 113
82 152
83 84
84 85
84 173
85 86
85 97
86 87
86 194
87 88
87 102
87 178
88 89
89 90
89 94
90 91
90 179
91 92
91 111
91 131
92 93
93 94
93 169
94 95
95 96
95 192
96 97
96 128
96 139
97 98
98 99
98 113
99 100
99 122
100 101
100 161
100 162
101 102
102 103
103 104
103 182
104 105
104 143
105 106
105 125
106 107
107 108
107 126
107 149
107 196
108 109
108 156
109 110
110 111
110 117
111 112
111 163
112 113
113 114
114 115
114 199
115 116
116 117
117 118
117 127
117 176
118 119
118 137
118 162
119 120
119 156
119 170
120 121
121 122
122 123
123 124
123 190
124 125
125 126
125 136
126 127
126 178
126 182
127 128
127 179
128 129
128 141
128 168
129 130
129 137
130 131
130 152
131 132
131 142
132 133
133 134
133 155
134 135
135 136
136 137
137 138
138 139
139 140
140 141
141 142
141 169
142 143
143 144
143 150
144 145
144 164
145 146
146 147
147 148
148 149
149 150
150 151
151 152
152 153
153 154
153 167
154 155
154 188
154 192
155 156
156 157
157 158
158 159
159 160
159 181
160 161
161 162
162 163
163 164
164 165
165 166
165 184
166 167
166 176
167 168
168 169
169 170
169 197
170 171
171 172
171 188
171 194
172 173
172 189
173 174
174 175
174 185
175 176
176 177
177 178
178 179
179 180
180 181
181 182
182 183
182 198
183 184
184 185
185 186
186 187
186 191
187 188
188 189
189 190
190 191
191 192
191 195
192 193
193 194
194 195
195 196
196 197
197 198
198 199
