0 60.44764445227489
1 20.947274866706138
2 82.67754757370233
3 21.811269768024314
4 57.26058034313883
5 78.36308278050878
6 61.64307563323101
7 39.705003975876735
8 106.52071707786801
9 112.73139026055061
10 81.47345052308245
11 92.25123722378764
12 105.64601662670395
13 97.0898033490465
14 46.97360355898742
15 88.26890077165531
16 65.41411873082981
17 24.232398308924267
18 116.0933413831464
19 93.25543987192195
20 31.356721049062447
21 91.46900802924378
22 102.17465444303993
23 87.22506024550856
24 41.451650771797404
25 118.76244500125097
26 28.391821865919212
27 116.31462698726268
28 74.58347345378218
29 64.99279128313417
30 90.85706382070013
31 38.111427608300424
32 67.77860702308737
33 28.289342187414896
34 61.96219245349668
35 95.91092302394952
36 31.88108724162491
37 90.68711100050398
38 118.74935757607692
39 95.49154386431044
40 75.12026548494686
41 94.80630576413748
42 112.45162712228499
43 99.4974551127816
44 51.93190892351222
45 20.819521365538034
46 104.8167819857161
47 99.14915132727202
48 90.42928738402895
49 65.66284146986993
50 84.42544750101858
51 70.75561153787389
52 116.08103277052254
53 113.26341103896094
54 41.937198725346406
55 75.38071764753509
56 81.43766413628323
57 24.497482246893625
58 27.046077905763127
59 114.02047095913589
60 32.158882505245586
61 68.65934425732787
62 31.899510660763838
63 107.77647418249471
64 88.12882933712342
65 64.412908648379
66 45.83232714263313
67 32.76510494228167
68 95.1067527467045
69 97.51416838875693
70 104.49021458095858
71 102.88060216785823
72 107.14555624449537
73 35.03416444473427
74 112.76461502927667
75 60.03431963992524
76 92.92098375985603
77 61.37845648949317
78 55.43370571632368
79 101.12120200996968
80 20.149279474391083
81 20.090533924723545
82 22.001776859869466
83 43.718502677624066
84 61.43132571403396
85 57.24299086890551
86 62.95197862882359
87 108.4006620204293
88 82.14645168867708
89 27.161732695982266
90 63.47505407891603
91 74.55815971487712
92 116.42919803884239
93 39.29481820934562
94 67.70933069051017
95 48.73704477689033
96 110.79757324972493
97 96.22902839930033
98 111.62492301505172
99 69.76981493057879
100 116.66138592576158
101 97.17358448364429
102 25.907707521857695
103 63.347134998419975
104 42.7244974260735
105 58.67191259391969
106 51.546355784040024
107 50.18386362822504
108 36.20488179914656
109 34.86871225417067
110 70.29829735136298
111 106.5617455126231
112 47.831675200642906
113 103.35097375582968
114 89.80816893744952
115 73.78499831125119
116 49.73841454993964
117 119.39809953896592
118 38.875018883288085
119 113.96395724041153
120 117.65691767881363
121 31.417544217533365
122 22.212050240914387
123 113.5458791252422
124 59.22636914037042
125 93.40891400474734
126 56.01551932074669
127 43.14083687649543
128 68.76734238306511
129 106.49081196946085
130 55.75691692328865
131 92.44461115780823
132 115.53065650929983
133 70.84114006561069
134 75.83529658363128
135 112.43934916967336
136 27.216097077706372
137 31.842969406445025
138 107.07423675879153
139 113.55670470827255
140 113.46620583910146
141 59.79450107600094
142 22.520600366542958
143 88.11702014698403
144 85.07550729382551
145 111.23304896124269
146 24.5998945429382
147 48.112110075229204
148 63.81566966111697
149 81.73936278777283
150 87.40569403872496
151 95.27800038551304
152 45.062270255254916
153 75.03006315705778
154 106.74826587173399
155 69.40797838720124
156 70.81900119459216
157 81.21227378752415
158 67.56014618726427
159 52.98516886747841
160 94.27029592713731
161 78.2660848649465
162 113.35412921369992
163 45.46775120032805
164 68.65349067083963
165 45.13672747733957
166 55.651747961665706
167 58.938876603498144
168 73.02685886608292
169 102.25987263207455
170 92.64799697287934
171 28.337211761860996
172 95.41991631224496
173 75.90981100088251
174 115.85069298356674
175 74.11296385414133
176 29.88765786821237
177 116.45168208211197
178 71.03054198093523
179 102.90813419100851
180 108.15042726524227
181 87.39534877477287
182 105.54063460614843
183 82.73868217216209
184 78.7864135664631
185 82.08989135053626
186 77.91171129235852
187 83.16013292852956
188 67.35376721821865
189 117.96414418736902
190 27.60226846288143
191 28.027140939415304
192 99.3546389714149
193 104.41004057793575
194 102.88015976247188
195 68.71135839237144
196 44.613485060737545
197 79.72199641529158
198 23.035034973595597
199 49.020908875794916
0 1
0 175
1 2
1 64
1 80
2 3
2 104
3 4
3 9
3 22
3 53
3 130
3 180
4 5
4 27
4 37
4 114
5 6
5 183
6 7
6 173
6 185
7 8
8 9
8 66
9 10
9 113
10 11
11 12
12 13
13 14
13 156
13 196
14 15
14 135
15 16
15 55
15 146
16 17
16 149
17 18
17 128
17 142
17 194
18 19
18 23
18 74
19 20
19 137
19 190
20 21
20 94
20 180
21 22
21 92
21 103
21 117
21 123
22 23
22 68
23 24
23 77
23 124
23 139
24 25
24 153
24 167
24 172
25 26
25 29
25 71
25 148
26 27
26 102
27 28
27 45
27 112
27 119
27 137
28 29
28 138
29 30
30 31
30 68
30 70
30 103
30 116
31 32
32 33
32 71
33 34
33 130
33 176
34 35
35 36
35 47
35 87
35 100
36 37
37 38
38 39
38 73
38 135
38 168
39 40
39 114
40 41
40 146
40 192
41 42
42 43
43 44
43 73
43 86
43 126
44 45
44 193
45 46
45 135
46 47
46 145
46 164
47 48
48 49
48 72
49 50
49 176
50 51
50 190
51 52
51 74
51 176
52 53
52 60
52 63
52 156
53 54
53 109
54 55
55 56
55 103
55 128
55 189
56 57
56 132
57 58
57 75
57 159
58 59
58 89
59 60
59 61
59 120
60 61
60 112
61 62
61 79
61 128
61 158
61 169
62 63
62 122
63 64
63 121
63 139
64 65
64 146
64 197
65 66
65 79
66 67
66 181
67 68
67 188
68 69
68 86
68 108
68 172
69 70
69 112
69 115
69 126
69 178
70 71
70 108
70 114
71 72
71 129
71 161
72 73
72 137
72 190
72 198
73 74
73 146
73 198
74 75
75 76
75 88
75 95
75 188
76 77
76 106
77 78
77 133
77 190
78 79
78 137
78 164
78 171
79 80
80 81
80 91
80 139
80 144
81 82
81 92
81 94
81 157
81 183
82 83
82 149
83 84
83 122
83 130
84 85
85 86
85 89
85 94
85 193
86 87
86 145
87 88
88 89
88 182
89 90
89 129
90 91
90 145
90 167
91 92
92 93
92 112
92 183
93 94
94 95
94 125
94 174
95 96
95 180
96 97
96 120
97 98
97 103
97 142
98 99
99 100
99 110
99 182
100 101
100 153
101 102
101 185
102 103
102 194
103 104
104 105
104 135
104 164
105 106
105 134
105 144
105 179
106 107
106 111
106 196
107 108
107 150
108 109
108 193
109 110
110 111
111 112
112 113
113 114
114 115
115 116
116 117
117 118
117 171
118 119
119 120
119 160
119 185
120 121
121 122
121 125
121 166
122 123
122 180
123 124
124 125
124 156
124 183
125 126
125 160
125 177
125 181
126 127
126 187
127 128
127 130
128 129
128 194
129 130
129 160
130 131
130 181
131 132
131 168
132 133
133 134
134 135
135 136
135 163
135 173
136 137
137 138
138 139
138 160
139 140
140 141
141 142
142 143
143 144
143 161
144 145
144 181
145 146
146 147
146 163
147 148
147 192
148 149
149 150
150 151
151 152
152 153
153 154
154 155
154 196
155 156
156 157
157 158
158 159
159 160
160 161
161 162
162 163
163 164
164 165
165 166
165 174
166 167
167 168
168 169
169 170
170 171
171 172
172 173
173 174
174 175
175 176
176 177
177 178
178 179
178 183
179 180
179 189
180 181
180 197
181 182
182 183
183 184
184 185
185 186
186 187
187 188
188 189
189 190
190 191
191 192
192 193
192 198
193 194
194 195
195 196
196 197
197 198
198 199
