0 41.92825446680466
1 115.38220645095343
2 69.19867510561798
3 27.154827347086947
4 106.53175081281528
5 116.29010168698844
6 52.261109679007994
7 83.29520901422981
8 46.7083135536088
9 50.57024323812108
10 94.87766468185953
11 69.68220349843196
12 38.149133371421925
13 67.93740637839153
14 90.65846162029611
15 95.73248655947096
16 35.00296016435887
17 36.198123229220606
18 62.39033988074803
19 64.9103228624563
20 27.266525702817653
21 55.49815165547573
22 50.28938519556511
23 36.45280329008823
24 57.2937204166483
25 24.03258857880041
26 48.216501666945625
27 108.6154113378104
28 87.98029491900407
29 118.9912268226705
30 41.78973565875003
31 56.79058032261618
32 107.46595961399933
33 96.4531236545799
34 46.1747567869164
35 113.85580843893871
36 75.60602336710161
37 107.01080154850185
38 63.30747769376693
39 37.23679864262033
40 65.99974389842629
41 70.09585407103623
42 78.40054383236863
43 67.425013248624
44 34.022809794951144
45 49.29418336311727
46 93.80799097653205
47 46.067929816085844
48 46.096497081653936
49 23.380489513274387
50 54.67011221810278
51 28.254177717255573
52 38.336174764029046
53 53.368015372048234
54 55.23313422758547
55 93.24466397796647
56 33.75706008209801
57 104.56097072397631
58 27.336075378078675
59 30.654696971407247
60 36.37518909891841
61 94.41349635195463
62 103.27968850033902
63 54.97101267611241
64 37.82680845096013
65 101.94038901155393
66 114.14015687581204
67 80.29151239416947
68 117.53948029789477
69 92.49120741895949
70 31.562805292845965
71 69.3044628689887
72 91.023421258441
73 82.89087516014715
74 86.16875594832065
75 55.77774659244094
76 62.511679814514416
77 96.26617006584769
78 98.93011673595743
79 28.20775891034451
80 67.9629516080176
81 33.319013433604034
82 43.21697576664616
83 53.7813091104237
84 52.351005622841136
85 117.37380097006569
86 114.69206713559534
87 116.43297764337436
88 111.19980173554298
89 54.21746339798157
90 23.826704424326564
91 40.5340808286566
92 40.48356160265067
93 84.56733994002187
94 41.534159629852184
95 72.62849206398289
96 81.29625072594033
97 96.94336090092351
98 22.264403112716963
99 97.63432261335335
100 116.10498333719762
101 111.78740522575383
102 100.87669437498246
103 73.05947004924303
104 71.93714450977255
105 43.86417720716286
106 109.70422204191328
107 75.03290944985756
108 112.51107369970319
109 99.2942845989588
110 90.44765104280296
111 63.332505845833005
112 56.10537307565892
113 66.01162029449327
114 81.88204715717094
115 89.09404084038744
116 38.87203919469677
117 112.00361121304661
118 48.83433302176009
119 88.51505540145794
120 54.33376616750378
121 114.3842148411469
122 80.48613173718586
123 28.62102497459226
124 38.96595031380222
125 104.16602147234136
126 26.779382145755577
127 97.04024417677782
128 41.04903165745119
129 26.539199298161655
130 60.54993157034853
131 56.737786708035266
132 105.38705698866966
133 84.53142678475533
134 49.98682232118248
135 118.7877147955566
136 30.023361158007457
137 55.11435199075933
138 101.11274191598487
139 21.51670952311199
140 102.74459059628202
141 41.13855230641535
142 83.20371628934653
143 42.73112414874771
144 104.94931141802647
145 49.92036452574991
146 81.4137959248872
147 113.24343841071884
148 78.36765454207287
149 69.87032016332773
150 30.343114011292464
151 44.542914841921416
152 86.15363300465754
153 50.24441244694471
154 69.88543688225229
155 31.209273963748675
156 64.03185797288472
157 75.9157369640839
158 30.41384338459761
159 39.546981777620175
160 49.4656078772928
161 69.00551682867746
162 98.21097700867247
163 47.92177940532177
164 97.22329241003027
165 42.2789025767701
166 34.0228478561847
167 61.409872918150505
168 38.25557108090423
169 75.40234749447438
170 117.71289467037354
171 83.6242181768416
172 115.45549318849842
173 84.47576496635448
174 70.21564175728355
175 91.96113384452659
176 34.659219143000534
177 107.69408166753954
178 60.33695367708106
179 29.014469885816368
180 102.15500560913534
181 35.55922837996043
182 38.4205260847746
183 92.53342994166793
184 81.0033304827042
185 72.75494266306475
186 51.49792855620579
187 79.0540161615034
188 87.63116565234606
189 30.613280654492474
190 85.26218845416648
191 112.21306998166915
192 67.4485354339075
193 114.04303764443685
194 47.05249191458119
195 65.75765241395578
196 33.64575613833953
197 84.85671936687528
198 51.01032324291775
199 73.3915552494895
0 1
0 17
0 28
0 29
0 67
0 74
0 98
0 115
0 123
0 142
0 165
0 169
0 171
0 183
0 185
0 189
1 2
1 8
1 9
1 17
1 26
1 29
1 35
1 51
1 58
1 81
1 90
1 119
1 141
1 148
1 154
1 160
1 166
1 167
1 168
1 174
1 175
1 177
1 187
1 191
1 197
2 3
2 20
2 33
2 34
2 49
2 51
2 54
2 58
2 107
2 133
2 141
2 142
2 156
2 172
2 182
2 188
3 4
3 13
3 38
3 56
3 61
3 63
3 64
3 79
3 85
3 111
3 119
3 144
3 166
3 168
3 171
3 172
3 180
3 182
3 191
3 194
4 5
4 7
4 14
4 37
4 54
4 66
4 78
4 79
4 94
4 101
4 148
4 163
5 6
5 12
5 18
5 43
5 44
5 70
5 79
5 89
5 94
5 96
5 98
5 108
5 116
5 127
5 135
5 143
5 156
5 175
5 185
6 7
6 10
6 59
6 88
6 98
6 127
6 144
6 151
6 157
6 167
6 168
6 173
6 194
6 195
6 196
7 8
7 16
7 18
7 20
7 24
7 27
7 49
7 54
7 59
7 61
7 63
7 77
7 82
7 84
7 86
7 89
7 117
7 124
7 129
7 148
7 166
7 172
7 183
7 190
8 9
8 22
8 40
8 44
8 49
8 76
8 78
8 119
8 122
8 127
8 141
8 170
8 177
8 195
9 10
9 14
9 21
9 40
9 69
9 72
9 99
9 104
9 106
9 129
9 150
9 153
9 160
9 162
9 197
10 11
10 20
10 29
10 51
10 53
10 56
10 63
10 82
10 92
10 116
10 122
10 125
10 129
10 131
10 139
10 143
10 165
10 181
10 182
10 192
11 12
11 33
11 62
11 65
11 72
11 85
11 88
11 90
11 100
11 101
11 103
11 110
11 128
11 141
11 154
11 155
11 156
11 168
11 185
12 13
12 23
12 31
12 34
12 38
12 64
12 70
12 71
12 83
12 108
12 110
12 113
12 129
12 164
13 14
13 18
13 24
13 30
13 39
13 43
13 53
13 67
13 90
13 93
13 95
13 127
13 131
13 132
13 140
13 151
13 159
13 179
14 15
14 33
14 35
14 54
14 65
14 89
14 107
14 111
14 127
14 147
14 168
14 170
14 183
14 185
15 16
15 57
15 87
15 91
15 94
15 124
15 131
15 149
15 153
15 165
15 169
15 181
15 189
15 190
16 17
16 19
16 21
16 23
16 43
16 74
16 79
16 85
16 100
16 116
16 119
16 127
16 129
16 135
16 156
16 160
16 162
16 164
16 165
16 170
16 188
16 189
17 18
17 26
17 36
17 67
17 73
17 76
17 85
17 112
17 132
17 162
17 164
17 165
17 178
17 181
17 196
17 198
18 19
18 26
18 27
18 34
18 39
18 40
18 52
18 75
18 76
18 91
18 93
18 95
18 135
18 168
18 184
18 193
19 20
19 32
19 48
19 61
19 69
19 106
19 110
19 132
19 155
19 160
19 162
19 164
19 169
20 21
20 36
20 41
20 59
20 61
20 69
20 73
20 113
20 117
20 129
20 134
20 139
20 141
20 148
20 157
20 184
20 194
20 196
21 22
21 25
21 29
21 34
21 40
21 44
21 60
21 63
21 64
21 65
21 72
21 79
21 113
21 119
21 124
21 135
21 137
21 160
21 181
22 23
22 34
22 44
22 48
22 64
22 66
22 68
22 74
22 81
22 95
22 97
22 100
22 107
22 117
22 128
22 142
22 170
23 24
23 31
23 48
23 52
23 55
23 56
23 62
23 72
23 76
23 80
23 81
23 87
23 112
23 164
24 25
24 31
24 38
24 54
24 57
24 64
24 74
24 89
24 90
24 104
24 118
24 121
24 127
24 133
24 134
24 150
24 155
24 157
24 160
24 164
24 165
24 174
24 183
24 194
24 198
25 26
25 27
25 30
25 36
25 41
25 77
25 108
25 111
25 114
25 122
25 132
25 135
25 180
25 196
26 27
26 31
26 33
26 34
26 35
26 37
26 44
26 50
26 59
26 78
26 111
26 119
26 122
26 142
26 155
26 158
26 163
26 176
26 183
26 187
26 195
27 28
27 31
27 34
27 36
27 54
27 56
27 61
27 64
27 72
27 84
27 104
27 127
27 135
27 141
27 146
27 157
27 175
27 185
27 195
28 29
28 30
28 49
28 84
28 90
28 91
28 97
28 111
28 112
28 115
28 124
28 132
28 133
28 141
28 156
28 157
28 163
28 165
28 166
28 180
28 184
28 195
28 196
29 30
29 41
29 57
29 64
29 70
29 80
29 97
29 99
29 102
29 103
29 108
29 125
29 126
29 137
29 168
29 185
29 187
30 31
30 33
30 45
30 73
30 112
30 118
30 161
30 166
30 167
30 168
30 172
30 175
30 188
30 194
31 32
31 35
31 42
31 76
31 88
31 104
31 112
31 120
31 124
31 172
31 179
32 33
32 36
32 37
32 42
32 61
32 63
32 64
32 68
32 75
32 81
32 88
32 90
32 114
32 116
32 130
32 133
32 134
32 135
32 140
32 158
32 159
32 167
32 169
32 176
32 179
32 182
33 34
33 54
33 60
33 69
33 86
33 87
33 88
33 90
33 93
33 99
33 102
33 136
33 172
33 174
33 178
33 195
34 35
34 51
34 55
34 59
34 62
34 63
34 69
34 102
34 131
34 141
34 151
34 163
34 164
34 169
34 176
34 183
35 36
35 51
35 61
35 77
35 79
35 82
35 84
35 128
35 130
35 138
35 178
35 188
35 192
35 193
35 194
36 37
36 47
36 65
36 99
36 104
36 113
36 124
36 134
36 158
36 185
36 192
36 195
37 38
37 63
37 70
37 80
37 85
37 96
37 114
37 116
37 148
37 149
37 169
37 189
37 190
37 194
38 39
38 42
38 74
38 102
38 104
38 111
38 120
38 130
38 136
38 160
38 162
38 169
38 186
38 188
38 195
39 40
39 93
39 118
39 124
39 135
39 165
40 41
40 49
40 69
40 80
40 88
40 123
40 124
40 127
40 140
40 149
40 165
40 182
40 188
40 199
41 42
41 59
41 69
41 72
41 81
41 95
41 122
41 125
41 127
41 131
41 144
41 149
41 170
41 189
41 190
42 43
42 48
42 59
42 65
42 73
42 98
42 102
42 103
42 114
42 134
42 136
42 155
42 170
42 172
42 175
42 179
42 188
42 196
43 44
43 51
43 62
43 65
43 79
43 83
43 98
43 102
43 108
43 111
43 112
43 118
43 130
43 141
43 178
44 45
44 46
44 52
44 73
44 97
44 107
44 109
44 116
44 123
44 133
44 145
44 153
44 179
44 180
44 182
44 185
44 194
44 195
44 199
45 46
45 55
45 67
45 68
45 82
45 85
45 104
45 127
45 147
45 151
45 154
45 165
45 177
45 180
46 47
46 52
46 68
46 84
46 102
46 118
46 121
46 127
46 135
46 148
46 153
46 161
46 164
46 180
47 48
47 51
47 80
47 88
47 110
47 111
47 120
47 140
47 149
47 166
47 190
48 49
48 62
48 66
48 68
48 73
48 80
48 95
48 113
48 119
48 120
48 128
48 134
48 137
48 145
48 147
48 149
48 151
48 152
48 174
48 182
48 183
49 50
49 55
49 60
49 82
49 91
49 109
49 117
49 131
49 132
49 138
49 139
49 163
50 51
50 60
50 98
50 110
50 132
50 143
50 157
50 166
50 173
50 174
50 178
50 199
51 52
51 67
51 74
51 98
51 103
51 107
51 112
51 128
51 144
51 146
51 162
51 174
51 177
52 53
52 68
52 79
52 91
52 133
52 146
52 151
52 159
52 161
52 180
52 184
53 54
53 57
53 71
53 79
53 83
53 91
53 92
53 96
53 106
53 117
53 126
53 128
53 133
53 143
53 148
53 157
53 183
53 198
54 55
54 64
54 67
54 96
54 101
54 107
54 113
54 114
54 118
54 119
54 120
54 126
54 134
54 142
54 163
54 175
54 193
54 198
55 56
55 69
55 75
55 77
55 80
55 87
55 101
55 121
55 132
55 163
55 173
55 177
55 190
56 57
56 66
56 89
56 99
56 106
56 108
56 114
56 126
56 137
56 154
56 156
56 189
57 58
57 65
57 69
57 102
57 116
57 119
57 127
57 154
57 162
57 176
57 189
58 59
58 64
58 68
58 74
58 90
58 122
58 127
58 130
58 136
58 142
58 148
58 154
58 158
58 160
58 165
58 166
58 179
58 195
58 196
59 60
59 67
59 70
59 73
59 157
59 159
59 163
59 188
60 61
60 69
60 71
60 73
60 89
60 118
60 138
60 142
60 146
60 154
60 165
60 193
61 62
61 63
61 72
61 96
61 103
61 116
61 121
61 127
61 130
61 131
61 156
61 166
61 171
61 183
62 63
62 67
62 84
62 93
62 103
62 106
62 107
62 137
62 140
62 148
62 165
62 181
62 196
63 64
63 85
63 95
63 105
63 107
63 120
63 134
63 140
63 156
63 157
63 159
63 160
63 171
63 173
63 183
64 65
64 93
64 98
64 110
64 111
64 115
64 116
64 117
64 120
64 123
64 124
64 133
64 138
64 139
64 150
64 152
64 153
64 187
64 191
64 192
65 66
65 73
65 86
65 91
65 103
65 126
65 172
65 173
65 187
65 193
66 67
66 75
66 88
66 93
66 96
66 103
66 133
66 135
66 155
66 158
66 162
66 173
66 174
66 184
67 68
67 70
67 76
67 79
67 84
67 101
67 109
67 115
67 120
67 135
67 143
67 173
67 183
67 185
67 193
67 195
68 69
68 70
68 72
68 84
68 85
68 90
68 111
68 120
68 131
68 135
68 160
68 193
69 70
69 74
69 76
69 95
69 105
69 108
69 122
69 148
69 161
69 175
70 71
70 80
70 86
70 93
70 103
70 114
70 115
70 121
70 123
70 125
70 127
70 132
70 137
70 155
70 163
71 72
71 74
71 101
71 105
71 108
71 123
71 136
71 143
71 167
71 183
71 187
72 73
72 79
72 80
72 81
72 83
72 92
72 93
72 94
72 97
72 122
72 128
72 134
72 136
72 138
72 154
72 168
72 185
73 74
73 75
73 82
73 83
73 96
73 107
73 118
73 119
73 138
73 146
73 155
73 160
73 170
73 171
73 178
73 184
73 186
74 75
74 77
74 88
74 95
74 100
74 113
74 124
74 132
74 160
74 180
74 198
75 76
75 81
75 87
75 90
75 96
75 104
75 105
75 124
75 150
75 162
75 164
75 165
75 178
75 182
75 186
75 187
75 193
75 194
75 198
76 77
76 95
76 123
76 138
76 139
76 140
76 154
76 166
76 167
76 175
76 180
76 188
77 78
77 83
77 115
77 120
77 135
77 157
77 167
77 170
77 196
77 199
78 79
78 104
78 139
78 145
78 151
78 174
78 186
78 189
79 80
79 81
79 85
79 101
79 112
79 113
79 128
79 131
79 137
79 150
79 158
79 173
79 176
79 181
80 81
80 84
80 85
80 88
80 92
80 114
80 124
80 126
80 135
80 144
80 145
80 181
80 191
80 195
81 82
81 88
81 105
81 106
81 113
81 114
81 124
81 130
81 150
81 151
81 159
81 160
81 168
81 170
81 175
81 180
81 187
81 188
82 83
82 88
82 93
82 109
82 111
82 113
82 130
82 132
82 135
82 148
82 171
82 187
82 197
82 198
82 199
83 84
83 92
83 93
83 106
83 136
83 167
83 170
83 194
84 85
84 86
84 101
84 102
84 112
84 117
84 134
84 143
84 150
84 153
84 158
84 163
84 177
84 184
84 188
85 86
85 99
85 103
85 111
85 124
85 140
85 173
85 190
85 195
85 196
86 87
86 90
86 91
86 93
86 97
86 105
86 114
86 118
86 140
86 152
86 155
86 173
86 179
86 186
87 88
87 93
87 94
87 96
87 107
87 115
87 124
87 134
87 153
87 163
87 165
88 89
88 95
88 96
88 117
88 119
88 152
88 161
88 169
88 171
88 173
88 174
88 181
88 184
88 187
88 191
88 192
89 90
89 92
89 179
89 189
89 196
90 91
90 103
90 104
90 105
90 116
90 126
90 150
90 158
90 170
90 183
90 187
90 195
91 92
91 102
91 116
91 127
91 130
91 145
91 157
91 159
91 183
92 93
92 97
92 99
92 101
92 127
92 157
92 178
92 184
92 186
92 197
93 94
93 108
93 113
93 116
93 130
93 131
93 132
93 133
93 152
93 162
93 175
93 184
94 95
94 97
94 109
94 113
94 117
94 130
94 131
94 134
94 152
94 159
94 163
94 164
94 166
94 167
94 188
95 96
95 98
95 101
95 110
95 117
95 125
95 128
95 156
95 174
95 199
96 97
96 112
96 128
96 145
96 150
96 163
96 169
96 174
96 176
96 177
96 185
97 98
97 99
97 104
97 124
97 126
97 139
97 168
97 179
98 99
98 112
98 117
98 118
98 119
98 124
98 142
98 155
98 157
98 162
98 183
99 100
99 101
99 104
99 128
99 153
99 158
99 191
100 101
100 136
100 181
100 192
101 102
101 109
101 127
101 153
101 167
101 168
101 199
102 103
102 104
102 107
102 110
102 123
102 124
102 125
102 133
102 135
102 149
102 151
102 156
102 162
102 181
102 182
103 104
103 160
103 168
103 174
104 105
104 110
104 114
104 115
104 136
104 145
104 149
104 161
104 162
104 177
104 190
105 106
105 115
105 121
105 122
105 130
105 133
105 134
105 140
105 148
105 166
105 173
105 175
105 176
105 185
106 107
106 110
106 120
106 122
106 123
106 131
106 132
106 138
106 139
106 140
106 141
106 144
106 154
106 157
106 161
106 163
106 168
106 169
106 173
106 183
106 190
107 108
107 129
107 143
107 161
107 181
107 191
107 196
108 109
108 111
108 114
108 122
108 130
108 139
108 161
108 169
108 183
108 184
109 110
109 122
109 140
109 179
109 182
109 192
109 195
110 111
110 117
110 131
110 136
110 139
110 153
110 155
110 156
110 195
111 112
111 121
111 122
111 129
111 141
111 159
111 160
111 172
111 181
111 196
111 199
112 113
112 125
112 135
112 166
112 180
112 197
113 114
113 118
113 120
113 125
113 134
113 139
113 147
113 152
113 170
113 198
113 199
114 115
114 126
114 127
114 179
115 116
115 124
115 132
115 146
115 169
116 117
116 125
116 138
116 168
116 172
116 194
116 197
117 118
117 120
117 131
117 156
117 173
117 197
118 119
118 120
118 141
118 154
118 160
118 194
119 120
119 132
119 162
119 165
119 167
119 169
119 196
119 197
120 121
120 135
120 162
120 164
120 191
120 197
121 122
121 130
121 137
121 144
121 162
121 174
121 175
121 191
122 123
122 126
122 139
122 154
122 156
122 173
122 180
122 187
123 124
123 136
123 167
123 176
123 181
123 184
123 196
124 125
124 131
124 142
124 159
124 193
124 196
124 197
125 126
125 127
125 132
125 157
125 159
125 160
125 174
125 190
125 192
126 127
126 154
126 169
126 196
127 128
127 135
127 150
127 153
127 168
127 174
127 183
127 189
128 129
128 147
128 153
128 156
128 159
128 175
128 179
128 181
129 130
129 135
129 136
129 139
129 148
129 151
129 152
129 170
129 173
129 175
129 179
129 185
129 197
129 198
129 199
130 131
130 143
130 157
130 178
130 186
131 132
131 145
131 153
131 163
131 164
131 189
132 133
132 143
132 149
132 175
132 189
132 190
132 199
133 134
133 142
133 147
133 160
133 179
133 185
133 196
134 135
134 138
134 160
134 163
135 136
135 144
135 154
135 161
135 170
135 180
136 137
136 140
136 153
136 154
136 160
136 169
136 189
136 199
137 138
137 152
137 157
137 169
137 181
138 139
138 152
139 140
139 147
139 159
140 141
140 143
140 151
140 162
140 175
141 142
141 149
141 153
141 169
141 187
142 143
142 150
142 152
142 153
142 160
142 163
142 166
142 168
142 174
142 176
142 181
142 184
143 144
143 147
143 149
143 157
143 161
144 145
144 149
144 162
144 169
144 178
144 181
144 187
144 189
145 146
145 157
145 159
145 165
145 167
145 180
145 194
145 199
146 147
146 149
146 153
146 155
146 164
146 169
146 182
146 190
147 148
147 149
147 157
147 162
147 166
147 170
147 198
148 149
148 161
148 168
148 194
149 150
149 154
149 156
149 163
149 166
149 189
150 151
150 157
150 167
150 172
150 173
150 181
150 185
150 187
150 194
150 197
151 152
151 161
151 174
151 185
151 191
152 153
152 173
152 175
152 187
153 154
153 159
153 167
153 175
153 182
153 184
153 185
153 189
153 194
154 155
154 157
154 159
154 165
154 166
154 194
155 156
155 163
155 185
155 196
156 157
156 163
156 164
156 166
156 169
156 173
156 174
156 178
156 188
157 158
157 162
157 174
157 183
157 185
157 190
157 192
157 196
158 159
158 162
158 188
158 189
159 160
159 165
160 161
160 168
160 176
160 181
160 190
160 199
161 162
161 168
161 175
161 177
161 183
161 188
161 192
162 163
162 166
163 164
163 167
163 169
163 174
163 183
163 186
163 191
163 195
164 165
164 179
164 181
165 166
165 167
165 174
165 185
165 190
165 197
166 167
166 172
167 168
167 187
167 198
168 169
168 172
168 194
169 170
169 173
169 177
170 171
170 185
170 190
171 172
171 179
171 190
172 173
172 175
172 179
172 199
173 174
173 176
173 184
173 185
173 199
174 175
175 176
175 178
175 194
175 195
175 198
176 177
176 189
177 178
178 179
178 182
179 180
179 184
179 189
180 181
181 182
181 190
182 183
182 199
183 184
184 185
185 186
185 198
186 187
186 192
187 188
187 198
188 189
189 190
189 192
190 191
190 199
191 192
191 198
192 193
192 197
192 199
193 194
193 195
194 195
195 196
196 197
197 198
198 199
