0 71.15777817501606
1 36.0431221248166
2 94.39661583879254
3 64.98882569353111
4 80.52534421734346
5 43.02070129824938
6 35.87772088985339
7 34.58003392977824
8 56.0016381978734
9 21.908895520425567
10 94.63471738561009
11 110.00679760861739
12 94.05140058361403
13 95.93249839908184
14 79.69633013214238
15 20.48370051885771
16 26.169647614150254
17 82.09485727332515
18 118.97026659900853
19 105.14433329144227
20 51.406049640832514
21 37.384929463848266
22 119.78008653969144
23 112.59846309255026
24 74.95782152835386
25 77.57887021942011
26 93.87057768177885
27 108.98614049782746
28 91.13983487183489
29 61.36385241433518
30 66.09852345341176
31 107.61776717340696
32 92.88836317403107
33 86.51563096697619
34 106.43593438796412
35 26.355482627951925
36 111.92741479929607
37 101.99038410650006
38 73.447997031883
39 25.082702869738696
40 93.82442213680052
41 100.0451732704985
42 34.06810879613572
43 74.92499455325023
44 90.38457421121178
45 115.88030778813753
46 29.27754984033851
47 63.32691864828027
48 108.18078826232284
49 28.80083951982705
50 88.2074939226056
51 44.655851977461516
52 86.48901837076858
53 28.523249428367173
54 54.21620451942847
55 104.69522278552458
56 90.49615596406755
57 83.00733722448106
58 75.65445108242375
59 119.20596904699227
60 96.37052774225432
61 20.072267552387174
62 31.317283412468544
63 51.67650195061178
64 113.63259550838018
65 114.05950519639266
66 105.99052096225478
67 53.447774128531265
68 37.23613607380974
69 50.934467314795924
70 105.03540851693897
71 100.59154502193792
72 46.86784438502475
73 30.47242493751303
74 98.6151075086215
75 26.236261565879474
76 74.19593991605387
77 52.55325885800984
78 115.95178136423156
79 84.47645448949075
80 40.14603671425379
81 26.093486289212546
82 67.9132664592739
83 112.56789690108154
84 23.755165909539006
85 33.77289229576326
86 62.26338750765478
87 41.802213428509496
88 61.75252030642554
89 83.46705551594471
90 90.07022922785562
91 44.27101600235105
92 93.73812999709986
93 78.17589458362508
94 104.05173788868152
95 92.67107177002472
96 61.678353248188785
97 40.242333273411916
98 80.04826640247757
99 53.368355933579004
100 44.40969328736914
101 32.784030930763144
102 51.346768664649815
103 29.130365302416642
104 57.94013782689355
105 31.51507373050257
106 32.24154168493836
107 117.25231106926016
108 80.55986586185952
109 113.51342123029755
110 102.00155423621048
111 51.244388661238915
112 68.12079633323492
113 45.993757510644045
114 103.3245687268407
115 49.81357836665854
116 109.31716548705815
117 77.7744229866031
118 20.393409609190265
119 105.56494840743284
120 33.39691451629198
121 58.88084129306727
122 40.80988518149739
123 107.6637771034078
124 23.456360917250343
125 39.606925373004756
126 72.96704800503554
127 107.64122117646964
128 107.31828926846539
129 29.359738579446077
130 85.8305944258377
131 105.59270475719444
132 94.96621792538916
133 27.74165472235609
134 61.63541083269829
135 55.20955119418442
136 106.60529364848877
137 75.57812987949134
138 103.66338107556932
139 60.40082849182196
140 88.64289637417914
141 111.97814576969887
142 21.053771116078238
143 63.70379351538758
144 46.22969656507544
145 65.01823670439555
146 20.507620200425585
147 107.24764933938808
148 30.47459187777512
149 48.26997820443579
150 70.7827639977278
151 80.72685590746923
152 106.04454203373689
153 83.14467773827508
154 70.03623330141147
155 57.65654673851199
156 90.58306813108977
157 117.90791720499534
158 38.35596105915287
159 61.12402412839866
160 101.22873650520565
161 68.22054828202873
162 78.23387742926509
163 93.31676808549187
164 65.48770251437551
165 61.19157762998844
166 94.26759961010701
167 109.29873469720474
168 53.81195886375353
169 25.182336124353114
170 40.03813615226755
171 114.82314339118152
172 69.4576590125777
173 30.980236382732677
174 64.89611721482446
175 20.41140747348808
176 87.54550359587705
177 56.46428140672088
178 66.29929055697926
179 89.49417107401437
180 69.71782819346018
181 116.51343422982734
182 114.37908696137023
183 77.10194030423182
184 93.38472015641459
185 72.66285994722975
186 104.57433079439673
187 67.40909745027409
188 25.274138598245315
189 112.89195359269436
190 111.45520448711109
191 83.37654138439663
192 37.848624014838464
193 70.931946181122
194 62.2708273333015
195 59.804630736632554
196 114.12390536580153
197 36.60984712038072
198 22.288936422588662
199 42.299453160793135
0 1
0 27
0 33
0 37
0 67
0 77
0 79
0 81
0 84
0 108
0 123
0 140
1 2
1 3
1 15
1 63
1 79
1 82
1 86
1 88
1 137
1 149
1 175
1 192
2 3
2 20
2 58
2 81
2 112
2 114
2 128
2 181
3 4
3 63
3 67
3 76
3 84
3 104
3 109
3 124
3 145
3 177
3 178
3 188
3 195
4 5
4 6
4 20
4 43
4 51
4 52
4 86
4 90
4 92
4 140
4 148
5 6
5 17
5 28
5 70
5 75
5 78
5 110
5 125
5 128
5 130
5 159
5 163
5 175
6 7
6 12
6 24
6 29
6 75
6 97
6 119
6 135
6 149
6 170
7 8
7 42
7 62
7 80
7 107
7 121
7 166
7 168
7 170
7 193
7 196
8 9
8 10
8 86
8 123
8 138
8 179
8 181
9 10
9 14
9 21
9 35
9 38
9 42
9 45
9 59
9 62
9 65
9 81
9 86
9 109
9 114
9 124
9 128
9 146
9 149
9 165
9 194
9 195
10 11
10 50
10 124
10 131
10 151
10 157
11 12
11 62
11 73
11 85
11 135
11 175
12 13
12 19
12 63
12 102
12 103
12 146
12 187
12 194
13 14
13 17
13 26
13 38
13 41
13 56
13 81
13 94
13 98
13 136
13 154
13 173
14 15
14 18
14 68
14 69
14 87
14 90
14 115
14 122
14 140
14 154
14 156
14 158
14 195
14 197
15 16
15 61
15 127
15 133
15 134
15 192
16 17
16 27
16 46
16 55
16 61
16 73
16 75
16 81
16 91
16 146
16 162
16 184
17 18
17 30
17 48
17 57
17 72
17 129
17 156
17 176
17 179
17 186
18 19
18 25
18 57
18 80
18 85
18 96
18 120
18 150
18 152
18 161
18 171
19 20
19 46
19 61
19 83
19 110
19 115
19 116
19 119
19 125
19 162
19 185
19 192
19 194
20 21
20 38
20 62
20 69
20 82
20 95
20 101
20 124
20 133
20 154
20 155
20 168
20 179
20 183
20 189
21 22
21 41
21 67
21 88
21 94
21 132
21 133
21 142
21 153
21 157
21 161
21 182
21 196
22 23
22 92
22 95
22 143
22 168
22 180
23 24
23 53
23 60
23 61
23 63
23 96
23 118
23 120
23 132
23 141
23 142
23 186
24 25
24 28
24 35
24 42
24 55
24 93
24 102
24 109
24 148
24 166
24 194
25 26
25 30
25 46
25 65
25 67
25 108
25 110
25 114
25 117
25 133
25 138
25 175
25 176
26 27
26 34
26 51
26 73
26 77
26 95
26 102
26 113
26 135
26 166
26 178
27 28
27 35
27 52
27 65
27 85
27 87
27 100
27 112
27 133
27 138
27 144
27 157
27 179
27 186
28 29
28 41
28 58
28 124
28 125
28 129
28 142
28 168
28 187
29 30
29 64
29 68
29 88
29 130
29 134
29 135
29 154
29 159
29 166
29 167
29 194
30 31
30 52
30 70
30 83
30 87
30 88
30 117
30 136
30 140
30 170
30 173
30 174
30 199
31 32
31 49
31 74
31 91
31 115
31 117
31 124
31 132
31 140
31 183
31 184
32 33
32 38
32 50
32 65
32 91
32 99
32 114
32 151
32 168
32 196
33 34
33 61
33 88
33 129
34 35
34 42
34 62
34 64
34 72
34 96
34 113
34 148
34 160
34 193
35 36
35 86
35 98
35 111
35 116
35 121
35 126
35 136
35 142
35 152
35 156
35 167
35 188
36 37
36 57
36 81
36 103
36 163
36 180
36 187
36 199
37 38
37 65
37 139
37 146
37 158
38 39
38 66
38 90
38 113
38 151
38 173
39 40
39 71
39 73
39 76
39 82
39 110
39 114
39 120
39 140
39 181
39 182
39 196
40 41
40 69
40 118
40 120
40 137
41 42
41 47
41 50
41 73
41 81
41 124
41 127
41 135
41 155
41 187
42 43
42 81
42 86
42 93
42 96
42 97
42 144
42 153
42 154
42 170
42 175
42 183
42 193
42 194
43 44
43 64
43 99
43 101
43 105
43 125
43 132
43 141
43 142
43 174
44 45
44 49
44 122
44 143
44 160
44 193
45 46
45 56
45 59
45 119
45 127
45 135
46 47
46 54
46 59
46 123
46 196
47 48
47 67
47 100
47 122
47 149
47 154
47 180
48 49
48 53
48 63
48 121
48 131
48 167
48 192
49 50
49 54
49 61
49 66
49 67
49 117
49 142
49 160
49 184
49 189
49 191
50 51
50 62
50 101
50 121
50 145
50 161
50 175
50 186
51 52
51 83
51 85
51 116
51 129
52 53
52 57
52 67
52 69
52 79
52 116
52 167
52 176
53 54
53 57
53 58
53 74
53 106
53 118
53 145
53 152
53 159
53 167
53 175
54 55
54 83
54 92
54 100
54 126
54 173
54 187
55 56
55 62
55 98
55 101
55 113
55 122
55 124
55 131
55 134
55 137
55 157
55 164
55 198
56 57
56 67
56 85
56 94
56 98
56 99
56 169
57 58
57 71
57 89
57 96
57 100
57 105
57 111
57 122
57 128
57 147
57 170
57 182
58 59
58 70
58 121
58 130
58 132
58 143
58 168
58 170
58 183
58 191
59 60
59 62
59 89
59 92
59 126
59 133
59 138
59 146
59 176
59 177
59 188
59 193
60 61
60 120
60 121
60 134
60 138
60 170
60 173
60 179
60 198
61 62
61 65
61 68
61 114
61 182
62 63
62 100
62 127
62 129
62 130
62 141
62 155
63 64
63 85
63 102
63 126
63 131
63 159
63 164
63 172
63 175
64 65
64 109
64 139
64 186
64 191
65 66
65 75
65 120
65 154
66 67
66 69
66 71
66 94
66 140
66 149
66 155
66 169
66 198
67 68
67 83
67 85
67 121
67 127
67 149
67 153
67 176
67 198
68 69
68 72
68 100
68 109
68 112
68 136
68 148
68 194
69 70
69 86
69 103
69 111
69 116
69 125
69 186
69 196
70 71
70 111
70 129
70 132
70 162
70 180
70 183
71 72
71 89
71 90
71 94
71 95
71 104
71 130
71 152
71 153
71 169
72 73
72 76
72 94
72 101
72 110
72 119
72 132
72 135
72 178
72 188
72 195
73 74
73 75
73 151
73 169
73 174
73 197
74 75
74 77
74 98
74 112
74 139
74 195
74 199
75 76
75 90
75 96
75 106
75 134
75 145
75 148
75 165
76 77
76 99
76 120
76 139
76 161
76 171
77 78
77 83
77 127
77 146
77 152
77 175
77 180
77 183
77 187
77 198
78 79
78 91
78 102
78 108
78 145
78 150
78 178
78 190
78 195
79 80
79 88
79 89
79 93
79 100
79 127
79 143
79 146
79 199
80 81
80 93
80 130
80 154
80 171
80 184
80 188
81 82
81 94
81 108
81 109
81 120
81 143
81 154
81 156
81 157
81 195
82 83
82 92
82 153
82 169
83 84
83 121
83 151
83 181
83 182
83 194
84 85
84 93
84 100
84 113
84 165
84 175
84 180
84 197
85 86
85 143
85 153
85 166
85 176
85 187
86 87
86 89
86 172
86 187
86 190
87 88
87 113
87 115
87 120
87 134
87 140
87 151
87 159
87 172
87 174
87 179
87 182
87 193
88 89
88 92
88 97
88 112
88 167
88 199
89 90
89 96
89 113
89 114
89 134
89 140
89 187
90 91
90 98
90 162
90 171
90 173
90 174
90 185
91 92
91 131
92 93
92 96
92 101
92 105
92 106
92 119
92 139
93 94
93 145
93 152
93 174
94 95
94 97
94 120
94 121
95 96
95 98
95 108
95 111
95 124
95 143
95 156
95 163
95 178
95 188
95 199
96 97
96 114
96 166
96 168
97 98
97 183
97 191
98 99
98 153
98 174
98 182
98 188
98 195
99 100
99 117
99 163
99 169
99 170
100 101
100 102
100 104
100 118
100 125
100 132
100 145
100 147
100 152
100 177
100 178
100 193
101 102
101 103
101 126
101 138
101 152
101 158
101 183
102 103
102 106
102 121
102 128
102 130
102 160
102 176
102 179
102 183
103 104
103 106
103 110
103 111
103 143
103 166
103 174
104 105
104 107
104 130
104 153
104 199
105 106
105 118
105 120
105 138
105 184
106 107
106 137
106 139
106 147
106 163
107 108
107 114
107 126
107 135
107 137
107 155
107 176
108 109
108 131
108 137
108 142
108 177
108 178
108 181
108 191
108 194
109 110
109 112
109 129
109 133
109 151
109 170
109 185
110 111
110 149
110 156
110 167
110 190
111 112
111 143
111 149
111 150
111 163
111 181
111 186
111 193
112 113
112 122
112 134
112 142
112 162
112 177
112 181
113 114
113 150
113 186
114 115
114 137
114 151
115 116
115 118
115 145
115 159
116 117
116 130
116 150
116 165
117 118
117 158
117 178
118 119
118 140
118 189
118 197
119 120
119 136
119 138
119 153
119 179
120 121
120 127
120 139
120 157
120 171
120 172
120 173
120 194
120 197
121 122
121 150
121 158
121 167
121 177
121 188
121 192
122 123
122 128
123 124
123 137
123 184
123 189
124 125
124 146
124 159
125 126
125 130
125 148
125 162
125 193
126 127
126 192
127 128
127 149
127 160
128 129
128 132
128 136
128 180
129 130
129 140
129 166
129 186
129 191
130 131
130 179
130 184
130 189
130 191
130 197
131 132
131 148
131 167
131 193
132 133
132 152
132 176
133 134
133 135
133 139
133 140
134 135
134 139
134 144
134 187
135 136
136 137
136 141
136 144
136 175
136 183
136 184
136 194
137 138
137 189
138 139
138 148
139 140
139 167
139 191
140 141
140 148
141 142
142 143
143 144
143 175
143 176
143 197
144 145
144 175
144 189
145 146
145 164
145 184
145 186
146 147
146 185
147 148
147 167
148 149
148 187
149 150
149 151
149 190
149 192
150 151
150 180
150 182
150 192
151 152
151 157
151 181
152 153
152 156
153 154
153 168
153 198
154 155
154 188
154 191
155 156
155 164
155 177
156 157
157 158
157 199
158 159
158 164
158 177
159 160
160 161
160 180
161 162
161 169
161 175
161 187
162 163
162 177
162 186
162 199
163 164
164 165
164 173
164 188
165 166
165 170
165 186
166 167
166 175
166 184
167 168
167 187
167 196
168 169
168 197
169 170
169 195
170 171
170 186
171 172
171 175
172 173
172 176
173 174
174 175
175 176
175 185
176 177
177 178
178 179
178 186
179 180
179 198
180 181
180 190
180 195
181 182
182 183
182 190
183 184
184 185
184 194
184 196
185 186
186 187
187 188
188 189
188 197
189 190
189 197
189 199
190 191
190 194
191 192
192 193
192 199
193 194
194 195
195 196
196 197
197 198
198 199
