0 54.76018042465666
1 116.64863410267252
2 29.82139998820638
3 84.15635691307938
4 45.33416996271506
5 35.21795555696459
6 64.16472702832232
7 47.928803572895404
8 117.0108206227351
9 26.109682077656924
10 32.56907667913647
11 61.518097117638945
12 82.82514755363906
13 107.68750566198898
14 101.14147256353993
15 118.77184902939355
16 73.82321667881068
17 117.10332191247436
18 36.843084297542354
19 68.53730843744297
20 59.747894329544586
21 106.56370883623184
22 76.36418013066393
23 35.17486505651311
24 36.23927532130046
25 101.22595643480858
26 37.83365570630379
27 93.19530815882106
28 51.91710596055452
29 42.60370945014748
30 115.5761400950457
31 63.69972088088843
32 39.435161886707185
33 117.24108639406084
34 115.41484893265229
35 65.24223176745274
36 83.44521559544066
37 49.418134560857034
38 33.428527131411485
39 69.80224752113585
40 105.38084704027355
41 118.77929461612406
42 54.605922742492254
43 85.744261398496
44 70.06906187944297
45 49.03057146965243
46 49.50147370476654
47 113.9596559939782
48 22.40028754021353
49 102.22987556084054
50 76.7809783593957
51 100.82639083596654
52 43.63499761631957
53 104.69902599085553
54 57.45620907887663
55 42.18882500341921
56 76.39787631917301
57 25.21475603317365
58 72.6425552216487
59 76.25137551323364
60 105.00807676971831
61 23.88994701962505
62 50.8339824793497
63 40.09607322348589
64 93.51677666747526
65 91.03530101759003
66 52.974728972340536
67 54.47550292798378
68 77.67093253951569
69 99.29546892394269
70 34.01728675507691
71 44.59905847967684
72 78.99474077407463
73 99.48264964162509
74 58.19141522209265
75 100.82176561335103
76 59.27798197303994
77 100.7845072672609
78 71.8690929694169
79 32.46141968469272
80 61.9831086211023
81 89.40221323608881
82 92.69541908378014
83 70.41112646780289
84 93.43057357211423
85 56.178297547224716
86 56.56568006516628
87 29.780789677483327
88 81.09452415799254
89 23.402918658066
90 75.06394370459734
91 52.49243995902986
92 108.9387126107788
93 83.74103257351777
94 95.13868733325558
95 111.57079109589763
96 70.44505655543486
97 90.10189217410321
98 20.076116421271866
99 73.81168845704684
100 98.83498136968618
101 64.27620679669639
102 46.24202672833545
103 85.57767099911936
104 30.9563327555396
105 24.29513503223965
106 93.59817498326315
107 67.66114713064401
108 36.40627931627297
109 65.71931054507499
110 59.65927605567043
111 79.47216178325809
112 96.683296847831
113 70.44486739382265
114 106.34197007235525
115 40.24911803594463
116 50.50900863234179
117 58.117469815539465
118 97.06716250535642
119 75.55722187110473
120 30.933233034835364
121 39.87414018253952
122 37.51236174342911
123 91.03082522452334
124 107.43334874460788
125 81.8866857512226
126 37.57079108589197
127 62.13226085575688
128 111.94167144216907
129 37.05935054341244
130 104.35916377964983
131 68.6411331065258
132 71.58220279153447
133 57.237285098137896
134 96.52621923748099
135 95.6544958735996
136 92.87080683137111
137 55.41128803633671
138 118.64925307493121
139 69.06968660176646
140 42.23047830846329
141 47.65821118678953
142 111.1660061000647
143 92.8380446314058
144 45.89604872532696
145 67.93531670952858
146 96.0744809005778
147 107.71911966802547
148 88.63032753267339
149 115.35076449568052
150 71.54337273418959
151 96.83139068717095
152 25.146335239702914
153 63.16134178414654
154 109.61097560181832
155 21.986928504347585
156 30.727935849627045
157 31.502443949421004
158 100.31057867290865
159 86.6138316248523
160 108.26382689506309
161 101.73418472190409
162 102.84551455932436
163 86.01166719443505
164 37.757524760228726
165 29.291504713880826
166 109.84718016008783
167 23.751570309543474
168 101.34861344814672
169 94.0549610176992
170 104.28454080532481
171 44.22406283299505
172 41.978178006924026
173 112.51284266289525
174 90.25371957396015
175 55.654023355409905
176 117.05405374226773
177 24.3641388783168
178 108.66148499307447
179 95.34370268472782
180 89.81909241841315
181 57.71583990541952
182 106.72657621135016
183 119.47102114901878
184 60.598376399908275
185 71.65684407196565
186 116.25799269620357
187 83.4618762627123
188 77.69893587155354
189 72.7448150752536
190 109.82948844333471
191 115.77148026591166
192 83.45817104322283
193 102.82107942395078
194 46.25469911025495
195 77.85126436395288
196 44.78487593226569
197 99.57266881380741
198 87.17747518258834
199 46.14422187799536
0 1
0 25
0 45
0 78
0 107
1 2
1 65
1 70
1 79
1 93
1 114
1 118
1 157
1 162
1 183
2 3
2 8
2 51
2 54
2 82
2 86
2 87
2 90
2 108
2 113
2 123
2 124
2 133
2 161
2 165
3 4
3 21
3 38
3 63
3 77
3 110
3 113
3 114
3 140
3 147
3 156
3 163
3 169
4 5
4 12
4 24
4 35
4 51
4 80
4 88
4 95
4 114
4 198
5 6
5 7
5 17
5 47
5 98
5 115
5 190
6 7
6 40
6 41
6 71
6 83
6 87
6 100
6 109
6 129
6 147
6 150
7 8
7 13
7 23
7 29
7 49
7 57
7 61
7 71
7 92
7 182
8 9
8 26
8 68
8 89
8 92
8 108
8 120
8 126
8 127
8 138
8 141
8 151
8 179
9 10
9 65
9 68
9 70
9 113
9 124
9 156
9 157
9 173
10 11
10 14
10 95
10 99
10 128
10 135
10 140
10 185
11 12
11 46
11 58
11 92
11 109
11 143
12 13
12 29
12 41
12 56
12 59
12 73
12 125
12 139
12 148
12 186
13 14
13 27
13 28
13 85
13 126
13 176
13 198
14 15
14 23
14 62
14 116
14 121
14 132
14 148
15 16
15 27
15 34
15 49
15 72
15 89
15 96
15 103
15 107
15 108
15 117
15 144
15 152
15 158
15 165
16 17
16 19
16 28
16 49
16 68
16 110
16 154
16 168
17 18
17 23
17 27
17 46
17 85
17 93
17 137
17 148
17 152
18 19
18 34
18 37
18 58
18 74
18 80
18 138
18 153
18 163
18 175
18 194
19 20
19 37
19 67
19 75
19 98
19 104
19 146
20 21
20 26
20 40
20 68
20 77
20 120
20 123
20 133
20 186
20 199
21 22
21 30
21 104
21 131
21 137
21 164
21 169
21 173
21 175
21 180
21 182
22 23
22 27
22 33
22 49
22 78
22 82
22 87
22 101
22 148
22 177
22 187
23 24
23 73
23 94
23 96
23 141
23 149
24 25
24 81
24 107
24 118
24 170
24 189
24 193
25 26
25 35
25 46
25 47
25 67
25 86
25 92
25 152
25 171
25 173
26 27
26 64
26 89
26 132
26 133
26 143
27 28
27 35
27 51
27 69
27 71
27 76
27 115
27 122
27 139
27 146
27 169
28 29
28 42
28 46
28 49
28 53
28 71
28 92
28 107
28 111
28 112
28 120
28 123
28 138
28 175
28 184
29 30
29 61
29 77
29 94
29 97
29 146
29 149
29 152
29 156
29 164
29 187
29 195
30 31
30 42
30 48
30 54
30 89
30 93
30 114
30 130
30 139
30 161
30 162
31 32
31 39
31 50
31 62
31 78
31 96
31 104
31 132
31 173
31 187
32 33
32 96
32 105
32 158
33 34
33 35
33 42
33 80
33 82
33 106
33 116
33 137
33 158
33 198
33 199
34 35
34 49
34 56
34 57
34 97
34 100
34 106
34 109
34 116
34 121
34 139
34 171
34 191
35 36
35 47
35 74
35 84
35 158
35 164
36 37
36 59
36 73
36 89
36 115
36 123
36 142
36 174
36 194
37 38
37 53
37 63
37 81
37 86
37 126
37 143
37 166
37 194
37 195
38 39
38 66
38 72
38 80
38 82
38 106
38 121
38 161
39 40
39 42
39 76
39 89
39 125
39 139
39 145
39 148
39 187
39 190
39 196
40 41
40 42
40 47
40 84
40 99
40 122
40 130
40 140
40 147
40 173
40 174
40 196
41 42
41 53
41 67
41 79
41 99
41 105
41 118
41 147
41 159
41 164
41 171
42 43
42 50
42 52
42 63
42 82
42 131
42 133
42 134
42 136
42 161
42 189
43 44
43 50
43 52
43 64
43 123
43 132
43 151
44 45
44 65
44 106
44 128
44 147
44 185
45 46
45 88
45 110
45 112
45 146
45 165
46 47
46 104
46 110
46 127
46 170
47 48
47 68
47 93
47 96
47 115
47 140
47 157
47 186
48 49
48 52
48 69
48 77
48 143
48 170
48 177
48 184
49 50
49 59
49 111
49 115
49 121
49 124
49 128
49 165
50 51
50 73
50 77
50 94
50 114
50 135
50 140
50 145
50 148
50 170
51 52
51 90
51 111
51 123
52 53
52 73
52 111
52 133
52 167
52 169
52 177
52 192
53 54
53 81
53 115
53 127
53 179
53 190
53 194
54 55
54 56
54 57
54 63
54 73
54 88
54 148
54 149
54 150
54 163
54 181
55 56
55 74
55 116
55 134
55 146
55 156
55 158
55 160
55 161
55 186
56 57
56 78
56 114
56 118
57 58
57 74
57 78
57 80
57 84
57 109
57 123
57 124
57 128
57 129
57 191
58 59
58 69
58 82
58 83
58 104
58 147
58 161
58 168
58 176
58 183
59 60
59 82
59 90
59 101
59 112
59 125
59 126
59 151
59 156
59 169
59 172
60 61
60 94
60 107
60 117
60 145
60 150
60 176
60 185
60 186
60 194
61 62
61 68
61 71
61 91
61 123
61 141
61 179
61 185
62 63
62 78
62 112
62 134
62 136
62 141
62 149
62 159
62 160
62 166
62 184
62 187
63 64
63 70
63 100
63 103
63 138
63 151
63 197
64 65
64 81
64 114
64 128
64 129
64 136
64 163
65 66
65 70
65 74
65 90
65 93
65 108
65 126
65 132
65 142
65 147
65 181
65 183
65 187
66 67
66 74
66 83
66 105
66 117
66 118
66 124
66 157
66 162
66 176
66 199
67 68
67 80
67 108
67 118
67 158
67 171
67 178
67 179
67 184
67 185
67 191
67 192
68 69
68 78
68 88
68 102
68 104
68 107
68 119
68 121
68 182
68 184
68 186
69 70
69 76
69 78
69 102
69 172
69 176
70 71
70 117
70 122
70 149
70 162
70 164
71 72
71 80
71 81
71 92
71 100
71 106
71 110
71 194
72 73
72 105
72 110
72 114
72 127
72 128
72 136
72 142
72 171
72 180
72 199
73 74
73 76
73 90
73 122
73 123
73 152
73 167
73 179
73 193
73 198
74 75
74 76
74 91
74 99
74 116
74 179
74 194
75 76
75 77
75 105
75 144
75 149
75 152
75 165
75 198
76 77
76 112
76 130
76 152
76 171
76 186
77 78
77 91
77 153
77 166
77 172
77 177
77 184
78 79
78 103
78 152
78 163
78 184
78 188
78 189
79 80
79 106
79 127
79 128
79 155
79 172
79 186
80 81
80 85
80 87
80 88
80 109
80 128
81 82
81 108
81 129
81 144
81 161
81 169
81 170
82 83
82 140
82 162
82 164
83 84
83 86
83 117
83 139
83 149
83 158
83 170
83 181
84 85
84 157
84 198
85 86
85 111
85 113
85 125
85 141
85 142
85 160
85 162
85 167
85 179
86 87
86 126
86 155
86 166
86 175
86 181
86 182
87 88
87 89
87 96
87 121
87 139
87 147
87 167
87 169
87 172
87 178
87 188
87 191
87 195
88 89
88 102
88 117
88 126
88 135
88 141
88 174
89 90
89 110
89 136
89 148
89 164
90 91
90 129
90 141
90 152
90 163
90 167
91 92
91 98
91 103
91 127
91 186
92 93
92 103
92 121
92 132
92 177
92 191
93 94
93 126
93 127
93 129
93 150
93 173
94 95
94 127
94 191
94 196
95 96
95 161
95 169
96 97
96 141
96 142
97 98
97 119
97 161
97 171
97 179
98 99
98 113
98 140
98 142
98 154
98 164
98 174
98 178
98 197
98 199
99 100
99 110
99 119
99 152
99 165
99 199
100 101
100 104
100 122
100 149
100 170
100 172
100 181
101 102
101 107
101 150
101 158
102 103
102 123
102 129
102 165
102 171
102 174
103 104
103 110
103 122
103 129
103 199
104 105
104 117
104 126
105 106
105 138
105 180
106 107
106 138
106 162
107 108
107 135
107 147
107 150
107 158
107 169
107 179
107 198
108 109
108 118
108 133
108 162
108 163
109 110
109 152
109 160
109 166
110 111
110 143
111 112
111 132
111 157
111 196
112 113
112 124
112 134
112 140
112 144
112 147
112 156
112 164
112 182
113 114
113 120
113 133
113 137
113 144
113 157
113 169
113 179
114 115
114 130
114 148
114 183
115 116
116 117
116 144
116 149
116 170
117 118
117 129
117 145
117 158
117 160
118 119
118 122
118 158
118 164
118 175
119 120
119 124
119 150
119 153
119 176
119 177
120 121
120 123
120 131
120 145
120 165
120 174
120 181
120 187
120 192
121 122
121 125
121 186
122 123
122 133
122 146
122 156
122 159
122 167
122 175
123 124
123 140
123 142
123 146
123 174
123 178
124 125
124 138
124 169
124 178
124 187
125 126
125 131
125 149
125 157
125 164
125 169
125 194
125 196
126 127
126 137
126 160
126 165
126 166
126 184
126 198
127 128
127 157
127 185
128 129
128 145
128 188
129 130
129 135
129 154
129 168
129 175
130 131
130 154
130 170
130 176
130 189
130 198
131 132
131 133
131 135
131 136
131 141
131 154
131 167
132 133
132 134
132 141
132 172
132 185
132 196
133 134
133 145
133 168
133 177
133 178
134 135
134 139
134 141
134 143
134 155
134 173
134 178
135 136
135 155
136 137
136 143
136 155
136 162
136 176
136 181
137 138
137 139
137 144
137 147
137 180
138 139
138 150
138 157
138 162
138 177
138 196
139 140
139 154
139 160
139 183
140 141
140 161
140 190
141 142
141 153
141 159
141 164
141 174
142 143
142 155
142 166
142 175
143 144
143 156
143 171
143 172
143 188
144 145
144 175
144 184
144 199
145 146
145 151
145 156
145 160
145 161
146 147
146 148
146 157
146 197
147 148
147 196
148 149
148 154
148 168
149 150
149 151
149 162
150 151
150 182
150 183
151 152
151 156
151 176
151 189
152 153
152 165
153 154
153 170
153 176
154 155
154 180
155 156
155 158
155 173
156 157
156 194
157 158
157 196
158 159
158 183
159 160
159 176
159 183
159 185
159 187
160 161
160 183
161 162
161 198
162 163
162 168
163 164
163 166
163 169
163 193
164 165
164 183
164 194
164 197
165 166
166 167
166 175
167 168
167 180
167 183
168 169
168 182
169 170
169 198
170 171
170 172
170 179
171 172
171 180
171 187
172 173
172 185
172 186
172 196
173 174
173 178
173 194
174 175
174 195
175 176
175 198
176 177
176 185
177 178
178 179
178 196
179 180
179 195
180 181
181 182
181 195
182 183
182 191
182 192
182 198
182 199
183 184
183 185
183 191
184 185
185 186
185 188
186 187
186 192
187 188
188 189
188 190
188 193
189 190
190 191
190 194
191 192
192 193
193 194
194 195
195 196
196 197
197 198
198 199
