0 87.58173776107864
1 49.765121565106845
2 42.644817146444176
3 21.445907565390048
4 78.91531032166581
5 72.78372578615834
6 63.895372115958445
7 100.85785230247316
8 34.93684049923252
9 87.92829178900465
10 86.5285370233793
11 35.186583964286456
12 90.27355164356088
13 74.67350164459313
14 63.91242710986395
15 97.88994969916433
16 112.16331849014739
17 36.07255316975458
18 88.29811933050028
19 111.10537067683579
20 85.41409051086606
21 84.41060013474116
22 76.01679630446242
23 64.782636845553
24 20.086827774096566
25 84.94318477499698
26 49.10794663158066
27 24.60389590577477
28 76.99772395941449
29 88.09374464302037
30 60.4764244951504
31 44.270036333423036
32 29.6707370573723
33 101.6758155985453
34 84.77376268684112
35 32.986585327753495
36 33.031528255215775
37 29.02183605796454
38 50.42188259074061
39 67.36119251846824
40 48.91914990000949
41 26.34193303189491
42 119.54489313189971
43 78.42859864212477
44 86.40187704453157
45 113.20247869283786
46 32.04742205169484
47 89.14797235075663
48 50.91884326956249
49 103.70556511441197
50 117.67553290107755
51 25.471347273276525
52 60.429198535972574
53 112.76699150030964
54 45.618913756104156
55 74.96084979172261
56 79.03574069138443
57 31.831777936017183
58 25.060748893492715
59 20.936226870344857
60 38.96007746534322
61 61.432539433746314
62 92.05429092085006
63 37.263233724821646
64 70.28155200943189
65 34.187603116618455
66 118.20278565814334
67 89.1471777590487
68 34.51233776881221
69 61.15200379092875
70 54.84214289999817
71 48.67494748544616
72 62.866212144147354
73 86.87601661953975
74 82.7733173810058
75 100.35272412581918
76 32.98874375263193
77 44.09223608050773
78 72.06404894047705
79 81.51545658730214
80 78.95172627452632
81 57.64360692000011
82 69.03729579016849
83 75.23809540320983
84 118.47489384516574
85 59.081286679857065
86 118.28630542261683
87 49.257536962405915
88 98.62305606609577
89 38.302533669322244
90 96.40396499139476
91 113.41804710914806
92 106.63700953949736
93 76.6652774115527
94 81.08667068332889
95 50.28193335324315
96 66.09168342917516
97 77.20744691342145
98 104.37071743705178
99 58.801043468600916
100 40.23517647604616
101 31.915484720222036
102 41.98172805037877
103 39.32369048849435
104 94.14745737188228
105 43.42793000829326
106 72.12540301899216
107 39.71538107225391
108 25.267699295269303
109 49.12632716390758
110 96.52052024279826
111 77.00074914917833
112 57.87434776626797
113 79.25715193726961
114 54.07267980664814
115 46.687916645834804
116 111.26217563864797
117 117.54482464674682
118 73.31007290222402
119 32.81544728830899
120 93.64575853070023
121 22.697306328865213
122 103.55010112237
123 35.765992340783974
124 44.22893677193612
125 112.27217914868723
126 36.73841049131871
127 42.019539917599985
128 44.41499647973323
129 106.56249233260345
130 81.99949543777146
131 70.27321938472849
132 45.792459463810516
133 79.47811217932198
134 83.16072777260354
135 41.73338164960339
136 117.31652822801377
137 65.83965264960463
138 75.85930770608235
139 38.8897023265916
140 97.01637647733307
141 30.068554322326438
142 65.31429551694238
143 36.709866982365284
144 44.593659397422655
145 109.9481858773645
146 68.44350704304452
147 112.94736396973605
148 30.43773128555747
149 110.94734519438107
150 104.72778079134184
151 70.1337908414357
152 63.86825733813176
153 41.53887156230626
154 39.072698823971244
155 30.830983775353364
156 58.826060410265406
157 48.012535459770575
158 76.89056122036507
159 99.84721925090969
160 58.76812851597493
161 28.472728844823898
162 86.72305132491249
163 22.37557034142094
164 94.18298997335813
165 80.02794996960279
166 78.94766514205028
167 105.39151700211765
168 25.927696363729204
169 60.62042101336789
170 100.45866976013943
171 111.15069191530925
172 35.497896332275495
173 27.510611862476136
174 114.68598783314707
175 76.2566512489058
176 59.377591493762594
177 48.12285739967204
178 23.9130509406911
179 57.52240715204515
180 28.77533154507148
181 65.77465316792622
182 56.577385177181334
183 56.72839033097706
184 68.33879038389034
185 42.753586305220466
186 86.08522681928012
187 30.383399959745848
188 27.849773222273406
189 96.27236017825408
190 69.64428079405877
191 47.724032400452124
192 69.43690176790858
193 89.02363262622802
194 95.7162294012425
195 20.44195095847487
196 109.50336598354075
197 35.37295454315115
198 106.91340067070435
199 91.00728985864377
0 1
1 2
1 112
1 157
2 3
2 25
2 122
2 169
3 4
3 178
4 5
4 54
5 6
5 27
6 7
7 8
7 115
7 149
7 188
8 9
8 69
9 10
9 50
9 153
10 11
10 104
11 12
11 153
12 13
12 160
13 14
13 22
13 91
14 15
14 29
14 83
14 144
15 16
15 103
15 137
15 158
15 164
16 17
16 141
17 18
17 84
18 19
18 143
18 148
19 20
20 21
20 57
20 58
20 85
20 171
21 22
21 32
21 75
21 146
21 177
22 23
22 62
22 182
23 24
24 25
24 42
24 134
25 26
25 69
25 141
26 27
26 93
27 28
27 110
27 143
28 29
28 52
28 118
28 142
29 30
29 52
30 31
30 173
31 32
31 188
31 199
32 33
32 162
33 34
33 91
34 35
34 48
35 36
35 47
35 134
35 136
36 37
36 52
36 152
37 38
37 196
38 39
38 42
38 56
38 112
38 142
39 40
39 74
39 76
40 41
40 115
41 42
42 43
42 103
42 126
42 195
43 44
43 62
43 128
43 188
44 45
45 46
45 138
46 47
46 54
46 117
46 147
46 157
47 48
47 151
48 49
48 97
49 50
50 51
50 93
50 116
51 52
51 82
51 155
52 53
52 95
53 54
53 128
53 167
53 178
54 55
54 79
55 56
55 65
56 57
56 188
57 58
57 183
58 59
58 122
59 60
59 114
59 197
60 61
60 117
60 151
60 168
61 62
61 182
61 197
62 63
62 96
63 64
63 77
64 65
64 132
64 195
65 66
65 86
66 67
66 82
66 102
66 112
66 156
67 68
67 123
67 140
68 69
69 70
69 153
69 165
70 71
70 81
70 101
71 72
72 73
72 147
72 187
73 74
74 75
75 76
75 123
76 77
76 98
76 130
76 133
77 78
78 79
78 103
78 159
78 172
78 186
79 80
80 81
80 126
81 82
81 179
82 83
82 88
82 167
83 84
84 85
84 144
85 86
85 115
85 164
85 177
86 87
87 88
88 89
88 106
88 173
88 193
89 90
90 91
90 114
90 149
90 164
91 92
91 94
92 93
92 147
92 196
93 94
93 132
94 95
94 116
94 188
95 96
95 100
95 102
95 192
96 97
97 98
98 99
98 133
99 100
100 101
101 102
102 103
102 186
103 104
103 186
104 105
105 106
105 128
105 155
105 173
105 177
106 107
106 119
106 153
107 108
108 109
108 132
109 110
109 117
109 162
110 111
110 181
111 112
111 182
112 113
112 128
112 143
112 146
113 114
113 123
114 115
115 116
115 169
116 117
116 146
117 118
117 157
118 119
118 146
118 147
119 120
119 174
120 121
121 122
122 123
123 124
124 125
124 173
125 126
126 127
127 128
128 129
129 130
129 161
130 131
131 132
132 133
133 134
133 166
134 135
135 136
136 137
137 138
138 139
139 140
140 141
141 142
142 143
142 168
143 144
144 145
144 175
145 146
145 161
146 147
147 148
147 163
148 149
148 156
148 163
149 150
149 157
149 158
150 151
150 194
151 152
152 153
153 154
153 167
154 155
155 156
155 157
156 157
156 173
157 158
158 159
158 180
158 193
159 160
160 161
161 162
162 163
162 190
163 164
163 187
164 165
164 171
164 175
165 166
166 167
167 168
168 169
169 170
169 176
170 171
171 172
172 173
173 174
173 196
174 175
175 176
175 192
176 177
177 178
177 198
178 179
179 180
180 181
181 182
182 183
183 184
184 185
185 186
185 192
186 187
187 188
188 189
189 190
190 191
191 192
192 193
193 194
194 195
195 196
196 197
197 198
198 199
