0 94.19726515215413
1 105.15365487022093
2 40.74854833893784
3 77.30625983961153
4 74.73481217358889
5 102.26996804454268
6 103.85176799634894
7 30.030162293632507
8 59.09450048813289
9 41.720484987622
10 98.70875762458539
11 83.50269351107806
12 87.62811885505702
13 79.7411466115925
14 81.52117732669916
15 91.1799371424938
16 77.25139828865339
17 72.31066061331228
18 90.74098241047896
19 119.77481954592302
20 76.52631425838067
21 38.230820725850634
22 74.85670509059995
23 68.44785486293637
24 27.742682705403187
25 75.34639969821284
26 37.19033575769333
27 21.22934764030781
28 90.81169641001551
29 105.54247807782106
30 72.48811550278899
31 30.23466965511387
32 30.756644443056338
33 106.28587880316489
34 43.62372520038281
35 98.4256950927674
36 95.68378052572746
37 71.73137986738479
38 48.392522105374326
39 54.98784574175505
40 115.3389191777836
41 34.79221923972139
42 56.16060131586543
43 93.83358759514692
44 31.7029995061554
45 73.07834711095606
46 52.0426389825099
47 76.30968285123916
48 32.55253259215644
49 116.23474750771425
50 112.31763080983295
51 82.87685647992296
52 96.50848603132448
53 69.96613811389926
54 48.95177021546847
55 35.34694669020384
56 73.81981638018773
57 72.9131389002545
58 103.38290787678731
59 101.20405740644713
60 20.97554004905922
61 106.54904181134742
62 40.13114779918628
63 34.60259455675914
64 79.21184018191558
65 85.39510716353189
66 89.33532541891402
67 104.82648517723071
68 37.07843052825788
69 65.10630162227939
70 113.97525096562552
71 112.31027751499306
72 45.45098391784114
73 119.35823343585169
74 32.32475043087332
75 94.76427597697534
76 59.72414346761629
77 52.970008676099894
78 109.09073278124873
79 81.51218022457792
80 68.39226195501433
81 38.326574256475354
82 39.728602036919995
83 62.841184391455315
84 29.822687032801436
85 84.91808129175367
86 91.58456237703464
87 102.98087761098914
88 79.74903475094868
89 77.69266198527079
90 32.800469782309875
91 40.268651248092695
92 90.85961275132057
93 48.92295094216611
94 75.32703773559417
95 86.12579852740953
96 62.82873058303036
97 80.4155485996094
98 81.92642058429402
99 55.65982339607871
100 96.23635395233181
101 68.14660064130646
102 38.7052647278293
103 37.024939085986134
104 57.044200343615906
105 119.78547715225146
106 74.50456563449146
107 34.11411837108254
108 69.64399940244819
109 97.07254692940135
110 116.38274018735771
111 97.72244635689314
112 85.96634216458651
113 59.6458460127602
114 106.46356173497334
115 94.01297792606573
116 65.73616069425222
117 114.66543151016215
118 69.58067569333943
119 45.932680095138835
120 68.68358532394046
121 27.463065822405238
122 113.43565635781043
123 23.167420509578946
124 103.36651036037922
125 102.44880402979969
126 63.39665589150303
127 49.29142907292501
128 99.23392309731443
129 100.63494522783155
130 82.5998801299013
131 40.9580284774202
132 68.65667236668645
133 20.39175832639894
134 104.67628963069089
135 93.29482634756125
136 103.87503557824097
137 31.42822245978995
138 111.21105489241982
139 78.10799874548303
140 110.16003227161188
141 118.49502673622747
142 118.95346786128918
143 27.06667208023942
144 110.9582122466006
145 60.93587807714724
146 102.83019346955099
147 30.729859142061226
148 73.3871390194843
149 46.96716125793751
150 69.97482473304271
151 96.09472984235451
152 93.17162946517873
153 97.44483923694932
154 117.27196153102781
155 70.28651269505077
156 46.9582887516887
157 52.881423297570386
158 50.32408959936846
159 56.0766402046257
160 66.91866511663812
161 59.60472347674266
162 115.28479183924163
163 116.10719348586464
164 117.64895142757796
165 76.20402644154318
166 96.66188389735868
167 87.0161032273808
168 58.5968167366877
169 109.78821970394026
170 63.97929518840671
171 102.09898959997825
172 56.5936179730474
173 83.08432194302927
174 108.09664390506417
175 51.70989094581356
176 72.5429031205839
177 28.033749163031036
178 94.02058589369891
179 94.29455331376622
180 83.91374439488249
181 99.2975885052479
182 71.20225538274595
183 67.7663913874666
184 20.410146306126602
185 101.9610271722188
186 24.60014453116616
187 40.87659518796163
188 84.03537430408701
189 31.731022752597497
190 20.198062473234195
191 87.29624894103985
192 96.74275356058243
193 33.05015424418649
194 97.20285739301445
195 61.31983957686877
196 68.96210064008224
197 90.80358228739247
198 85.8068286724438
199 103.41575716523589
0 1
0 34
0 36
0 56
0 192
1 2
1 103
1 129
2 3
2 31
3 4
3 64
3 80
3 193
4 5
4 80
5 6
5 88
5 94
6 7
6 55
6 59
7 8
7 80
8 9
9 10
9 69
9 103
9 106
9 124
9 150
9 181
10 11
10 114
11 12
11 128
12 13
12 133
12 194
13 14
13 31
13 95
13 123
14 15
14 197
15 16
15 173
15 183
16 17
17 18
17 28
17 97
17 110
18 19
18 36
18 75
18 142
18 184
19 20
19 89
20 21
20 137
21 22
21 106
22 23
22 117
23 24
23 103
23 109
23 161
23 166
24 25
24 82
24 121
25 26
25 141
25 165
25 172
26 27
26 143
26 198
27 28
27 136
28 29
29 30
29 77
30 31
30 34
30 60
30 119
31 32
31 137
32 33
33 34
33 80
34 35
34 93
34 131
34 170
35 36
35 101
35 147
36 37
36 96
37 38
37 106
37 134
37 161
38 39
38 138
39 40
39 49
39 54
39 62
39 65
40 41
40 121
40 193
41 42
41 80
41 141
41 178
41 196
42 43
42 124
43 44
44 45
44 72
44 89
44 98
45 46
45 103
46 47
47 48
47 65
48 49
48 158
48 191
49 50
49 53
50 51
50 90
51 52
51 112
52 53
52 125
52 136
53 54
53 122
54 55
54 155
54 182
55 56
55 193
56 57
56 89
56 175
57 58
57 114
57 126
57 185
58 59
58 132
58 187
59 60
60 61
60 106
61 62
61 151
62 63
62 134
63 64
63 182
64 65
64 126
65 66
66 67
66 99
66 164
66 167
67 68
68 69
69 70
69 128
69 180
70 71
70 134
71 72
71 141
72 73
72 96
73 74
73 114
73 146
74 75
75 76
75 162
76 77
77 78
77 133
77 164
77 167
78 79
78 170
79 80
79 121
80 81
81 82
81 83
81 92
81 115
81 139
82 83
82 123
82 137
83 84
84 85
84 110
84 189
85 86
86 87
87 88
88 89
89 90
89 167
90 91
90 164
91 92
91 166
91 185
92 93
92 111
92 113
93 94
93 131
93 154
94 95
94 129
95 96
95 109
96 97
96 124
97 98
97 159
97 168
97 174
97 175
98 99
98 123
99 100
99 145
99 196
100 101
100 166
101 102
102 103
103 104
103 169
104 105
104 165
105 106
106 107
106 138
107 108
107 175
108 109
108 135
109 110
109 113
110 111
110 119
110 122
110 165
110 198
111 112
112 113
112 120
112 129
113 114
113 148
114 115
115 116
116 117
117 118
117 156
117 162
118 119
119 120
119 188
120 121
121 122
122 123
123 124
123 159
124 125
125 126
126 127
126 160
127 128
127 166
128 129
128 135
129 130
129 142
129 146
130 131
131 132
132 133
132 134
132 163
132 186
133 134
133 175
134 135
134 199
135 136
135 175
136 137
137 138
138 139
139 140
140 141
140 151
140 182
141 142
141 178
142 143
142 184
143 144
143 197
144 145
145 146
146 147
146 154
147 148
147 175
147 192
148 149
149 150
150 151
150 199
151 152
151 190
152 153
152 155
153 154
154 155
155 156
156 157
157 158
157 163
157 180
158 159
158 175
159 160
160 161
161 162
162 163
162 185
163 164
163 171
164 165
164 190
165 166
165 195
166 167
167 168
168 169
169 170
170 171
171 172
172 173
173 174
174 175
174 184
175 176
176 177
177 178
178 179
179 180
180 181
181 182
182 183
182 198
183 184
184 185
185 186
186 187
187 188
188 189
189 190
190 191
191 192
192 193
193 194
194 195
195 196
196 197
197 198
198 199
