0 34.36078175238974
1 29.764920240685118
2 51.61964026204286
3 99.97016902244843
4 103.72949128485092
5 85.3995007982159
6 116.56284560016135
7 48.994718399080924
8 69.12350943202313
9 57.42671620320201
10 98.90295029543914
11 37.629692506356996
12 58.30931294824621
13 101.37728220902838
14 37.22576476493494
15 113.83010584815618
16 53.74856317784395
17 20.433688233851726
18 83.01452018127331
19 91.49539004249978
20 85.03751610311357
21 85.16045088644786
22 100.48179550025905
23 71.34408108220116
24 78.71649425579146
25 44.52548289741762
26 57.29359266303095
27 89.29944341001986
28 24.70543846138663
29 45.40316130258367
30 119.00596421346575
31 58.844162160739124
32 70.28168056945711
33 52.0660603957702
34 113.25727544714397
35 112.1811014356713
36 32.30120844494027
37 84.61368904823816
38 61.10689558929171
39 86.54113664468804
40 26.27488520021801
41 75.85300553707651
42 82.38364182876415
43 46.60784428747728
44 46.94623460680449
45 79.83691792029504
46 69.50513507142027
47 81.78285584696903
48 99.17753619113074
49 52.0833054637502
50 89.95168901632694
51 67.89448136693879
52 70.2361895088776
53 61.43859978642539
54 21.426165818318093
55 36.956244718685966
56 54.98336163751793
57 86.61627220706715
58 45.70381699570478
59 55.71073094821865
60 94.00220649689682
61 96.63207069670686
62 27.273754103167306
63 73.94815989712657
64 61.36301153947736
65 113.67419463158414
66 81.0964538943776
67 66.96798803756425
68 43.507826391787034
69 109.38801171684891
70 90.14923961882909
71 63.055690071345445
72 83.64727291209827
73 91.12137027013725
74 67.90442139602047
75 116.475850208078
76 27.097384970997023
77 93.36788952384553
78 73.48240093234895
79 59.23656322907614
80 92.14451482402059
81 101.46211725877684
82 77.9446952231993
83 40.75904306304682
84 108.3114341382989
85 99.52171813787044
86 49.03951329499813
87 43.59026313637178
88 109.30799891738647
89 52.69842208782204
90 68.68516839467891
91 45.425372452411054
92 41.48482730595721
93 104.99072542223021
94 22.574232777651275
95 82.96047565529521
96 50.268648121394165
97 98.18781816298544
98 104.50406705962709
99 61.47534286040972
100 36.843099885703914
101 94.9556126638481
102 59.386927662785325
103 45.549500778671046
104 35.24893667965161
105 119.64213673664737
106 48.36560053818733
107 60.94401767997597
108 46.112759766207134
109 114.07096478906169
110 57.05807690679669
111 35.43526514332402
112 77.37350090906273
113 42.40776171107601
114 83.67751846750356
115 107.26581518115874
116 84.6611283592244
117 69.12647494029153
118 37.621372250140595
119 33.88152694239015
120 74.39210177294706
121 77.16798740536251
122 51.096160407959765
123 40.75280918362128
124 31.18133889648938
125 89.57561770934385
126 56.442138573583726
127 60.33193109492518
128 57.83056923350594
129 107.20812792420342
130 110.04465367238285
131 24.5771798117189
132 70.9381273441168
133 77.57235354157578
134 50.06670684289941
135 90.97852820008029
136 78.08535723116202
137 65.38400329733153
138 59.70986633965462
139 101.64845263260652
140 73.59004273314194
141 104.15653064418329
142 70.30835051500642
143 97.79537415587654
144 28.977304238156457
145 69.93441153964987
146 79.28373768786926
147 37.77613355791668
148 21.603695136644077
149 33.2285900096396
150 76.83542645340323
151 95.92785004688011
152 40.28027666270413
153 113.27821403604469
154 72.21463100644308
155 51.508351732426874
156 30.275677777825045
157 79.95420635993172
158 85.52733346107269
159 112.32831694563528
160 91.74026993452414
161 22.936676928544536
162 24.23431090574493
163 56.03718112019204
164 25.37775989280846
165 35.23946987756507
166 94.86392724353514
167 113.52872660570607
168 27.100621451245615
169 38.72168175369822
170 109.92618486824793
171 63.56121799383194
172 69.4410218502598
173 112.91727505659621
174 37.61399075412162
175 55.44083472868014
176 71.64894970458352
177 75.3304159703421
178 107.60043723680315
179 27.496064920881928
180 52.69451499548956
181 101.28548801205125
182 30.088420340828698
183 43.0746191565338
184 81.80144917886847
185 64.48719760382295
186 107.24164993549385
187 22.923343901438436
188 89.67408568364323
189 25.63756677662802
190 116.22371994130447
191 113.0655265749125
192 80.24015906611535
193 95.773034961092
194 21.294586547445054
195 90.66884529258185
196 87.51700482922678
197 53.42623796053702
198 28.761452569456278
199 76.9012014877315
0 1
0 30
0 153
1 2
1 7
1 11
1 15
1 63
1 82
1 83
1 196
2 3
2 50
2 90
2 189
3 4
3 26
3 43
3 68
3 99
3 171
3 184
4 5
4 50
4 60
4 139
4 153
4 190
5 6
5 88
5 102
5 148
5 160
5 192
6 7
6 55
6 132
6 152
7 8
7 38
7 176
7 178
7 185
8 9
8 116
8 160
9 10
9 64
9 65
9 72
9 83
9 156
10 11
10 22
10 72
10 92
11 12
11 17
11 56
11 164
12 13
12 22
12 61
12 114
12 137
12 138
12 143
12 160
12 193
13 14
13 22
13 111
13 132
13 139
13 174
13 191
13 192
13 196
14 15
14 32
14 46
14 50
14 146
14 181
15 16
15 169
15 191
16 17
16 112
16 117
16 121
16 126
16 145
16 188
17 18
17 58
17 59
17 71
17 148
17 197
18 19
18 61
18 71
18 82
18 113
19 20
19 23
19 34
19 42
19 51
19 56
19 72
19 94
19 138
19 159
19 166
19 169
20 21
20 25
20 30
20 37
20 135
20 140
20 149
20 180
20 197
21 22
21 25
21 26
21 60
21 138
21 163
22 23
22 62
22 83
22 123
22 140
22 186
22 199
23 24
23 98
23 127
23 146
23 157
24 25
24 66
24 155
25 26
25 93
25 100
25 170
25 191
26 27
26 28
26 36
26 147
26 148
26 177
27 28
27 78
27 85
27 112
27 114
27 183
27 192
28 29
28 57
28 62
28 73
28 95
28 149
28 151
28 199
29 30
29 63
29 67
29 72
29 78
29 131
29 178
30 31
30 95
30 145
30 146
30 148
30 152
30 177
30 198
31 32
31 66
31 129
31 131
31 180
32 33
32 40
32 97
32 105
32 196
33 34
33 70
33 140
33 175
33 198
34 35
34 50
34 134
34 141
34 150
34 166
34 198
35 36
35 39
35 46
35 59
35 66
36 37
36 55
36 132
36 163
36 197
37 38
37 57
37 160
37 199
38 39
38 48
38 97
38 134
38 156
38 167
39 40
39 62
39 73
39 117
39 133
39 144
39 152
39 168
40 41
40 78
40 81
40 87
40 127
40 174
40 180
41 42
41 65
41 68
41 91
41 135
42 43
42 66
42 69
42 107
42 155
42 165
42 170
43 44
43 94
43 175
43 188
44 45
44 68
44 115
44 135
44 136
45 46
45 110
46 47
46 92
46 133
46 158
46 195
47 48
47 153
47 170
47 171
47 184
47 186
48 49
48 75
48 84
48 100
48 114
48 167
48 169
48 170
48 171
48 179
49 50
49 76
49 98
49 126
49 128
49 130
49 142
49 151
49 188
49 198
50 51
50 82
50 114
50 119
50 150
50 183
50 197
51 52
51 68
51 81
51 130
51 182
52 53
52 71
52 116
52 149
52 182
52 195
53 54
53 70
54 55
54 133
54 138
54 141
54 184
55 56
55 58
55 91
55 107
55 124
55 145
55 179
55 199
56 57
56 106
56 158
57 58
57 78
57 170
57 175
58 59
58 65
58 80
58 96
58 108
58 151
58 161
58 175
58 180
58 188
58 194
59 60
59 62
59 68
59 71
59 132
59 174
60 61
60 65
60 70
60 71
60 198
61 62
61 83
61 97
61 117
61 133
61 141
61 167
61 180
62 63
62 84
62 106
62 107
62 155
62 159
62 163
62 164
62 170
63 64
63 88
63 118
63 131
63 143
63 174
63 180
64 65
64 86
64 112
64 171
64 186
65 66
65 76
65 104
65 193
65 197
66 67
66 120
66 151
66 153
67 68
67 73
67 105
67 149
67 164
68 69
68 96
68 172
69 70
69 92
69 118
69 172
70 71
70 72
70 92
70 135
71 72
71 132
71 148
71 168
71 177
71 193
71 194
72 73
72 79
72 108
72 133
72 165
73 74
73 108
73 115
73 129
73 149
73 191
74 75
74 112
74 128
74 146
74 192
75 76
75 124
75 162
75 168
76 77
76 102
76 111
76 138
76 140
76 152
76 154
76 194
77 78
77 132
78 79
78 161
78 176
78 192
79 80
79 83
79 98
79 108
79 112
79 127
80 81
80 88
80 101
80 140
80 144
80 176
81 82
81 84
81 109
81 127
81 145
81 177
82 83
82 105
82 109
82 138
82 167
83 84
83 121
83 123
83 135
83 158
84 85
84 125
85 86
85 91
85 100
85 109
85 120
86 87
86 96
86 98
86 103
86 127
86 138
86 149
86 153
86 186
86 198
87 88
87 120
87 175
87 186
88 89
88 109
88 138
88 153
88 156
88 162
89 90
89 126
90 91
90 126
91 92
91 109
91 167
92 93
93 94
93 99
93 111
93 117
93 148
93 166
93 167
93 176
94 95
94 98
95 96
95 100
95 102
95 103
95 104
95 156
96 97
96 114
96 133
96 163
97 98
97 104
97 139
97 144
97 169
98 99
98 141
98 178
98 185
99 100
99 198
100 101
100 141
100 172
100 180
101 102
101 104
101 111
101 124
101 125
101 127
101 179
101 199
102 103
102 125
102 165
102 171
103 104
103 129
103 130
103 151
103 175
103 176
103 180
104 105
105 106
105 157
105 183
106 107
106 124
106 131
106 149
107 108
107 186
108 109
108 153
108 170
109 110
109 122
110 111
111 112
111 131
111 142
111 157
112 113
112 179
113 114
113 161
113 167
114 115
114 165
115 116
115 136
116 117
116 184
117 118
117 124
117 194
118 119
118 135
118 150
118 155
118 183
119 120
119 131
119 153
119 199
120 121
120 196
121 122
121 168
121 170
121 177
122 123
123 124
123 130
123 140
123 167
123 188
124 125
124 155
124 162
124 186
125 126
125 139
125 148
125 192
126 127
126 130
126 150
126 158
126 165
126 182
127 128
127 148
127 153
127 171
128 129
128 131
128 133
128 168
129 130
129 137
130 131
130 159
131 132
131 139
131 182
132 133
132 134
132 171
133 134
134 135
134 143
134 151
134 152
134 157
134 189
135 136
135 142
135 144
135 193
136 137
137 138
137 180
138 139
138 152
139 140
140 141
140 161
140 199
141 142
141 164
141 167
141 170
141 174
141 194
142 143
143 144
143 160
143 169
143 175
143 194
144 145
144 164
145 146
145 166
145 175
146 147
146 168
146 177
146 178
147 148
147 169
148 149
149 150
149 159
149 181
149 184
149 192
149 196
150 151
150 188
151 152
151 164
152 153
152 154
153 154
153 184
154 155
154 171
154 190
155 156
156 157
156 165
157 158
158 159
158 181
159 160
159 165
159 177
160 161
161 162
161 164
162 163
163 164
163 165
164 165
164 184
164 194
165 166
165 169
165 183
165 190
166 167
166 187
166 190
167 168
167 175
168 169
168 171
169 170
169 191
170 171
170 182
170 185
171 172
171 192
172 173
172 175
172 180
172 186
173 174
173 188
174 175
174 177
174 178
174 185
175 176
175 185
175 194
176 177
176 193
177 178
178 179
179 180
180 181
181 182
181 196
182 183
182 187
182 192
183 184
184 185
185 186
185 194
186 187
187 188
187 193
188 189
188 194
189 190
190 191
191 192
192 193
193 194
194 195
195 196
196 197
197 198
198 199
