0 89.11658061836484
1 97.58753415620822
2 35.94620747262346
3 41.74827619141004
4 34.1862720358501
5 32.071602814251804
6 54.40966137574973
7 50.81294854152511
8 50.33730958978677
9 98.35989851644122
10 89.59393796906332
11 104.68992091128663
12 71.97726758755891
13 73.66989332682552
14 55.475810907238554
15 36.7002536316064
16 20.06076694560131
17 83.67729227212175
18 68.74199176692957
19 62.12046707829206
20 22.739269872660934
21 102.96635627508638
22 67.66323666433783
23 46.40863805067607
24 56.67288586343237
25 119.76790010982658
26 57.589018172779674
27 117.27292350805125
28 28.367621049315257
29 68.45478842509522
30 30.209402232554503
31 66.2886491074068
32 102.49909957074834
33 81.01870316716355
34 67.89083723600717
35 72.58659285623509
36 49.906489774473
37 59.63084105966713
38 36.67785594669419
39 21.07640811082107
40 31.787997905000896
41 26.393105100490303
42 91.96268138177913
43 80.73561231049274
44 58.60197421237841
45 63.51525696355286
46 69.36002768892463
47 54.685935119736996
48 62.27529033864652
49 117.40742158814511
50 109.98445100051521
51 113.09522851506448
52 98.5433504254994
53 103.55623490662686
54 74.11281322864895
55 72.38454858867141
56 52.5937247125413
57 115.55680358309176
58 30.12455174667373
59 89.7864542486194
60 55.658059698288405
61 111.30159866855159
62 66.64759376443132
63 100.9919198167255
64 32.794572550709745
65 22.081272289771043
66 64.99797107910693
67 40.43971153502335
68 92.82610024227725
69 106.23133477209178
70 86.28626121470843
71 48.74346380640329
72 40.24631753399161
73 47.962457785744974
74 72.97419979371134
75 89.81809902182611
76 35.87941608784841
77 84.14118714441925
78 38.19994683641859
79 71.45864420371353
80 58.17615875062507
81 27.041663383571695
82 117.85063894429996
83 87.44089799192872
84 20.25192700450294
85 39.46787659887165
86 90.14601999299205
87 76.65482847796405
88 79.11997349690904
89 110.14992290436113
90 25.40710907829374
91 25.347945157464906
92 33.04582131223185
93 71.94660578935839
94 114.71900473194448
95 22.24734924369535
96 40.54633708989999
97 103.14061558897862
98 40.35708802705505
99 113.14551565862158
100 110.279718917966
101 52.99147489934715
102 93.13104432345172
103 91.4763445532273
104 104.9202496806923
105 36.71530805352111
106 112.2112949225193
107 104.47430492835544
108 74.08435996732408
109 52.189397937108424
110 21.53752640241952
111 50.701051688717314
112 81.4721831764569
113 80.93343346357457
114 63.56926530639886
115 94.04016551171773
116 119.61142272034357
117 49.298196308158296
118 85.92349365001958
119 21.702147398771338
120 111.93807665310325
121 42.2964318853356
122 119.35452233762796
123 29.34821059754396
124 86.4210999643822
125 82.13944687058904
126 96.56648916505068
127 25.13276067973234
128 67.53590156237841
129 106.29698061455726
130 100.50897629833628
131 106.28091874453669
132 74.11405768944198
133 105.77674400789311
134 98.0914249532514
135 76.75882033708709
136 29.44442586032603
137 113.32393471611215
138 110.66217752058711
139 42.66084336385998
140 86.97340757427804
141 63.36997900200193
142 96.13311746951646
143 43.129301587296915
144 50.04979761586112
145 80.81360284984213
146 69.29105120887772
147 48.93857559637621
148 117.38231775360214
149 94.09627761469318
150 66.6221270699174
151 88.31704809159642
152 117.22558095167365
153 109.53799724193917
154 69.88573555534745
155 40.146582773095915
156 102.78287627840764
157 28.528201395262684
158 38.70950284017011
159 68.37077466025912
160 68.91185817069433
161 36.92065382026282
162 66.63714044682024
163 58.259516707732566
164 115.94183844524872
165 46.85986181825321
166 67.34606891239187
167 55.11887411975172
168 30.25903911597423
169 25.270685959754253
170 118.1618757277753
171 99.10168032010036
172 73.28888954283534
173 100.37154904384569
174 36.531879813822414
175 95.9656477373793
176 70.60197597099247
177 97.82565966071398
178 41.780135770992246
179 62.94219543024097
180 71.09304897637097
181 21.523522169531123
182 59.25146829336473
183 41.32060877287475
184 102.53004615492718
185 60.4939364697679
186 56.86221092664825
187 72.91856990777191
188 84.2428093200334
189 73.06956649095909
190 65.11050646409774
191 96.30145396461934
192 70.31878587368473
193 72.18710847413342
194 20.759207386206796
195 30.429250974768134
196 87.39568915714734
197 111.58095048447785
198 91.68950296255815
199 78.35134432430888
0 1
0 4
0 20
0 49
0 64
0 90
0 104
0 108
0 113
0 126
0 127
0 143
0 171
1 2
1 3
1 31
1 40
1 41
1 49
1 55
1 65
1 75
1 117
1 135
1 149
1 154
1 157
1 158
1 162
1 172
2 3
2 13
2 39
2 45
2 62
2 64
2 65
2 96
2 111
2 142
2 165
2 176
3 4
3 5
3 45
3 62
3 78
3 99
3 102
3 158
3 164
4 5
4 23
4 32
4 53
4 60
4 72
4 86
4 109
4 128
4 135
4 137
4 147
4 149
4 150
4 153
4 172
4 190
4 193
4 198
5 6
5 8
5 26
5 34
5 52
5 53
5 76
5 89
5 91
5 96
5 100
5 113
5 116
5 125
5 132
5 134
5 137
5 143
5 158
5 174
5 193
6 7
6 105
6 163
7 8
7 47
7 54
7 58
7 60
7 67
7 94
7 95
7 100
7 121
7 125
7 140
7 150
7 157
8 9
8 29
8 45
8 51
8 54
8 70
8 101
8 107
8 136
8 167
8 173
8 187
9 10
9 11
9 18
9 24
9 33
9 46
9 63
9 73
9 88
9 101
9 133
9 137
9 144
9 157
9 160
9 175
9 177
9 183
9 191
9 193
10 11
10 25
10 29
10 37
10 41
10 52
10 77
10 86
10 107
10 112
10 113
10 140
10 165
10 167
10 198
11 12
11 36
11 62
11 71
11 98
11 110
11 126
11 127
11 133
11 158
11 162
11 196
11 199
12 13
12 34
12 48
12 59
12 66
12 75
12 96
12 102
12 115
12 118
12 120
12 128
12 130
12 169
12 187
12 188
13 14
13 25
13 44
13 50
13 66
13 87
13 92
13 95
13 112
13 126
13 132
13 147
13 189
13 193
13 194
14 15
14 70
14 71
14 72
14 76
14 78
14 99
14 123
14 124
14 136
14 164
14 180
14 181
14 183
15 16
15 17
15 29
15 81
15 124
15 134
15 151
15 160
15 170
15 175
15 179
15 188
15 192
16 17
16 21
16 22
16 35
16 50
16 54
16 70
16 73
16 94
16 100
16 122
16 131
16 137
16 139
16 147
16 170
16 199
17 18
17 43
17 64
17 71
17 88
17 89
17 119
17 122
17 165
17 185
18 19
18 31
18 70
18 75
18 76
18 77
18 93
18 103
18 115
18 124
18 126
18 131
18 138
18 155
18 178
19 20
19 22
19 63
19 69
19 75
19 97
19 104
19 105
19 114
19 152
19 166
19 175
19 179
20 21
20 42
20 53
20 56
20 62
20 70
20 71
20 86
20 100
20 116
20 125
20 131
20 163
20 165
21 22
21 24
21 48
21 68
21 71
21 87
21 125
21 142
21 159
21 173
21 186
21 187
21 192
21 194
22 23
22 24
22 47
22 48
22 78
22 80
22 97
22 103
22 109
22 112
22 115
22 125
22 145
22 162
22 165
22 175
22 187
22 190
23 24
23 39
23 42
23 73
23 74
23 77
23 81
23 107
23 117
23 164
23 165
24 25
24 36
24 43
24 44
24 45
24 63
24 66
24 85
24 103
24 113
24 144
24 149
24 151
24 170
24 173
24 178
24 179
24 185
24 189
24 193
25 26
25 44
25 45
25 46
25 54
25 64
25 65
25 66
25 69
25 114
25 148
25 156
25 157
25 166
25 185
25 186
26 27
26 33
26 51
26 53
26 96
26 109
26 152
26 159
26 169
26 181
26 187
26 196
27 28
27 44
27 57
27 70
27 85
27 88
27 104
27 115
27 119
27 128
27 154
28 29
28 37
28 43
28 57
28 79
28 95
28 113
28 114
28 120
28 165
29 30
29 58
29 80
29 98
29 124
29 125
29 137
29 165
30 31
30 45
30 49
30 54
30 57
30 73
30 103
30 112
30 114
30 139
30 184
30 188
30 194
31 32
31 47
31 78
31 104
31 138
31 140
31 142
31 160
32 33
32 49
32 51
32 53
32 58
32 75
32 114
32 115
32 131
32 145
32 151
32 156
32 174
32 175
33 34
33 86
33 95
33 96
33 97
33 105
33 107
33 122
33 129
33 138
33 164
33 170
33 176
33 194
34 35
34 66
34 82
34 116
34 118
34 131
34 141
34 142
34 144
34 159
34 160
34 168
34 171
34 182
34 193
34 195
35 36
35 44
35 54
35 55
35 68
35 78
35 89
35 91
35 102
35 103
35 157
35 162
35 173
36 37
36 69
36 75
36 82
36 111
36 135
36 136
36 138
36 140
36 153
36 164
36 172
36 192
36 195
36 196
37 38
37 40
37 50
37 57
37 72
37 74
37 94
37 114
37 168
37 175
38 39
38 56
38 58
38 79
38 88
38 99
38 126
38 150
39 40
39 67
39 92
39 98
39 102
39 112
39 117
39 122
39 124
39 139
39 162
39 184
39 195
39 196
40 41
40 46
40 92
40 124
40 174
40 197
41 42
41 53
41 57
41 62
41 78
41 79
41 81
41 95
41 105
41 129
41 132
41 160
41 185
41 189
42 43
42 99
42 116
42 133
42 135
42 151
42 154
42 160
42 163
42 179
42 190
42 197
43 44
43 46
43 61
43 62
43 65
43 69
43 84
43 111
43 119
43 138
43 149
44 45
44 47
44 110
44 124
44 129
44 145
44 185
45 46
45 64
45 72
45 78
45 92
45 98
45 114
45 121
45 136
45 141
45 151
45 183
46 47
46 53
46 79
46 82
46 136
46 149
47 48
47 56
47 87
47 104
47 109
47 119
47 135
47 143
47 157
47 162
47 168
47 172
48 49
48 76
48 77
48 87
48 129
48 134
48 184
49 50
49 54
49 67
49 96
49 100
49 110
49 121
49 134
49 137
49 154
49 161
49 164
50 51
50 59
50 64
50 67
50 77
50 85
50 110
50 115
50 122
50 136
50 156
50 160
50 166
50 189
50 194
51 52
51 61
51 80
51 93
51 101
51 129
51 138
51 140
51 142
51 146
51 149
51 152
51 154
51 156
52 53
52 61
52 70
52 73
52 104
52 118
52 128
52 140
52 162
52 171
52 177
53 54
53 55
53 86
53 88
53 109
53 139
53 155
53 160
53 179
54 55
54 58
54 82
54 100
54 108
54 113
54 136
54 181
55 56
55 59
55 101
55 112
55 116
55 131
55 134
55 136
55 140
55 164
55 175
55 179
55 198
56 57
56 72
56 107
56 119
56 121
56 122
56 126
56 135
56 158
56 165
56 167
56 170
56 178
56 179
56 182
57 58
57 105
57 140
57 155
57 158
57 166
57 169
57 173
57 184
57 188
58 59
58 64
58 89
58 91
58 103
58 122
58 140
58 151
58 160
58 164
58 174
58 197
59 60
59 68
59 76
59 88
59 110
59 111
59 114
59 142
59 144
59 149
59 156
59 157
59 158
59 165
59 187
59 196
60 61
60 67
60 104
60 130
60 153
60 179
60 193
60 195
60 196
61 62
61 67
61 71
61 80
61 98
61 143
61 145
61 147
61 158
62 63
62 93
62 112
62 115
62 116
62 136
62 141
62 142
62 145
62 149
62 151
62 174
63 64
63 92
63 105
63 128
63 135
63 138
63 143
63 154
63 168
63 173
63 191
63 192
63 198
64 65
64 68
64 74
64 77
64 78
64 93
64 95
64 96
64 104
64 117
64 137
64 147
64 176
64 180
65 66
65 72
65 79
65 88
65 146
66 67
66 71
66 115
66 132
66 154
66 160
66 164
66 168
66 186
66 194
67 68
67 88
67 93
67 117
67 130
67 134
67 144
67 156
67 157
67 173
67 174
67 176
67 178
67 189
68 69
68 71
68 75
68 78
68 79
68 120
68 130
68 160
68 161
68 170
69 70
69 75
69 102
69 103
69 105
69 125
69 131
69 170
69 189
69 190
70 71
70 105
70 107
70 111
70 122
70 126
70 128
70 137
70 141
70 174
70 182
71 72
71 96
71 97
71 108
71 133
71 163
71 165
71 185
71 190
71 193
72 73
72 121
72 123
72 127
72 137
72 142
72 154
72 157
72 163
72 170
72 174
72 183
72 198
73 74
73 133
73 140
73 183
73 192
74 75
74 77
74 82
74 84
74 92
74 102
74 108
74 122
74 136
74 177
74 190
75 76
75 128
75 142
75 146
75 154
75 166
75 185
76 77
76 80
76 91
76 99
76 114
76 149
76 153
76 157
76 171
76 174
76 195
77 78
77 82
77 91
77 94
77 129
77 184
77 186
78 79
78 87
78 105
78 109
78 125
78 140
78 161
78 165
78 173
79 80
79 86
79 96
79 108
79 118
79 133
79 141
79 143
79 174
80 81
80 85
80 123
80 136
80 144
80 154
80 161
80 165
80 166
80 174
80 190
80 197
81 82
81 85
81 126
81 127
81 141
81 158
81 168
81 184
82 83
82 90
82 92
82 93
82 96
82 108
82 123
82 124
82 133
82 141
82 174
82 178
83 84
83 107
83 137
83 138
83 170
83 192
83 193
84 85
84 98
84 100
84 140
84 144
84 159
84 165
84 187
84 193
85 86
85 103
85 109
85 113
85 138
85 197
86 87
86 98
86 103
86 108
86 112
86 120
86 121
86 172
86 183
87 88
87 96
87 98
87 99
87 105
87 159
87 181
87 195
88 89
88 111
88 122
88 124
88 134
88 147
88 167
89 90
89 126
89 130
89 134
89 194
90 91
90 95
90 100
90 106
90 115
90 119
90 122
90 127
90 134
90 146
90 148
90 159
90 174
90 196
91 92
91 133
91 135
91 140
91 170
91 186
92 93
92 117
92 177
92 188
92 189
93 94
93 109
93 120
93 121
93 123
93 173
93 174
93 178
93 199
94 95
94 96
94 112
94 136
94 149
94 161
94 164
94 167
94 180
95 96
95 119
95 123
95 152
95 160
95 166
95 180
96 97
96 98
96 105
96 107
96 110
96 120
96 140
96 149
96 152
96 166
96 172
96 191
97 98
97 104
97 109
97 132
97 138
97 147
97 188
98 99
98 185
98 192
98 193
99 100
99 109
99 110
99 124
99 136
99 142
99 147
99 148
99 168
99 170
100 101
100 104
100 123
100 143
100 145
100 147
100 154
100 163
100 170
100 181
101 102
101 109
101 128
101 158
101 162
101 177
101 192
101 193
101 198
102 103
102 118
102 137
102 147
102 174
103 104
103 116
103 123
103 129
103 135
103 147
103 164
103 167
103 177
103 189
103 197
104 105
104 109
104 116
104 145
104 148
104 156
104 166
104 171
105 106
105 125
105 129
105 131
105 171
105 173
105 179
106 107
106 109
106 150
106 161
106 169
106 170
106 182
106 197
107 108
107 135
107 136
107 154
107 181
107 182
107 186
107 187
107 188
107 189
107 199
108 109
108 123
108 135
108 136
108 138
108 140
108 141
108 143
108 160
108 170
108 183
109 110
109 117
109 121
109 129
109 134
109 144
109 183
109 194
110 111
110 153
110 155
110 163
110 170
110 172
110 182
110 189
111 112
111 120
111 122
111 127
111 159
111 169
111 174
111 190
111 198
111 199
112 113
112 127
112 129
112 170
112 171
112 183
112 184
112 189
113 114
113 124
113 133
113 135
113 146
113 160
113 161
113 177
113 180
113 183
113 184
113 185
113 189
113 191
114 115
114 133
114 168
114 169
114 194
115 116
115 136
115 159
115 162
116 117
116 118
116 126
116 129
116 131
116 135
116 149
116 152
116 161
116 167
116 188
117 118
117 135
117 163
117 188
118 119
118 131
118 164
119 120
119 124
119 151
119 154
119 156
119 159
119 162
119 164
119 184
119 186
120 121
120 125
120 127
120 149
120 158
120 176
120 187
121 122
121 128
121 131
121 135
121 145
121 147
121 151
121 153
121 166
121 167
122 123
122 143
122 156
122 169
122 185
123 124
123 125
123 129
123 130
123 147
123 166
123 167
123 173
123 181
123 195
124 125
124 154
124 157
124 175
124 176
124 183
125 126
125 127
125 174
125 175
125 177
126 127
126 155
126 161
126 167
126 173
126 174
126 183
127 128
127 155
128 129
128 132
128 151
128 166
129 130
129 138
129 186
130 131
130 133
130 139
130 140
130 152
130 168
130 192
130 196
131 132
131 140
131 170
131 193
132 133
132 144
132 150
132 172
132 194
132 196
132 197
133 134
133 158
133 165
133 178
133 190
134 135
134 137
134 141
134 144
134 147
134 175
134 182
134 188
134 191
135 136
135 139
135 141
135 161
135 174
135 185
136 137
136 143
136 147
136 170
136 175
136 178
136 183
136 195
137 138
137 144
137 146
137 158
137 164
137 174
137 179
137 186
138 139
138 155
138 156
139 140
139 178
139 193
139 199
140 141
140 142
140 151
140 157
140 160
140 166
140 172
140 182
140 183
140 185
140 194
140 196
141 142
141 144
141 151
141 172
141 175
141 188
141 189
142 143
142 160
142 176
142 190
142 197
143 144
143 151
143 166
143 180
143 193
144 145
144 149
144 175
145 146
145 149
145 153
145 184
146 147
146 155
146 160
146 165
146 175
146 177
146 184
146 190
146 196
147 148
147 170
147 176
147 187
148 149
148 156
148 164
148 168
148 169
148 180
149 150
149 164
149 174
149 185
150 151
150 156
150 198
151 152
151 163
151 189
151 198
151 199
152 153
152 176
153 154
153 167
153 185
153 191
154 155
154 166
155 156
155 159
155 177
155 181
155 188
155 192
155 194
155 196
155 197
156 157
156 167
156 172
156 180
156 192
156 193
157 158
157 193
158 159
159 160
159 165
159 187
159 189
160 161
160 168
160 176
160 194
160 198
161 162
161 163
161 193
162 163
162 172
162 175
163 164
163 176
164 165
164 198
165 166
165 174
165 177
165 193
165 197
166 167
166 170
166 173
166 179
166 180
167 168
167 176
167 191
168 169
168 183
168 191
168 193
169 170
169 173
169 175
169 198
170 171
170 174
170 198
171 172
171 176
171 180
172 173
172 175
172 190
172 199
173 174
174 175
174 183
174 185
174 188
174 193
175 176
176 177
176 182
176 191
177 178
178 179
178 194
179 180
179 186
179 197
180 181
180 186
180 192
181 182
181 184
181 191
182 183
182 190
183 184
184 185
185 186
186 187
186 189
187 188
188 189
188 199
189 190
190 191
191 192
192 193
193 194
193 195
193 197
194 195
195 196
196 197
197 198
198 199
