0 45.407127493534134
1 89.66999228641168
2 76.67890268119655
3 23.838988465213223
4 73.20131840375217
5 101.98043609411285
6 108.85767873756012
7 114.48281399348647
8 107.63651182199636
9 106.21686021735768
10 108.80075097450654
11 77.99290629299917
12 37.207360775698604
13 73.3127275061419
14 117.9040011240516
15 72.83359781556526
16 28.078718848704202
17 93.99612884992493
18 44.91751682709523
19 94.52829054592306
20 107.84325591108163
21 61.59195406449304
22 52.440312194529334
23 52.81437160263167
24 102.14782825906096
25 50.036684378682665
26 85.12808028512916
27 114.06847384747732
28 116.74535141932053
29 50.87844139821485
30 93.54771412200391
31 42.35471492194317
32 49.81410558914743
33 72.9762502812297
34 51.459970185884345
35 26.452499625565952
36 39.79654912629082
37 101.67890486611272
38 86.28427097169855
39 37.34935410729135
40 102.5448619225077
41 60.455285141062014
42 42.597392735759485
43 20.938159403748895
44 88.22061471496121
45 117.26427455111579
46 76.74030187647811
47 94.03710219048396
48 93.18110727547396
49 30.393930221187965
50 36.95521002246262
51 78.3544938304876
52 94.99507373195077
53 34.065920075526584
54 117.9474461139275
55 76.64958269894251
56 39.76561403883416
57 22.792641829312835
58 91.36448827506868
59 68.09437730665536
60 100.09835745273219
61 105.29086203546532
62 104.40710741905447
63 75.7203402296072
64 39.33803552838167
65 63.69713047689844
66 107.63524648898701
67 37.83783028596285
68 63.10678349458226
69 71.89658404744033
70 20.003916531559145
71 97.44497833477499
72 112.71266546477061
73 97.96823218716413
74 64.26203342517513
75 108.8966440908337
76 56.65702647436679
77 40.06612384749813
78 109.06981260612295
79 49.48296413790736
80 66.25451994306059
81 22.49733618950916
82 35.537931563141406
83 115.07098839541253
84 119.2896926575254
85 109.32398963560081
86 105.36440111111038
87 73.59168135544653
88 61.66930759580685
89 76.507995100481
90 45.34266146561414
91 47.9086048446918
92 71.18960546656979
93 20.433616613529388
94 78.73718213861403
95 100.48340765052218
96 109.82295982432544
97 70.58433661336292
98 27.870359057388153
99 96.25720257220172
100 21.33847763527927
101 117.21690916390294
102 84.23730600617833
103 27.295804700109453
104 29.606312879020717
105 61.0669169526088
106 92.56268661023894
107 93.0007045337908
108 119.59552844813398
109 41.436535189837755
110 23.43644038737709
111 43.06656486402406
112 37.86059652706976
113 101.4566164887467
114 115.51289389484118
115 106.86994328360632
116 32.221719615995056
117 104.88160374451355
118 52.73041851756808
119 52.602822953882814
120 61.37932183340922
121 27.46723341619868
122 104.60644037269178
123 42.21846181532479
124 44.36322857727483
125 107.79731572919101
126 98.38526239775413
127 74.13598518605392
128 87.00221757791246
129 57.367373654464146
130 110.66382990670265
131 34.65401287933496
132 118.00975007416214
133 97.7992493363277
134 63.093212544912824
135 111.15256817050619
136 90.81684732277985
137 114.25226977831417
138 81.85124576666412
139 55.41639377247221
140 58.943306632964315
141 88.41288268232387
142 33.804402170149764
143 23.791694804175116
144 112.48348140216603
145 101.88616811563774
146 83.62466199515973
147 62.39226738047754
148 71.19313570133158
149 81.37898326904858
150 25.599779765889878
151 50.19986599778723
152 65.69892513846659
153 90.75589074155472
154 31.472997303449606
155 60.65754015961233
156 102.51232289555402
157 61.865504716638924
158 21.370930649448077
159 53.23363200796028
160 100.81486042095231
161 95.97619735133405
162 108.72599277830975
163 60.43797540475082
164 109.39178561854202
165 60.72658389887744
166 92.072391758439
167 92.90078751892764
168 60.626365443328936
169 53.68758875846025
170 66.69238478475071
171 45.37862962671641
172 95.12722062232613
173 102.94929456985997
174 107.31211844100638
175 49.93071946111086
176 95.34622263503282
177 27.587174765212524
178 29.39405956100967
179 89.01277473996443
180 99.45468161550566
181 86.42877072982685
182 71.04568934069243
183 50.864527985597846
184 27.78064605522716
185 102.23319376286172
186 50.16173630382303
187 82.32087078657824
188 43.2703639816373
189 60.21231633079218
190 42.139925255263705
191 70.05555330704186
192 84.72203753925167
193 44.76387311901623
194 92.35788982728958
195 60.27028691540948
196 56.950239612193414
197 96.3531376666441
198 24.571486462629757
199 108.97091765816712
0 1
0 3
0 52
0 69
0 135
0 151
0 164
0 188
1 2
1 14
1 19
1 20
1 47
1 53
1 73
1 76
1 93
1 124
1 155
2 3
2 4
2 49
2 105
2 151
2 172
2 182
3 4
3 33
3 67
3 154
3 162
4 5
4 23
4 24
4 119
4 133
4 137
4 167
4 189
5 6
5 19
5 83
5 95
5 141
5 157
5 186
6 7
6 29
6 30
6 83
6 138
6 163
6 171
6 187
7 8
7 17
7 89
7 100
7 102
7 117
7 122
7 147
7 150
7 153
7 168
8 9
8 16
8 83
8 126
8 156
8 169
8 194
9 10
9 26
9 52
9 115
9 116
9 152
10 11
10 43
10 74
10 79
10 98
11 12
11 69
11 101
11 135
11 137
11 183
12 13
12 19
12 34
12 64
12 180
13 14
13 119
13 123
13 185
14 15
14 21
14 49
14 67
14 69
14 95
14 98
14 143
15 16
15 27
15 65
15 189
15 192
16 17
16 59
16 77
16 78
16 140
16 197
17 18
17 41
17 58
17 109
17 151
17 172
17 183
18 19
18 20
18 35
18 61
18 63
18 71
18 98
18 167
18 187
18 192
19 20
19 55
19 69
19 116
19 181
20 21
20 69
20 115
20 135
20 180
21 22
21 51
21 76
21 87
21 104
21 110
21 135
21 140
21 197
22 23
22 26
22 56
22 62
22 72
22 115
22 130
22 188
23 24
23 28
23 38
23 134
23 166
23 168
23 181
24 25
24 27
24 49
24 56
24 85
24 117
24 148
24 174
24 186
24 193
25 26
25 106
25 155
26 27
26 59
26 92
26 125
26 140
26 147
26 164
27 28
27 33
27 43
27 71
27 87
27 89
27 109
27 170
28 29
28 81
28 145
28 186
28 192
29 30
29 39
29 44
29 92
29 129
30 31
30 38
30 71
30 91
30 92
30 139
30 162
31 32
31 33
31 48
32 33
32 42
32 43
32 56
32 132
32 134
32 162
32 185
33 34
33 102
33 189
34 35
34 40
34 110
34 140
35 36
35 83
35 119
35 122
35 161
36 37
36 73
36 84
36 97
36 101
36 117
36 140
36 144
37 38
37 57
37 94
37 165
38 39
38 170
38 171
38 192
38 199
39 40
39 53
39 54
39 79
39 95
39 137
39 174
39 187
39 198
40 41
40 50
40 93
40 131
40 141
40 188
40 192
41 42
41 59
41 113
41 134
41 144
41 158
42 43
42 66
42 100
42 122
43 44
43 48
43 71
43 88
43 101
43 121
43 149
43 183
43 193
44 45
44 54
44 56
44 63
44 121
45 46
45 99
45 122
45 131
46 47
46 54
46 95
46 123
46 164
46 193
47 48
47 52
47 64
48 49
48 69
48 79
48 107
48 113
48 145
48 163
48 173
48 182
49 50
49 51
49 92
49 98
49 155
49 164
50 51
50 68
50 167
51 52
51 64
51 112
51 165
51 189
52 53
52 83
52 117
52 158
52 171
53 54
53 82
53 150
53 177
54 55
54 86
54 151
55 56
55 108
55 112
55 198
56 57
56 90
56 103
56 144
57 58
57 67
57 80
57 95
57 98
57 113
57 153
58 59
58 188
59 60
59 80
59 95
59 107
59 113
59 172
59 184
60 61
60 62
60 82
60 89
60 154
60 199
61 62
61 77
61 89
61 152
62 63
62 161
62 186
63 64
63 67
63 91
63 106
63 124
63 135
63 137
64 65
64 106
64 109
64 142
64 182
65 66
65 133
65 191
65 197
66 67
66 115
66 154
66 194
67 68
67 75
67 85
67 111
67 142
67 144
67 159
68 69
68 73
68 122
68 125
68 144
68 158
68 196
69 70
69 78
69 114
69 152
70 71
70 84
70 102
70 160
71 72
71 74
71 81
71 178
72 73
72 122
72 134
73 74
73 84
73 95
73 145
74 75
75 76
75 103
75 172
76 77
76 120
76 156
76 160
77 78
77 118
77 146
78 79
78 124
78 156
78 172
79 80
79 117
79 138
79 159
79 193
80 81
80 151
80 159
81 82
81 118
81 120
81 145
81 193
82 83
82 85
82 102
82 173
82 197
83 84
83 89
83 101
83 126
83 130
83 182
84 85
84 178
85 86
85 103
86 87
86 123
86 144
86 172
86 178
87 88
87 129
87 140
87 149
87 160
87 174
87 191
88 89
88 116
88 135
88 152
88 175
88 177
88 194
89 90
89 148
89 157
89 167
89 191
90 91
90 143
90 173
91 92
91 101
91 145
91 170
91 192
92 93
92 104
92 120
92 121
92 156
92 170
93 94
93 121
94 95
94 143
94 169
94 184
95 96
95 152
95 155
95 167
95 173
95 194
96 97
96 112
97 98
97 194
98 99
98 135
98 179
99 100
99 102
99 154
99 160
100 101
100 114
100 138
100 169
101 102
101 146
101 166
102 103
102 137
102 140
102 151
103 104
103 132
103 147
103 175
104 105
104 167
104 180
104 189
104 194
105 106
105 162
106 107
106 116
106 164
106 166
106 179
106 194
107 108
107 173
108 109
108 119
108 143
108 149
108 155
109 110
109 181
109 182
110 111
110 118
110 169
111 112
111 129
112 113
112 120
112 152
112 178
113 114
113 180
114 115
114 152
114 157
115 116
115 183
116 117
116 156
116 166
117 118
117 125
117 163
117 168
117 172
118 119
118 125
118 158
119 120
119 133
119 175
120 121
120 195
121 122
121 144
121 145
121 178
121 184
121 197
122 123
122 134
122 148
122 149
122 157
122 170
123 124
123 134
123 175
123 178
123 184
124 125
124 167
124 195
125 126
125 135
125 175
125 188
125 198
125 199
126 127
126 148
126 189
127 128
127 163
128 129
129 130
129 143
129 148
129 179
129 194
130 131
130 137
130 179
131 132
131 177
131 190
131 193
132 133
132 141
132 159
132 180
133 134
133 137
133 142
134 135
134 181
135 136
135 152
135 173
136 137
136 163
136 172
136 185
136 190
137 138
137 198
138 139
138 143
138 163
138 174
138 192
139 140
140 141
140 147
140 155
140 170
140 199
141 142
141 161
141 194
142 143
142 195
143 144
143 146
143 161
144 145
144 149
144 166
145 146
145 154
145 160
145 166
145 168
146 147
146 155
146 157
146 161
147 148
148 149
148 187
148 191
149 150
149 156
149 159
149 187
150 151
150 190
150 192
150 197
151 152
151 170
151 188
152 153
152 180
153 154
153 166
154 155
154 166
154 171
155 156
155 169
156 157
157 158
157 198
158 159
159 160
159 184
160 161
160 193
160 198
161 162
162 163
162 166
162 184
163 164
163 198
164 165
164 184
165 166
166 167
166 184
167 168
167 199
168 169
168 179
168 183
169 170
170 171
170 188
170 189
171 172
171 178
171 193
172 173
173 174
173 192
174 175
174 180
174 183
174 194
174 199
175 176
175 187
175 194
176 177
176 195
177 178
178 179
178 188
178 189
179 180
179 187
180 181
180 182
180 187
181 182
182 183
182 186
182 192
183 184
184 185
185 186
185 187
186 187
187 188
188 189
188 195
189 190
190 191
190 194
191 192
192 193
193 194
194 195
195 196
196 197
197 198
198 199
