0 42.250331690417696
1 38.0247480685515
2 114.7352484873276
3 99.76160249139029
4 36.77425607997439
5 35.787394025476544
6 25.824002310588007
7 100.3653624490485
8 45.96717323839756
9 112.81564211896803
10 32.775333545525136
11 114.46696517697796
12 102.98256315637889
13 55.71996575585915
14 95.98107644571944
15 48.09285142365749
16 27.670939385588284
17 49.29009995959348
18 35.0784211250003
19 106.09491549867951
20 55.62426340145358
21 48.615131028011234
22 47.75915653154598
23 87.55174999476219
24 101.23687987045136
25 105.21294227391229
26 63.47586996925646
27 81.53085874202625
28 82.74010773209307
29 52.982591211104875
30 25.285448516103607
31 48.761751410289314
32 99.7653210689809
33 82.54713452097306
34 32.23038868454288
35 36.58627351881201
36 94.71295617677963
37 58.43331549891369
38 41.94359158303533
39 89.49388982099305
40 48.052607596893175
41 62.53841572874078
42 28.572477828421754
43 85.6161014475364
44 54.651938545631964
45 79.46351552156024
46 114.65337568445241
47 50.7454904563314
48 103.32989077281542
49 74.54626760287762
50 47.22735296277452
51 75.76141313902616
52 35.05225245022626
53 53.8052578627997
54 68.27376205227739
55 90.78566747889768
56 86.53534017027471
57 36.51184194857118
58 37.44796559784534
59 29.957911581043433
60 35.49620861486768
61 115.73436619433579
62 101.14482752622094
63 54.41202094950601
64 51.385430854739226
65 29.953476696486305
66 66.06975869795727
67 87.85095359750886
68 21.16117551677062
69 119.72621444724511
70 27.784222616635326
71 59.059126593030015
72 63.51094884367983
73 97.38043417667795
74 25.102766969976482
75 38.75768102352886
76 66.90002808141978
77 114.85004857590285
78 39.753831940680435
79 104.39945862122259
80 86.92328766469193
81 75.01545989404534
82 37.37670978103101
83 65.81688639250038
84 116.65972639353824
85 95.29245994116974
86 50.712197892780296
87 37.07737432034473
88 100.07672399818713
89 98.71682003608058
90 38.7546697902239
91 45.467269596533825
92 93.00366118743051
93 77.40062775166518
94 116.66837160089041
95 27.216777563031616
96 88.79222963347551
97 45.99041820166613
98 40.43101780683448
99 71.39467827897076
100 116.50337792102466
101 78.63597370645468
102 47.45279896821141
103 38.34309367751409
104 88.30852188085107
105 101.9826309552229
106 99.82917323445702
107 97.08894893215991
108 119.76532141278739
109 98.82882616140849
110 50.42088424518587
111 97.36015867752063
112 71.72590296297851
113 62.34447238071792
114 53.61486433886092
115 116.151025650829
116 65.85819570950008
117 29.124754098895142
118 72.40482924565869
119 96.222693283939
120 107.1085555104656
121 110.85773245524011
122 91.34046950338345
123 24.4909310459063
124 105.90661320156767
125 39.013158537311845
126 30.929403318024978
127 81.94493419418215
128 30.5109258962472
129 34.71369569136263
130 73.23610445469637
131 33.557216350239486
132 35.61659412623487
133 116.82877495459296
134 50.70724740065263
135 116.58607887423476
136 107.19377983222077
137 65.3350751822455
138 20.663050778861308
139 28.738562823671753
140 35.49859867101998
141 64.11669000841789
142 46.42933225467414
143 113.8531766790272
144 78.29560592118517
145 57.6317796745679
146 32.74517208406366
147 92.07810709968403
148 104.55369379593469
149 69.25153432289804
150 117.86623604325415
151 83.96204583513376
152 115.2249359413031
153 45.58115550876654
154 107.69393473662313
155 33.44112607321861
156 22.18846769640031
157 110.70141066603897
158 48.29581292165358
159 43.39690795102844
160 29.039276182590417
161 37.02330838568214
162 72.34264003859414
163 99.2767500843826
164 98.12433351350607
165 65.3272632461825
166 22.272909611557594
167 71.20929947232726
168 107.0761955158532
169 35.562129662755474
170 48.40553320232772
171 53.11425580608589
172 95.0668523498551
173 22.10824223631887
174 103.75675452311093
175 118.49693312079945
176 74.10226674874951
177 102.46268205776474
178 108.97737438362445
179 46.934629196995445
180 33.90068068979896
181 26.683734236744666
182 40.61162945947025
183 102.70310375230466
184 100.24544196712567
185 96.4355284850523
186 103.78912297274691
187 27.557992396170565
188 116.17577153724844
189 107.10266717419506
190 86.49646411353562
191 43.37729155587147
192 102.9764935962533
193 54.19865368682669
194 56.73534052148897
195 47.18752010070937
196 23.65048279863498
197 56.170705958687726
198 56.158962646613446
199 21.03754734331921
0 1
0 7
0 35
0 66
0 79
0 93
0 94
0 98
0 113
0 121
0 131
0 141
0 146
0 154
0 159
0 166
0 174
0 175
1 2
1 3
1 19
1 27
1 32
1 67
1 68
1 71
1 92
1 98
1 101
1 107
1 147
1 159
1 184
1 193
2 3
2 45
2 52
2 86
2 125
2 127
2 167
2 171
2 181
2 189
2 196
3 4
3 26
3 32
3 46
3 76
3 100
3 142
3 167
3 174
3 181
3 191
4 5
4 20
4 52
4 56
4 73
4 78
4 83
4 93
4 103
4 113
4 116
4 126
4 159
4 181
4 190
4 191
4 192
4 195
5 6
5 7
5 8
5 16
5 36
5 47
5 63
5 64
5 76
5 97
5 100
5 109
5 134
5 181
5 199
6 7
6 26
6 37
6 58
6 60
6 70
6 87
6 88
6 97
6 100
6 114
6 120
6 128
6 130
6 136
6 142
6 174
6 186
6 195
7 8
7 40
7 52
7 105
7 146
7 147
7 155
7 166
8 9
8 11
8 46
8 52
8 56
8 77
8 88
8 107
8 138
8 162
8 168
8 179
8 187
8 193
9 10
9 30
9 33
9 68
9 91
9 97
9 123
9 138
9 140
9 142
9 193
10 11
10 17
10 31
10 50
10 63
10 75
10 89
10 97
10 114
10 127
10 133
10 143
10 151
10 160
10 170
11 12
11 39
11 63
11 65
11 100
11 106
11 112
11 127
11 143
11 152
11 157
11 184
11 189
11 194
12 13
12 33
12 40
12 89
12 95
12 112
12 126
12 146
12 179
12 193
13 14
13 24
13 39
13 47
13 59
13 61
13 63
13 81
13 85
13 105
13 113
13 114
13 136
13 158
14 15
14 43
14 46
14 104
14 118
14 119
14 125
14 138
14 152
14 168
14 173
14 174
15 16
15 19
15 27
15 39
15 44
15 60
15 88
15 89
15 91
15 100
15 138
15 140
15 159
15 160
15 184
16 17
16 21
16 24
16 25
16 33
16 36
16 47
16 64
16 78
16 93
16 97
16 121
16 130
16 141
16 176
16 181
16 186
16 192
17 18
17 32
17 43
17 44
17 64
17 65
17 66
17 74
17 78
17 87
17 94
17 97
17 144
17 149
17 166
18 19
18 51
18 78
18 84
18 95
18 119
18 152
18 167
18 184
18 189
18 199
19 20
19 37
19 41
19 49
19 50
19 67
19 74
19 80
19 105
19 107
19 116
19 128
19 162
19 164
19 181
19 184
20 21
20 32
20 41
20 63
20 72
20 89
20 105
20 107
20 119
20 176
20 182
20 194
21 22
21 35
21 37
21 54
21 61
21 68
21 91
21 95
21 107
21 149
21 180
22 23
22 32
22 42
22 45
22 48
22 137
22 152
22 172
22 195
23 24
23 33
23 44
23 61
23 62
23 74
23 75
23 82
23 92
23 108
23 119
23 132
23 145
23 150
23 161
23 178
23 192
23 195
24 25
24 27
24 33
24 61
24 83
24 93
24 104
24 146
24 147
24 160
24 189
24 197
25 26
25 39
25 58
25 102
25 104
25 110
25 126
25 128
25 139
25 155
25 176
25 186
26 27
26 41
26 66
26 78
26 85
26 91
26 99
26 100
26 135
26 140
26 142
26 162
26 171
26 185
26 198
27 28
27 39
27 46
27 72
27 78
27 118
27 123
27 127
27 134
27 150
27 165
27 166
27 184
27 195
28 29
28 69
28 113
28 116
28 132
28 141
28 148
28 152
28 167
28 169
29 30
29 39
29 49
29 60
29 89
29 157
29 171
29 173
29 174
29 184
30 31
30 48
30 60
30 79
30 83
30 108
30 119
30 123
30 136
30 145
30 170
30 173
30 185
30 187
30 198
31 32
31 57
31 106
31 129
31 130
31 142
31 150
31 152
31 165
31 198
32 33
32 42
32 70
32 77
32 88
32 110
32 123
32 133
32 137
32 158
32 167
32 168
32 182
32 188
33 34
33 35
33 49
33 51
33 61
33 64
33 85
33 95
33 103
33 104
33 116
33 117
33 132
33 156
33 165
33 166
33 185
34 35
34 56
34 65
34 75
34 78
34 109
34 110
34 116
34 118
34 121
34 140
34 144
34 148
34 151
34 155
34 172
34 178
34 179
34 192
35 36
35 46
35 74
35 88
35 134
35 170
35 195
36 37
36 39
36 45
36 61
36 71
36 78
36 83
36 93
36 95
36 98
36 102
36 114
36 120
36 159
36 160
36 161
36 163
36 181
36 192
36 193
37 38
37 44
37 53
37 55
37 67
37 84
37 110
37 134
37 180
37 190
37 193
38 39
38 43
38 47
38 63
38 69
38 83
38 108
38 111
38 133
38 170
38 175
38 184
38 188
38 197
39 40
39 45
39 60
39 84
39 90
39 116
39 144
39 161
39 169
40 41
40 43
40 46
40 61
40 80
40 83
40 86
40 87
40 92
40 100
40 168
40 172
40 185
41 42
41 53
41 93
41 102
41 104
41 111
41 133
41 159
41 175
41 192
41 196
42 43
42 74
42 85
42 100
42 111
42 144
42 155
42 179
42 193
43 44
43 45
43 49
43 50
43 59
43 89
43 127
43 131
43 140
43 141
43 159
43 193
43 194
44 45
44 60
44 66
44 67
44 92
44 93
44 121
44 126
44 131
44 143
44 179
44 182
44 184
44 193
44 197
44 199
45 46
45 69
45 92
45 111
45 125
45 134
45 175
45 181
45 182
45 196
45 198
46 47
46 69
46 96
46 111
46 113
46 114
46 123
46 131
46 178
46 187
47 48
47 78
47 122
47 134
47 151
47 163
47 166
47 167
47 190
47 194
48 49
48 69
48 81
48 94
48 110
48 167
48 177
49 50
49 57
49 66
49 68
49 98
49 118
49 120
49 125
49 130
49 131
49 144
49 148
49 149
49 152
49 163
49 167
49 170
49 194
49 195
50 51
50 57
50 67
50 74
50 82
50 104
50 110
50 177
50 179
51 52
51 58
51 79
51 91
51 93
51 138
51 157
51 166
51 192
52 53
52 57
52 62
52 70
52 83
52 87
52 126
52 133
52 139
52 159
52 160
52 192
52 196
53 54
53 59
53 65
53 84
53 91
53 113
53 121
53 148
53 150
53 154
53 176
53 192
53 195
54 55
54 61
54 69
54 72
54 78
54 98
54 135
54 144
54 154
54 169
54 199
55 56
55 73
55 87
55 89
55 111
55 112
55 119
55 137
55 162
55 163
55 169
56 57
56 61
56 63
56 74
56 87
56 95
56 107
56 147
56 148
56 188
57 58
57 63
57 86
57 102
57 117
57 119
57 127
57 138
57 144
57 163
57 170
57 171
57 184
57 196
58 59
58 72
58 79
58 83
58 101
58 140
58 156
59 60
59 71
59 75
59 76
59 84
59 107
59 114
59 124
59 132
59 134
59 191
59 192
59 194
59 197
60 61
60 98
60 104
60 110
60 123
60 150
61 62
61 105
61 110
61 122
61 128
61 134
61 145
61 146
61 174
61 182
61 184
62 63
62 77
62 93
62 107
62 109
62 115
62 152
62 156
62 159
62 173
62 197
63 64
63 67
63 74
63 100
63 144
63 163
63 166
63 181
63 182
63 186
64 65
64 76
64 80
64 85
64 95
64 98
64 122
64 154
64 155
64 199
65 66
65 71
65 87
65 97
65 118
65 120
65 135
65 151
65 195
66 67
66 73
66 74
66 81
66 88
66 92
66 137
66 139
66 143
66 163
66 172
66 180
66 184
67 68
67 69
67 100
67 106
67 133
67 144
67 154
67 171
67 190
67 198
68 69
68 86
68 129
68 134
68 137
68 153
68 155
68 156
68 170
68 175
68 196
69 70
69 74
69 81
69 111
69 126
69 130
69 146
69 150
69 166
69 173
70 71
70 85
70 87
70 105
70 106
70 115
70 127
70 128
70 147
70 169
70 170
70 171
70 182
70 192
70 199
71 72
71 83
71 107
71 130
71 136
71 144
71 173
71 182
72 73
72 88
72 147
72 148
72 155
72 159
72 170
72 173
72 178
72 181
72 189
73 74
73 79
73 130
73 146
73 152
73 171
73 180
73 181
73 186
74 75
74 88
74 112
74 140
74 150
74 151
74 156
74 182
75 76
75 78
75 109
75 123
75 133
75 144
75 148
75 167
75 169
75 178
75 188
75 190
75 196
76 77
76 78
76 84
76 91
76 110
76 130
76 135
76 139
76 153
76 154
76 180
77 78
77 80
77 83
77 102
77 136
78 79
78 90
78 104
78 110
78 123
78 160
78 172
78 173
78 181
78 190
79 80
79 118
79 119
79 131
79 134
79 141
79 142
79 153
79 174
79 194
79 198
80 81
80 82
80 100
80 140
80 170
80 173
81 82
81 84
81 95
81 122
81 151
81 172
81 181
81 188
82 83
82 96
82 106
82 158
83 84
83 90
83 93
83 95
83 120
83 122
83 125
83 161
83 171
83 188
83 190
84 85
84 88
84 103
84 120
84 121
84 129
84 178
84 186
84 194
84 196
85 86
85 97
85 119
85 127
85 165
85 170
85 177
85 183
85 197
86 87
86 113
86 133
86 137
87 88
87 94
87 97
87 114
87 125
87 134
87 136
87 139
87 155
87 156
87 162
87 168
87 175
88 89
88 136
88 159
88 173
88 181
88 193
89 90
89 119
89 129
89 135
89 140
89 160
89 172
89 198
90 91
90 104
90 118
90 120
90 163
90 167
90 171
90 178
90 189
90 196
91 92
91 94
91 106
91 119
91 120
91 135
91 143
91 144
91 171
91 172
91 174
92 93
92 104
92 106
92 117
92 125
92 133
92 147
92 174
92 184
92 193
93 94
93 97
93 139
93 146
93 176
94 95
94 103
94 115
94 122
94 134
94 137
94 138
94 145
94 183
95 96
95 109
95 110
95 111
95 123
95 124
95 148
95 153
95 155
95 157
95 177
96 97
96 103
96 113
96 132
96 145
96 150
96 152
96 155
96 166
96 173
96 184
96 195
97 98
97 109
97 120
97 137
97 155
97 181
97 182
97 184
97 190
98 99
98 128
98 132
98 147
98 150
98 155
98 170
98 171
98 177
98 179
99 100
99 117
99 119
99 120
99 123
99 125
99 129
99 132
99 157
99 170
99 173
99 174
99 177
99 178
99 183
99 184
99 190
100 101
100 130
100 153
100 154
100 168
100 194
101 102
101 103
101 108
101 118
101 141
101 146
101 168
101 173
102 103
102 121
102 168
102 170
102 183
102 184
102 190
102 195
103 104
103 112
104 105
104 108
104 109
104 114
104 135
104 138
104 141
104 147
104 148
104 187
105 106
105 108
105 114
105 127
105 155
105 156
105 169
105 195
106 107
106 135
106 137
106 181
106 184
107 108
107 132
107 133
107 136
107 150
107 154
107 162
107 166
107 174
107 197
108 109
108 118
108 137
108 149
108 152
108 161
108 173
108 179
108 184
108 196
109 110
109 115
109 134
109 138
109 140
109 149
109 158
109 165
109 171
109 178
109 199
110 111
110 147
110 151
110 177
110 181
110 189
111 112
111 134
111 138
111 145
111 151
111 156
111 172
111 173
111 192
112 113
112 129
112 132
112 146
112 177
112 187
113 114
113 123
113 136
113 140
113 143
113 168
113 181
113 190
113 192
113 198
114 115
114 143
114 152
114 154
114 176
114 178
114 187
115 116
115 140
115 149
116 117
116 164
116 165
116 170
116 185
117 118
117 125
117 135
117 173
117 175
117 183
117 184
118 119
118 124
118 127
118 166
118 174
118 180
119 120
119 140
119 142
119 163
119 166
119 167
120 121
120 122
120 134
120 145
120 149
120 150
120 155
120 156
120 162
120 170
120 171
120 186
121 122
121 155
121 159
121 163
121 165
121 175
121 184
122 123
122 129
122 130
122 141
123 124
123 127
123 150
123 160
123 175
123 181
124 125
124 128
124 134
124 135
124 166
124 175
124 181
125 126
125 156
125 163
125 173
125 175
125 195
126 127
126 135
126 146
126 159
126 172
126 179
126 187
127 128
127 136
127 177
128 129
128 135
128 150
128 166
128 173
129 130
129 147
129 182
129 187
129 192
130 131
130 139
130 146
130 165
130 178
130 192
131 132
131 156
131 157
131 183
132 133
132 142
132 149
132 151
132 156
132 182
132 187
133 134
133 148
133 178
134 135
134 162
134 166
134 189
134 197
135 136
135 160
135 180
135 195
135 198
136 137
136 146
136 151
136 166
136 172
136 187
136 189
136 194
137 138
137 159
138 139
138 162
138 181
138 196
139 140
139 142
139 171
139 175
140 141
140 153
140 154
140 172
141 142
141 150
142 143
142 177
142 189
143 144
143 161
143 166
143 194
143 199
144 145
145 146
145 168
145 183
146 147
146 148
146 177
146 182
146 188
147 148
147 149
147 160
147 176
148 149
148 167
148 180
148 186
148 191
148 194
149 150
149 157
149 162
149 172
149 180
149 183
149 191
149 197
150 151
150 152
150 159
150 164
150 181
151 152
151 173
151 186
152 153
152 175
152 186
152 193
152 196
153 154
153 163
153 166
153 177
154 155
154 164
154 167
154 170
154 199
155 156
155 159
155 164
155 172
155 173
156 157
156 169
156 178
156 186
156 188
156 189
157 158
157 166
157 182
157 189
157 199
158 159
158 174
158 181
158 182
158 197
159 160
159 161
159 163
159 176
159 186
159 187
159 195
160 161
160 175
161 162
161 169
161 178
161 197
162 163
162 175
162 197
162 198
163 164
163 167
163 185
164 165
164 180
164 185
165 166
166 167
166 172
167 168
167 184
167 194
168 169
168 173
168 181
168 183
168 197
169 170
170 171
170 181
170 198
170 199
171 172
171 177
171 187
171 191
172 173
172 183
172 193
173 174
173 180
173 186
173 192
173 195
174 175
174 181
174 182
174 184
175 176
175 190
175 195
176 177
176 184
176 186
176 187
176 197
177 178
177 187
177 195
178 179
178 190
178 193
179 180
179 184
179 192
180 181
180 186
181 182
181 194
182 183
182 192
182 197
183 184
183 186
183 192
184 185
184 187
185 186
185 196
185 199
186 187
186 188
187 188
187 192
188 189
188 191
188 194
188 196
189 190
189 191
189 196
190 191
191 192
192 193
193 194
194 195
194 196
195 196
196 197
197 198
198 199
