0 37.26609883347054
1 114.22410610739631
2 94.44773362891267
3 114.88258629544102
4 22.91884729597318
5 106.20026057680008
6 43.347001919521894
7 119.69295860761179
8 72.92390214088444
9 87.63367872470904
10 50.34389644750702
11 73.81904960975683
12 52.47016867303615
13 111.44363685511928
14 87.71521025376009
15 93.90210561237397
16 26.62030148618486
17 60.29617201948232
18 54.997004630677964
19 118.12239905477247
20 98.45236117710448
21 62.875054314723
22 59.88105900328189
23 63.993987949443415
24 50.85757593362317
25 53.66252672537048
26 52.64688779534324
27 58.41833300182531
28 58.183772118137185
29 71.44772155439699
30 69.82082708354443
31 57.919746906889806
32 32.44922536650817
33 87.97202604349579
34 92.85140240538406
35 87.2395471516083
36 95.51180057294066
37 107.43714495867584
38 55.812799534381924
39 37.84470194697971
40 23.36342656465911
41 80.04292500019028
42 42.49594969297165
43 84.4106599318863
44 91.63011776038671
45 28.288515064236137
46 97.7193724486022
47 96.96698124696512
48 62.392892772377216
49 93.46174722714106
50 40.28958134885646
51 49.14822424087853
52 91.60509047631767
53 71.55808899840883
54 105.7635462166027
55 48.87157305601951
56 103.66678031935919
57 22.811906929031416
58 66.0132878358724
59 46.76644576910023
60 75.12706251269657
61 107.08918298274158
62 69.56543118478729
63 109.81037581906992
64 93.0202608975304
65 118.58223967049278
66 21.78611670650173
67 82.87924191602968
68 105.00212998658083
69 67.56342204962642
70 77.20437976728094
71 99.2989177780006
72 58.23738442976963
73 84.39611241344736
74 47.614737385436854
75 42.98927122014833
76 31.899996213077966
77 101.56784680882083
78 39.07238922529197
79 109.4203500780082
80 104.18285783902559
81 103.20169718171447
82 118.49208415176518
83 60.35454273180438
84 58.873583026054796
85 118.31852068658671
86 76.2843824480957
87 118.22733268057854
88 28.83836241862327
89 74.06405717727658
90 95.31067515526186
91 100.02324344308632
92 94.16596108395917
93 118.18125759084346
94 58.41099381365392
95 47.63244765824512
96 101.25904479801467
97 66.19967517361971
98 26.85628614007459
99 71.92739096898231
100 45.82029469097691
101 28.130090328259477
102 100.29950993115395
103 91.17776438800583
104 67.46578706843658
105 21.8940216015381
106 25.14753871232376
107 110.92596822046347
108 36.60837037640556
109 86.28410792231706
110 52.748536464126566
111 62.074191963615945
112 75.28890372871753
113 64.9428137595016
114 61.38708853042503
115 86.68813161754807
116 42.79334590288108
117 44.66328588356542
118 46.80208926520081
119 36.90120534567319
120 34.178877721218356
121 96.25757921019492
122 54.78998592064474
123 31.30713989722929
124 85.2423790983642
125 84.30394279650285
126 76.4286609045873
127 95.35761856767368
128 50.999752670768764
129 83.27615765899182
130 51.55488610105603
131 97.53561667100776
132 26.404706872355106
133 61.874439078664636
134 29.350943687012645
135 81.45400120270942
136 107.82083010442888
137 74.81874170998614
138 116.24367332076798
139 85.5327766505762
140 51.670853927811024
141 31.931731159789592
142 100.7918027075059
143 36.5373763912573
144 72.72227609895089
145 98.03011985260753
146 82.83519174381485
147 101.01423689203536
148 38.62854376440957
149 113.95943940495174
150 49.90213757245049
151 79.53880632048507
152 59.63026601720292
153 119.04872132938533
154 37.71865259998353
155 32.69505713329268
156 42.73098775934183
157 98.32802440307802
158 83.63624496275384
159 34.83451016104702
160 78.1972993475778
161 74.0430703585342
162 31.89235902296092
163 61.91658661659679
164 52.893133116916964
165 110.3177068479391
166 77.84034078211573
167 33.11113897824578
168 39.743306602126395
169 102.25633355348543
170 44.6334067599883
171 42.34780691940067
172 95.53152535659471
173 76.34476810134329
174 70.31980414835783
175 35.625819095920825
176 110.27316613133554
177 37.69952703484468
178 45.903916491726996
179 112.65174147998479
180 90.56339965834005
181 61.531821217079134
182 85.65084145887235
183 57.25158619476559
184 26.58627292785713
185 41.13402311847426
186 29.75950288518088
187 30.00758632330351
188 87.8806187369554
189 72.76272751329789
190 76.5021380035588
191 88.698871542324
192 116.49375567042522
193 78.98400726674132
194 116.02553537332149
195 37.379176631912074
196 37.814099131433196
197 46.36274623670671
198 91.23215437811352
199 43.303608247129844
0 1
0 12
0 14
0 18
0 72
0 78
0 87
0 95
0 99
0 109
0 169
0 179
0 193
1 2
1 22
1 28
1 32
1 46
1 66
1 102
1 143
1 147
1 154
1 160
1 166
1 192
2 3
2 17
2 37
2 56
2 91
2 108
2 115
2 170
3 4
3 64
3 80
3 94
3 97
3 102
3 130
3 169
3 196
4 5
4 33
4 76
4 164
4 178
4 180
5 6
5 42
5 48
5 108
5 123
5 137
5 166
5 168
5 179
5 183
5 192
6 7
6 26
6 69
6 80
6 103
6 105
6 115
6 118
6 199
7 8
7 42
7 58
7 71
7 72
7 114
7 124
7 132
7 156
7 172
7 186
7 189
8 9
8 11
8 23
8 34
8 56
8 66
8 84
8 92
8 100
8 104
8 112
8 114
8 162
8 170
8 184
9 10
9 14
9 34
9 40
9 59
9 71
9 91
9 105
9 126
9 140
9 142
9 145
9 147
9 171
9 174
9 175
9 180
10 11
10 18
10 23
10 24
10 54
10 63
10 74
10 86
10 96
10 138
10 192
10 193
11 12
11 39
11 79
11 96
11 97
11 114
11 123
11 128
11 143
11 163
11 188
11 198
12 13
12 26
12 37
12 57
12 58
12 92
12 113
12 114
12 135
12 159
12 176
12 178
12 189
13 14
13 27
13 39
13 99
13 189
13 191
13 193
14 15
14 61
14 117
14 122
14 124
14 132
14 179
14 189
15 16
15 26
15 33
15 72
15 90
15 103
15 165
15 171
15 178
15 189
16 17
16 129
16 145
16 164
16 173
17 18
17 51
17 60
17 66
17 91
17 108
17 116
17 125
17 136
17 178
17 179
17 186
18 19
18 22
18 24
18 33
18 37
18 63
18 73
18 75
18 81
18 88
18 108
18 110
18 126
18 130
18 131
18 147
18 153
18 195
19 20
19 63
19 71
19 79
19 136
20 21
20 51
20 63
20 98
20 101
20 118
20 127
20 154
20 167
20 197
21 22
21 74
21 83
21 107
21 117
21 162
21 174
21 178
22 23
22 38
22 45
22 88
22 149
22 150
22 174
23 24
23 42
23 55
23 65
23 67
23 92
23 102
23 104
23 107
23 152
23 174
23 197
24 25
24 42
24 44
24 66
24 91
24 92
24 97
24 105
24 158
24 174
25 26
25 84
25 91
25 93
25 107
25 110
25 117
25 138
25 149
26 27
26 35
26 72
26 95
26 183
26 186
26 198
27 28
27 77
27 94
27 110
27 127
27 159
27 161
27 173
27 193
27 199
28 29
28 43
28 162
28 168
28 174
28 183
28 185
29 30
29 33
29 38
29 45
29 93
29 134
29 142
29 170
29 171
29 193
29 197
30 31
30 83
30 89
30 92
30 138
30 143
30 160
30 173
30 187
30 189
31 32
31 38
31 47
31 55
31 82
31 99
31 101
31 126
31 134
31 152
31 183
31 186
31 188
32 33
32 46
32 54
32 58
32 73
32 76
32 123
32 156
32 159
32 160
32 161
32 171
32 176
32 181
33 34
33 37
33 55
33 63
33 88
33 127
33 169
34 35
34 44
34 79
34 86
34 120
34 128
34 174
35 36
35 42
35 129
35 149
35 169
35 185
35 198
36 37
36 40
36 92
36 99
36 110
36 117
36 145
36 166
37 38
37 41
37 42
37 49
37 53
37 69
37 72
37 144
37 170
37 179
37 182
37 191
37 199
38 39
38 81
38 85
38 90
38 120
38 150
38 156
38 158
39 40
39 49
39 63
39 67
39 68
39 90
39 92
39 124
39 152
39 154
39 179
39 198
40 41
40 64
40 77
40 85
40 130
40 147
40 182
41 42
41 43
41 56
41 112
41 146
41 156
41 172
41 185
42 43
42 46
42 71
42 154
42 173
43 44
43 49
43 51
43 53
43 54
43 57
43 77
43 91
43 110
43 125
43 158
43 164
43 182
44 45
44 48
44 65
44 68
44 79
44 112
44 122
44 131
44 148
44 157
44 196
45 46
45 78
45 86
45 100
45 104
45 108
45 118
45 119
45 135
45 137
45 139
45 186
46 47
46 57
46 75
46 78
46 98
46 105
46 107
46 135
46 139
46 199
47 48
47 59
47 60
47 92
47 177
47 180
47 181
48 49
48 56
48 59
48 64
48 78
48 111
48 115
48 181
48 182
48 194
49 50
49 73
49 79
49 81
49 154
49 188
50 51
50 64
50 84
50 85
50 109
50 129
50 154
50 175
50 192
51 52
51 92
51 106
51 143
51 153
52 53
52 100
52 101
52 114
52 150
52 166
52 191
53 54
53 81
53 90
53 91
53 118
53 142
53 146
53 189
53 190
54 55
54 79
54 98
54 134
54 148
54 170
54 177
54 186
54 190
54 194
54 199
55 56
55 87
55 94
55 95
55 115
55 121
55 127
55 153
55 155
55 196
56 57
56 106
56 111
56 116
56 121
56 126
56 137
56 139
56 153
56 197
57 58
57 63
57 69
57 74
57 80
57 106
57 129
57 152
57 159
57 166
57 182
58 59
58 99
58 106
58 131
58 136
58 166
58 174
59 60
59 70
59 90
59 120
59 167
59 173
60 61
60 105
60 125
60 140
60 141
60 155
60 159
60 163
61 62
61 86
61 99
61 102
61 120
61 121
61 141
61 153
61 159
61 171
61 187
62 63
62 65
62 97
62 98
62 148
63 64
63 84
63 89
63 118
63 137
63 139
63 148
63 156
63 194
64 65
64 84
64 98
64 105
64 134
64 156
64 168
64 170
64 185
65 66
65 96
65 122
65 181
65 194
66 67
66 81
66 88
66 125
66 131
66 137
66 161
66 198
67 68
67 73
67 91
67 94
67 110
67 182
67 199
68 69
68 90
68 93
68 99
68 134
68 158
69 70
69 82
69 103
69 108
69 148
69 167
70 71
70 79
70 100
70 115
70 121
70 136
70 146
70 163
70 169
70 190
71 72
71 89
71 100
71 122
71 134
71 143
71 153
72 73
72 75
72 77
72 86
72 99
72 104
72 116
72 124
72 137
72 150
72 162
73 74
73 95
73 97
73 103
73 161
73 166
73 168
74 75
74 96
74 104
74 130
74 170
74 182
75 76
75 81
75 140
75 165
75 197
76 77
76 98
76 108
76 119
76 152
76 156
76 185
76 188
77 78
77 89
77 106
77 124
77 128
77 157
77 169
77 172
77 181
78 79
78 91
78 97
78 142
78 154
78 182
78 191
78 198
78 199
79 80
79 101
79 143
79 169
79 182
80 81
80 98
80 105
80 106
80 141
80 148
80 180
80 186
81 82
81 90
81 91
81 103
81 185
81 192
81 194
82 83
82 93
82 122
83 84
83 87
83 122
83 145
84 85
84 99
84 106
84 129
84 156
84 161
84 163
85 86
85 91
85 110
85 143
85 147
85 174
85 177
86 87
86 112
86 159
86 171
87 88
87 92
87 135
87 146
87 167
87 194
88 89
88 94
88 133
88 173
88 187
89 90
89 120
89 124
89 128
89 137
89 158
89 198
90 91
90 98
90 103
90 108
90 110
90 120
90 126
90 129
90 148
90 172
90 173
90 194
91 92
91 95
91 100
91 123
91 146
91 163
91 172
92 93
92 96
92 112
92 161
93 94
93 96
93 147
93 183
94 95
94 101
94 117
95 96
95 107
95 138
95 140
95 150
95 162
95 180
96 97
96 105
96 121
96 125
96 130
96 192
96 195
97 98
97 115
97 129
97 135
97 174
97 182
97 191
97 199
98 99
98 100
98 119
98 168
99 100
99 106
99 109
99 115
99 121
99 131
99 140
99 144
99 166
99 176
99 182
100 101
100 140
100 144
100 149
100 155
100 163
100 190
101 102
101 140
101 141
101 150
101 163
101 175
101 192
102 103
102 122
102 140
102 144
102 152
103 104
103 129
103 137
103 141
103 144
103 166
104 105
104 114
104 116
104 182
104 191
104 196
105 106
105 141
105 147
105 182
105 184
106 107
106 127
106 172
106 177
106 180
106 199
107 108
107 129
107 136
107 150
107 191
108 109
108 112
108 149
108 170
109 110
109 180
110 111
110 130
110 148
110 171
110 173
110 182
111 112
111 131
111 154
111 185
111 192
111 195
112 113
112 198
113 114
113 146
113 171
113 180
113 184
113 197
113 198
114 115
114 135
114 142
115 116
115 127
115 142
115 147
115 167
115 188
116 117
116 139
116 181
116 186
116 192
116 195
117 118
117 155
117 156
117 158
118 119
118 136
118 162
118 165
118 171
118 187
119 120
119 133
119 142
119 159
120 121
120 136
120 137
120 192
120 194
120 195
121 122
121 124
121 128
121 136
121 141
121 167
121 172
121 198
122 123
122 129
122 152
123 124
123 135
123 165
123 182
124 125
124 148
124 170
124 175
125 126
125 131
125 145
125 175
125 191
126 127
126 160
126 166
126 185
126 188
127 128
127 129
127 150
127 168
127 179
128 129
128 173
128 197
129 130
129 137
129 159
129 192
130 131
130 132
130 134
130 135
130 190
130 198
131 132
131 155
131 197
132 133
132 140
132 149
132 163
132 196
133 134
133 136
133 159
133 160
133 166
133 176
133 183
133 185
133 189
133 195
134 135
134 139
134 191
134 193
134 195
135 136
135 146
135 156
135 167
135 179
135 182
135 191
136 137
136 161
137 138
137 139
137 143
137 146
137 158
137 162
137 175
137 190
138 139
138 145
138 193
139 140
139 169
139 181
140 141
140 143
140 148
140 169
141 142
141 163
141 195
142 143
142 148
142 180
143 144
143 183
144 145
144 197
145 146
145 159
145 173
145 196
145 198
146 147
146 152
147 148
147 149
147 162
147 172
148 149
148 161
148 166
148 181
148 183
149 150
149 156
149 164
149 172
149 175
149 196
150 151
150 169
150 187
151 152
151 158
151 163
151 167
151 199
152 153
152 159
152 182
152 188
153 154
153 157
153 162
154 155
154 181
154 192
155 156
155 186
156 157
157 158
157 186
157 193
158 159
158 167
158 172
158 179
158 185
158 192
159 160
159 178
159 196
160 161
160 181
161 162
161 191
162 163
162 176
162 188
163 164
163 174
163 194
164 165
164 174
164 177
164 181
164 199
165 166
165 187
166 167
166 184
167 168
168 169
168 172
168 184
169 170
169 197
170 171
171 172
171 180
172 173
172 175
172 180
172 185
173 174
173 193
174 175
174 183
175 176
175 178
175 184
176 177
177 178
177 180
177 195
178 179
178 196
179 180
179 194
180 181
180 188
181 182
181 184
182 183
183 184
183 187
183 196
184 185
184 194
185 186
185 188
186 187
187 188
188 189
188 199
189 190
189 196
190 191
191 192
192 193
193 194
194 195
195 196
196 197
197 198
198 199
