0 41.86430742219798
1 113.30049349502477
2 107.37407101974688
3 113.64404377700403
4 107.56249636862073
5 55.52711072589099
6 60.82028311201484
7 55.72101866464643
8 70.76021094904269
9 70.53361049867935
10 82.32966060248435
11 89.39523632739963
12 28.10974285132514
13 85.10183492448877
14 50.13237845700331
15 78.81199521860754
16 75.47922682997361
17 43.03509577951991
18 22.43136820199885
19 81.72624355131848
20 30.613802697750806
21 65.9748415221857
22 32.584382243542436
23 78.45361847522332
24 106.3752291361502
25 105.66257868323153
26 85.89138071460039
27 78.99920111536224
28 27.653736673291746
29 82.81613033179677
30 83.55180753313888
31 37.95692254766131
32 57.018703424502355
33 114.91818074030363
34 97.89149932131471
35 102.96389401052187
36 44.27231760353693
37 45.46899243182794
38 49.619101097717504
39 71.81039492567115
40 43.29306086488783
41 100.63410604869281
42 92.65704902854924
43 35.74759918694419
44 45.903528743881395
45 115.72165999380489
46 95.00230827078954
47 42.1015965615332
48 66.96971984511706
49 93.55300104053518
50 115.10722140846799
51 117.99360818395675
52 77.53662598311001
53 79.54402671591671
54 112.4309839785431
55 58.78274887772935
56 23.527566858168385
57 64.19370740472567
58 98.09743598696951
59 99.7890592082367
60 86.38240790903792
61 52.680093368437525
62 27.004940800420908
63 57.92096129391227
64 38.982428219955715
65 73.39303827017716
66 56.26939848689115
67 51.0226965646099
68 25.307288962989354
69 32.4867501155514
70 46.54148190569242
71 77.07368383631098
72 45.492172617610336
73 59.914227498609186
74 62.524413807185425
75 62.81318614730881
76 59.30085025857941
77 33.90951510131462
78 36.928735792617616
79 71.93003980069747
80 30.503085722393696
81 115.51262184197546
82 98.13564908202706
83 96.64862054239356
84 22.242428273851637
85 72.48586257106419
86 26.000730990954658
87 43.3586520893166
88 119.20311079017098
89 22.849293380529016
90 92.51491140611907
91 62.87782084248135
92 96.23242716810695
93 82.2667756622264
94 64.44980306749292
95 69.00259509610387
96 75.04761660012959
97 56.64318297482703
98 93.64960502277623
99 35.19407692012776
100 110.75394100950864
101 81.5471101971759
102 97.29199370204721
103 58.562062663793924
104 28.123290379962715
105 73.45236944622943
106 35.22548247994381
107 32.75194145664304
108 83.93032472614155
109 24.29546049145407
110 24.401054290162065
111 76.90545029741125
112 66.1157924812864
113 40.475143019477194
114 91.4507986713757
115 26.557709786932598
116 53.14434253491929
117 100.1740710416878
118 53.62667733211758
119 104.14938329815944
120 47.6467980206583
121 78.76145464510431
122 35.59751579574288
123 51.774189681273796
124 67.28450509386954
125 71.03949628238772
126 75.01257327989163
127 26.84840613853591
128 22.74604511363099
129 21.225410049514387
130 43.27517336630209
131 32.580435592927685
132 37.88423530806208
133 56.8145709024193
134 109.63002876765685
135 79.43488187902369
136 70.22402013261475
137 110.84940024704392
138 106.45304671698013
139 51.22700157360756
140 71.41948074023226
141 108.62236683329328
142 111.54258252391932
143 80.04979236027108
144 86.71090036104076
145 89.47051426504292
146 49.246225273838704
147 117.92741048250319
148 30.030395420029095
149 32.07271653640417
150 26.417406462102694
151 29.904996166749704
152 87.1273852196573
153 52.53985338344341
154 61.48122286190494
155 23.22639443594046
156 92.93272166892763
157 48.59196603537679
158 35.29906177529813
159 70.31764627167274
160 101.35303420227606
161 70.24536209246595
162 91.05676547243483
163 79.48560337831721
164 115.78448951932862
165 107.68655445698424
166 37.06121529680898
167 116.55731616352465
168 76.85774344185924
169 100.38882114696675
170 61.115366525421074
171 83.12734491703361
172 110.27367254052355
173 88.03106788057855
174 48.0519732862238
175 112.6465162474172
176 22.06196637827718
177 43.40761121555308
178 103.0413074852643
179 54.27701579421317
180 91.19241243464168
181 50.27136500455528
182 22.448438019214517
183 76.25519924051282
184 50.19135440705307
185 114.93186642593722
186 21.30068080307666
187 35.44482911612578
188 63.26342662834127
189 29.433430625431974
190 21.83611528352856
191 27.82988345560771
192 108.39135816037327
193 36.267680693895485
194 31.1390780258085
195 55.88749994828304
196 44.98426263236774
197 79.82856561393277
198 87.52881317710089
199 23.098017279031943
0 1
0 3
0 43
0 58
0 80
0 173
1 2
1 78
1 94
1 149
1 186
2 3
2 14
2 21
2 29
2 83
2 102
2 103
2 122
2 127
2 133
2 136
2 137
2 162
2 169
2 176
2 190
3 4
3 52
3 70
3 127
3 181
3 191
3 195
4 5
4 11
4 23
4 32
4 114
4 131
4 142
4 149
4 168
4 182
4 196
4 198
5 6
5 17
5 103
5 106
5 135
5 144
6 7
6 10
6 14
6 69
6 82
6 143
6 164
6 194
7 8
7 19
7 43
7 67
7 75
7 150
7 161
8 9
8 20
8 25
8 43
8 62
8 71
8 76
8 78
8 84
9 10
9 94
9 100
9 182
9 183
9 185
9 193
9 197
10 11
10 157
11 12
11 52
11 57
11 86
11 184
12 13
12 30
12 32
12 36
12 119
12 180
12 198
13 14
13 79
13 159
13 170
14 15
14 29
14 34
14 35
14 59
14 107
14 177
15 16
15 60
15 88
15 90
15 117
15 129
15 191
16 17
16 49
16 115
16 120
17 18
17 49
17 63
17 100
17 140
17 161
17 178
17 188
18 19
18 65
18 94
18 109
18 165
19 20
19 57
19 91
19 178
19 183
19 191
20 21
20 64
20 104
20 123
20 130
20 176
20 181
20 199
21 22
21 43
21 72
21 91
21 134
21 156
22 23
22 59
22 67
22 96
22 119
22 141
22 171
23 24
23 34
23 78
23 87
23 95
23 125
23 183
24 25
24 42
24 90
24 95
24 105
25 26
25 51
25 112
25 134
25 139
25 156
25 159
25 182
25 187
26 27
26 62
26 78
26 145
26 159
26 192
26 196
26 199
27 28
27 45
27 90
27 106
27 148
27 174
28 29
28 44
28 132
28 135
28 183
29 30
29 100
30 31
30 52
30 58
30 110
30 136
30 160
31 32
31 56
31 85
31 148
31 170
31 173
32 33
32 55
32 67
32 76
32 95
32 153
32 182
32 187
33 34
33 71
33 74
33 88
33 126
33 153
33 180
34 35
34 37
34 58
34 73
34 107
34 132
34 169
34 191
35 36
35 43
35 46
35 69
35 112
35 116
35 170
35 193
36 37
36 64
36 74
36 84
36 85
36 162
36 189
37 38
37 60
37 108
37 141
37 146
38 39
38 82
38 106
38 139
38 166
39 40
39 46
39 58
39 66
39 91
39 114
39 117
39 119
39 131
39 192
39 195
40 41
40 52
40 78
40 130
40 144
40 147
40 184
40 186
40 193
41 42
41 58
41 163
41 167
42 43
42 75
42 129
42 180
42 187
43 44
43 95
43 190
43 191
44 45
44 94
44 167
44 170
44 186
45 46
45 52
45 53
45 70
45 77
45 106
45 143
45 171
45 180
45 186
46 47
46 55
46 64
46 74
46 86
46 138
46 151
47 48
47 97
47 108
47 110
47 115
47 126
47 157
47 159
48 49
48 70
48 77
48 122
48 168
48 170
48 193
49 50
49 58
49 94
49 98
49 156
50 51
50 60
50 120
50 164
50 181
50 184
51 52
51 63
51 109
51 123
51 157
52 53
52 162
53 54
53 116
53 129
53 142
53 164
54 55
54 58
54 100
54 153
54 164
55 56
55 96
55 177
55 192
56 57
56 58
56 110
56 195
57 58
57 124
57 154
57 194
58 59
58 82
58 128
58 159
58 165
59 60
59 82
59 113
59 130
60 61
60 108
60 114
60 144
61 62
61 95
61 125
61 140
61 192
62 63
62 99
62 106
62 112
62 185
62 187
63 64
63 71
63 105
63 111
63 116
63 176
63 196
64 65
64 103
64 125
64 127
64 159
64 172
64 190
65 66
65 68
65 118
65 140
66 67
66 167
67 68
67 70
67 89
67 139
67 160
67 166
68 69
68 87
68 142
68 152
68 175
69 70
69 93
69 96
69 124
69 181
69 190
70 71
70 75
70 110
70 166
70 180
70 185
71 72
71 127
72 73
72 80
72 85
72 127
72 138
72 139
72 174
72 179
73 74
73 78
73 128
73 141
73 151
74 75
74 130
74 148
74 158
74 173
74 183
75 76
75 82
75 131
75 160
75 189
76 77
76 91
76 164
77 78
77 88
77 90
77 96
77 125
77 132
77 155
77 168
77 169
77 180
78 79
78 187
79 80
79 84
79 92
79 94
79 164
79 173
79 196
80 81
80 136
80 176
81 82
81 124
81 165
82 83
83 84
83 115
83 199
84 85
84 92
84 99
84 136
84 143
84 174
84 189
84 194
85 86
85 107
85 116
85 117
85 144
86 87
86 97
86 119
86 187
87 88
87 100
87 103
87 107
88 89
88 144
88 155
88 178
88 181
89 90
90 91
90 104
91 92
91 107
91 117
91 179
92 93
92 97
93 94
93 141
94 95
94 157
94 194
95 96
95 142
95 156
95 162
95 164
96 97
96 120
96 186
97 98
97 121
97 138
97 144
98 99
98 142
98 145
98 155
98 168
99 100
99 140
99 159
99 168
100 101
101 102
101 140
101 150
101 165
102 103
102 120
102 136
102 196
103 104
103 133
103 167
103 180
103 189
103 192
104 105
104 144
104 175
104 178
104 198
105 106
105 125
105 137
105 175
106 107
106 119
106 176
107 108
107 169
108 109
108 127
109 110
109 116
109 124
109 143
109 147
109 149
109 197
110 111
110 132
110 139
110 177
111 112
111 116
112 113
112 119
112 136
112 139
112 169
112 171
113 114
113 182
113 190
114 115
114 148
114 155
114 171
115 116
115 128
115 151
115 177
116 117
116 134
116 168
117 118
117 163
117 179
117 187
118 119
118 169
118 191
119 120
119 125
119 161
119 189
120 121
120 177
121 122
122 123
122 147
122 148
122 155
123 124
123 137
123 152
124 125
124 128
124 160
124 191
124 193
125 126
125 157
125 192
126 127
126 132
126 134
126 136
126 151
126 175
126 191
127 128
127 159
127 191
128 129
128 131
128 146
128 170
128 187
129 130
130 131
130 147
130 166
131 132
131 143
132 133
132 151
132 158
133 134
133 164
134 135
134 146
134 177
134 182
134 184
134 197
135 136
135 172
135 173
136 137
136 198
137 138
138 139
138 167
138 171
139 140
139 147
139 186
140 141
140 182
140 198
141 142
141 167
141 170
141 188
141 194
142 143
143 144
143 169
143 181
143 193
144 145
144 158
145 146
145 158
145 187
146 147
146 151
146 152
146 162
146 197
147 148
147 166
148 149
148 163
149 150
149 198
150 151
150 156
150 180
151 152
151 193
152 153
153 154
154 155
154 174
154 178
154 181
155 156
155 162
155 172
156 157
156 159
157 158
157 196
158 159
159 160
160 161
161 162
161 168
162 163
163 164
163 179
164 165
165 166
166 167
166 198
167 168
168 169
168 194
169 170
170 171
170 176
170 197
171 172
171 186
172 173
172 174
173 174
173 198
174 175
174 191
174 194
175 176
176 177
176 189
177 178
177 199
178 179
179 180
180 181
181 182
182 183
182 184
183 184
184 185
184 197
185 186
186 187
187 188
188 189
189 190
190 191
190 199
191 192
192 193
193 194
194 195
194 199
195 196
196 197
197 198
198 199
