0 47.29264417465546
1 102.1503155931782
2 21.11475200739013
3 93.34808435604471
4 45.265917932568485
5 48.77544005537207
6 115.93645238422167
7 88.56240001982626
8 95.40083074698991
9 95.01955347683835
10 79.15119531160133
11 30.278690288839364
12 25.96630420949097
13 36.21697310583812
14 107.97385132507797
15 26.17260532881031
16 69.43572550727137
17 82.57156062554643
18 72.86639400277883
19 106.79048974152494
20 38.96984898647425
21 54.82194797612064
22 84.09767397168336
23 76.08831601632366
24 33.40014869509217
25 33.63686148753318
26 49.03661897018767
27 66.56893044854564
28 96.7654907477808
29 93.60297918262307
30 68.54618800315201
31 97.89765861688326
32 47.61514268428891
33 64.48416143577495
34 111.56801229927127
35 113.75513019424866
36 110.57627735979878
37 27.372272046682266
38 75.83538585683905
39 50.690195830314195
40 28.094301542381697
41 71.41627143985326
42 89.62486754282062
43 74.86460783608626
44 103.7894951261812
45 108.00758665098951
46 34.55439486484249
47 107.8351505751525
48 30.533588679070693
49 63.616267366307206
50 72.65857756333338
51 50.897681337184856
52 86.13508112399415
53 49.913751011249005
54 42.31933474025851
55 109.02161149846098
56 37.432246099342194
57 40.38452695767449
58 47.10282859580233
59 110.03211001397072
60 79.62793965902686
61 66.32037489517276
62 99.1512541478163
63 112.45130999999971
64 51.86044385274913
65 81.90725811062273
66 94.50067021665008
67 96.28867629624428
68 112.28981385326644
69 38.05635350856222
70 91.54377101546731
71 35.074614335517154
72 26.389262018547637
73 47.69713989668388
74 35.8291136287975
75 54.560259618476664
76 20.66632053670319
77 21.441805775053506
78 24.486005853245988
79 93.76037034518075
80 80.69868585575102
81 101.84672496372193
82 31.78684846050512
83 97.39507613303708
84 27.15476890908956
85 26.93808187781836
86 23.706499046143897
87 85.2901919036038
88 86.37916845982178
89 109.23518974391774
90 73.81073272314985
91 63.92469423359484
92 83.15840467143033
93 25.196427420326636
94 55.403676800398465
95 68.06785522440349
96 22.442443790237114
97 71.82909675262094
98 25.58664985086618
99 46.32745115063102
100 94.08268295649229
101 62.14598730323667
102 35.72852169220948
103 33.4343829794109
104 30.05718985919021
105 99.2177606192585
106 99.8204031134331
107 84.21788135236163
108 67.18922591421429
109 89.76171059748705
110 27.285063907290457
111 79.47949099191987
112 20.025158635495593
113 32.52387244889569
114 80.03420928784027
115 52.35281256038749
116 48.32305561531837
117 44.15282684466936
118 44.91431857288792
119 25.2399842091539
120 111.5134328036635
121 65.82998235127738
122 22.154486466829788
123 92.0447304276182
124 38.52874397290006
125 27.61250498364505
126 118.02730389712691
127 28.175742675840468
128 105.55838197378611
129 34.26148356007473
130 95.65650608548599
131 61.67304459098544
132 106.571111323492
133 76.26931541559641
134 81.7527483809806
135 92.81391774168551
136 21.856998598768023
137 62.86671213526796
138 49.031554125280046
139 106.68386832236365
140 38.37608780023025
141 119.98112205269383
142 94.16511064185119
143 83.45197698946285
144 52.36119290006674
145 95.43479002517152
146 109.34224235715686
147 74.4689735474781
148 89.4073624340954
149 66.11203752855624
150 101.8585759934146
151 78.81019203947926
152 110.19070694190768
153 47.39183814701901
154 50.6315587037168
155 24.51449992860553
156 30.994452742309146
157 63.833048299119646
158 101.13259595124585
159 31.52424124474263
160 77.38024131124244
161 51.91618651755605
162 90.9513281294603
163 109.2100686049761
164 106.62781452445176
165 30.586959948425587
166 67.05463555393484
167 20.36849982591035
168 79.97645528847332
169 93.41320138703638
170 102.77565600281243
171 25.7089277154563
172 39.23661642974315
173 47.35826719277067
174 47.66575203868095
175 108.10068573505502
176 44.00041981010932
177 47.49035119266239
178 46.565020123489106
179 64.22974676980863
180 55.464796780877975
181 54.38857729104499
182 45.59459749044386
183 42.81845391389196
184 110.79120422494447
185 71.57314991131716
186 62.246631787695655
187 103.19067432712048
188 117.96106372570296
189 103.9782263724295
190 34.34552935334189
191 65.71859009917046
192 115.2461575184721
193 115.3025988825712
194 78.37665385362351
195 26.56632149624
196 81.69840181288828
197 52.014688332015886
198 81.52637597483393
199 113.1494184475573
0 1
0 5
0 6
0 8
0 24
0 37
0 41
0 57
0 103
0 114
0 115
0 118
0 120
0 132
0 152
0 155
0 157
0 162
0 164
0 169
0 184
1 2
1 9
1 27
1 41
1 74
1 100
1 105
1 110
1 126
1 136
1 139
1 142
1 149
1 154
1 167
1 171
1 177
1 196
2 3
2 6
2 12
2 30
2 33
2 35
2 37
2 38
2 56
2 61
2 66
2 77
2 79
2 87
2 106
2 122
2 165
2 176
2 184
3 4
3 5
3 18
3 39
3 54
3 60
3 64
3 85
3 88
3 98
3 113
3 136
3 152
3 156
3 171
3 178
4 5
4 11
4 13
4 31
4 35
4 51
4 66
4 72
4 79
4 98
4 100
4 110
4 113
4 130
4 131
4 151
4 162
4 169
4 173
4 187
4 188
5 6
5 11
5 14
5 19
5 33
5 48
5 65
5 66
5 82
5 94
5 99
5 110
5 115
5 127
5 134
5 151
5 153
5 157
5 164
5 180
5 181
5 191
5 198
6 7
6 24
6 28
6 41
6 58
6 59
6 83
6 94
6 109
6 116
6 136
6 143
6 156
6 161
7 8
7 52
7 53
7 55
7 61
7 71
7 74
7 92
7 93
7 100
7 139
7 141
7 143
7 155
7 158
7 168
7 181
7 193
8 9
8 27
8 35
8 50
8 56
8 59
8 62
8 64
8 69
8 91
8 92
8 95
8 98
8 104
8 114
8 127
8 133
8 135
8 156
8 162
9 10
9 41
9 42
9 46
9 55
9 58
9 76
9 95
9 104
9 105
9 124
9 126
9 138
9 156
9 166
9 182
9 183
10 11
10 15
10 27
10 51
10 66
10 84
10 102
10 115
10 120
10 126
10 127
10 144
10 171
10 184
10 192
11 12
11 19
11 42
11 48
11 51
11 62
11 67
11 69
11 75
11 81
11 88
11 93
11 102
11 104
11 115
11 134
11 160
11 171
11 174
11 182
12 13
12 37
12 42
12 47
12 49
12 52
12 57
12 65
12 88
12 92
12 119
12 121
12 127
12 133
12 150
12 159
12 171
12 172
12 174
12 180
12 184
12 197
13 14
13 44
13 49
13 52
13 56
13 64
13 85
13 94
13 98
13 107
13 124
13 190
14 15
14 19
14 72
14 94
14 105
14 114
14 121
14 123
14 146
14 148
14 156
14 157
14 166
14 186
14 187
14 189
14 198
15 16
15 25
15 30
15 33
15 67
15 68
15 87
15 127
15 145
15 154
15 156
15 169
15 179
15 181
15 195
15 196
16 17
16 33
16 49
16 62
16 64
16 80
16 91
16 112
16 131
16 147
16 148
16 156
16 162
16 163
16 178
17 18
17 33
17 35
17 45
17 47
17 52
17 75
17 76
17 106
17 113
17 118
17 129
17 142
17 144
17 167
17 179
17 191
18 19
18 21
18 30
18 67
18 78
18 79
18 85
18 87
18 90
18 94
18 96
18 101
18 147
18 149
18 154
18 164
18 172
19 20
19 34
19 45
19 58
19 65
19 68
19 84
19 85
19 91
19 92
19 121
19 129
19 137
19 150
19 162
19 170
19 171
20 21
20 29
20 31
20 32
20 38
20 46
20 47
20 48
20 51
20 52
20 67
20 83
20 86
20 92
20 108
20 114
20 117
20 145
20 147
20 169
20 192
21 22
21 39
21 49
21 56
21 72
21 81
21 86
21 90
21 92
21 103
21 138
21 168
21 178
21 183
21 194
21 196
22 23
22 31
22 34
22 50
22 63
22 87
22 98
22 100
22 110
22 115
22 124
22 127
22 133
22 140
22 142
22 151
22 155
22 162
22 167
23 24
23 32
23 54
23 58
23 59
23 69
23 88
23 91
23 108
23 111
23 130
23 147
23 149
23 160
23 188
23 192
23 193
23 194
24 25
24 26
24 36
24 37
24 43
24 45
24 60
24 71
24 92
24 110
24 114
24 115
24 121
24 127
24 143
24 150
24 151
24 152
24 162
24 177
25 26
25 33
25 53
25 58
25 73
25 87
25 99
25 122
25 129
25 153
25 162
25 165
25 170
25 179
25 185
26 27
26 38
26 46
26 50
26 53
26 65
26 70
26 97
26 103
26 105
26 128
26 134
26 151
26 157
26 186
27 28
27 38
27 51
27 75
27 110
27 128
27 156
27 167
27 173
27 190
27 191
27 193
27 198
27 199
28 29
28 40
28 57
28 63
28 73
28 94
28 95
28 103
28 110
28 112
28 114
28 143
28 168
28 191
28 196
28 197
29 30
29 40
29 51
29 58
29 68
29 71
29 72
29 76
29 83
29 95
29 115
29 128
29 146
29 162
29 170
29 176
29 182
29 183
29 188
30 31
30 57
30 63
30 69
30 85
30 93
30 144
30 149
30 154
30 158
30 189
30 193
31 32
31 68
31 72
31 84
31 96
31 122
31 143
31 154
31 167
31 169
31 171
31 178
32 33
32 36
32 46
32 48
32 50
32 60
32 70
32 76
32 81
32 82
32 99
32 118
32 129
32 147
32 168
32 171
32 193
33 34
33 45
33 47
33 53
33 62
33 64
33 81
33 85
33 86
33 121
33 130
33 133
33 149
33 152
33 169
33 183
33 192
33 199
34 35
34 59
34 68
34 87
34 98
34 118
34 123
34 136
34 137
34 138
34 147
34 157
34 163
34 169
34 173
34 177
34 181
35 36
35 40
35 49
35 52
35 54
35 58
35 60
35 82
35 89
35 110
35 114
35 140
35 141
35 154
35 158
35 163
35 174
35 186
35 191
35 192
36 37
36 54
36 59
36 61
36 73
36 75
36 80
36 83
36 93
36 102
36 106
36 110
36 120
36 128
36 137
36 152
36 169
36 174
36 175
36 192
37 38
37 46
37 53
37 70
37 74
37 92
37 102
37 109
37 120
37 127
37 147
37 174
38 39
38 43
38 52
38 63
38 73
38 106
38 107
38 115
38 135
38 145
38 150
38 154
38 170
38 177
38 192
39 40
39 42
39 45
39 47
39 57
39 64
39 97
39 111
39 115
39 131
39 134
39 140
39 143
39 145
39 147
39 148
39 155
39 158
39 159
39 161
39 184
39 185
39 188
39 190
39 195
39 197
39 198
39 199
40 41
40 43
40 49
40 53
40 55
40 64
40 93
40 94
40 107
40 117
40 121
40 131
40 144
40 159
40 168
40 169
40 186
40 188
40 191
40 192
40 193
40 194
41 42
41 43
41 48
41 56
41 101
41 155
41 171
41 174
41 190
42 43
42 49
42 52
42 85
42 88
42 90
42 101
42 118
42 125
42 136
42 174
42 197
43 44
43 70
43 75
43 81
43 84
43 86
43 88
43 109
43 114
43 120
43 143
43 158
43 166
43 177
43 188
44 45
44 46
44 55
44 58
44 61
44 69
44 72
44 101
44 103
44 127
44 128
44 153
44 183
44 189
44 194
45 46
45 61
45 63
45 69
45 70
45 79
45 105
45 107
45 130
45 131
45 140
45 165
45 167
45 178
45 179
45 193
45 194
46 47
46 62
46 104
46 109
46 130
46 140
46 145
46 157
46 158
47 48
47 85
47 88
47 91
47 106
47 113
47 137
47 156
47 160
47 163
47 173
47 177
47 180
47 185
47 188
48 49
48 76
48 96
48 97
48 101
48 122
48 139
48 140
48 182
48 185
49 50
49 51
49 57
49 61
49 72
49 77
49 85
49 89
49 90
49 121
49 127
49 138
49 155
49 157
49 161
49 166
49 168
49 192
49 199
50 51
50 54
50 60
50 66
50 71
50 75
50 97
50 106
50 108
50 112
50 113
50 136
50 155
50 161
50 174
50 187
50 196
51 52
51 79
51 88
51 100
51 111
51 122
51 158
51 168
51 171
51 177
52 53
52 82
52 89
52 95
52 100
52 112
52 114
52 129
52 136
52 159
52 171
52 180
52 186
52 196
53 54
53 73
53 82
53 92
53 129
53 146
53 191
53 196
53 198
53 199
54 55
54 73
54 81
54 92
54 98
54 115
54 127
54 142
54 148
54 177
54 180
54 187
54 193
54 194
55 56
55 115
55 122
55 123
55 130
55 138
55 185
55 192
56 57
56 66
56 106
56 123
56 128
56 130
56 173
56 181
56 182
56 183
57 58
57 62
57 68
57 75
57 87
57 118
57 121
57 134
57 135
57 147
57 150
57 153
57 177
57 181
57 183
57 188
57 191
58 59
58 60
58 61
58 79
58 92
58 96
58 108
58 118
58 125
58 128
58 130
58 154
58 160
58 173
58 198
59 60
59 61
59 62
59 63
59 69
59 70
59 82
59 86
59 101
59 104
59 105
59 114
59 135
59 143
59 152
59 154
59 160
59 175
60 61
60 75
60 77
60 102
60 103
60 119
60 124
60 129
60 134
60 143
60 149
60 150
60 154
60 161
60 163
60 165
60 166
60 174
60 194
61 62
61 65
61 83
61 89
61 101
61 112
61 139
61 143
61 156
61 169
61 187
61 192
61 196
62 63
62 73
62 84
62 89
62 90
62 91
62 92
62 111
62 120
62 130
62 134
62 155
62 156
62 168
62 169
62 170
62 181
62 185
63 64
63 68
63 83
63 95
63 103
63 104
63 117
63 123
63 124
63 127
63 135
63 153
63 158
63 177
63 186
63 194
64 65
64 76
64 78
64 80
64 99
64 101
64 109
64 118
64 126
64 130
64 134
64 145
64 147
64 157
64 158
64 164
64 169
64 179
64 184
64 190
64 198
64 199
65 66
65 74
65 86
65 87
65 88
65 98
65 125
65 147
65 160
65 170
65 171
65 181
65 187
65 190
65 194
65 198
66 67
66 88
66 95
66 99
66 108
66 120
66 129
66 150
66 162
66 178
66 180
66 186
66 198
67 68
67 71
67 87
67 95
67 98
67 115
67 147
67 156
67 180
67 193
68 69
68 79
68 80
68 81
68 85
68 97
68 113
68 128
68 142
68 150
68 153
68 158
68 165
68 176
68 180
68 184
68 198
69 70
69 78
69 107
69 112
69 113
69 129
69 139
69 142
69 152
69 160
69 167
69 179
69 193
70 71
70 93
70 111
70 119
70 135
70 151
70 156
70 160
70 165
70 182
70 189
70 191
70 192
70 196
70 199
71 72
71 75
71 82
71 106
71 125
71 128
71 134
71 139
71 146
71 154
71 156
71 174
71 178
71 179
71 199
72 73
72 88
72 91
72 96
72 101
72 121
72 136
72 139
72 153
72 168
72 179
72 186
73 74
73 76
73 77
73 80
73 87
73 90
73 96
73 103
73 111
73 118
73 120
73 136
73 137
73 171
73 184
73 190
73 193
73 199
74 75
74 77
74 83
74 86
74 92
74 93
74 96
74 123
74 131
74 148
74 150
74 160
74 162
75 76
75 79
75 80
75 91
75 115
75 124
75 125
75 151
75 158
75 159
75 160
75 165
75 170
75 171
75 190
75 195
75 196
76 77
76 88
76 102
76 107
76 120
76 127
76 145
76 154
76 155
76 171
76 172
76 178
76 186
76 191
76 198
77 78
77 79
77 96
77 115
77 123
77 124
77 129
77 141
77 151
77 154
77 158
77 159
77 164
77 172
77 173
77 184
77 186
77 191
78 79
78 83
78 111
78 115
78 122
78 128
78 132
78 135
78 152
78 162
78 168
79 80
79 91
79 104
79 105
79 106
79 124
79 126
79 136
79 160
79 190
79 192
80 81
80 98
80 105
80 107
80 109
80 128
80 131
80 167
81 82
81 88
81 97
81 105
81 106
81 122
81 127
81 146
81 153
81 154
81 166
81 173
81 192
82 83
82 85
82 107
82 117
82 131
82 162
82 170
82 187
83 84
83 94
83 104
83 109
83 115
83 120
83 139
83 144
83 165
83 172
83 174
83 179
83 183
83 193
84 85
84 97
84 105
84 107
84 109
84 161
84 167
84 170
84 176
84 180
84 192
84 199
85 86
85 92
85 109
85 120
85 126
85 133
85 139
85 178
86 87
86 101
86 107
86 116
86 132
86 136
86 141
86 147
86 148
86 167
86 170
86 175
86 182
86 191
87 88
87 101
87 105
87 116
87 117
87 125
87 126
87 128
87 130
87 131
87 149
87 170
87 182
88 89
88 105
88 107
88 117
88 118
88 149
88 167
88 172
88 198
89 90
89 119
89 123
89 161
89 163
89 172
89 173
89 194
89 198
90 91
90 93
90 105
90 108
90 116
90 128
90 153
90 155
90 160
90 165
90 166
91 92
91 94
91 97
91 150
91 173
92 93
92 99
92 105
92 106
92 107
92 128
92 133
92 148
92 182
93 94
93 104
93 109
93 112
93 114
93 117
93 121
93 125
93 143
93 152
93 156
93 180
93 183
94 95
94 100
94 129
94 131
94 134
94 142
94 143
94 180
94 181
94 186
95 96
95 97
95 103
95 179
95 192
96 97
96 114
96 125
96 161
96 194
96 195
97 98
97 99
97 105
97 110
97 115
97 117
97 118
97 127
97 141
97 160
97 168
97 177
98 99
98 100
98 109
98 116
98 121
98 132
98 139
98 154
98 156
98 159
98 170
99 100
99 101
99 149
99 175
99 181
99 194
100 101
100 115
100 120
100 128
100 134
100 155
100 171
100 179
101 102
101 119
101 127
101 129
101 141
101 153
101 154
101 159
101 161
102 103
102 104
102 134
102 144
102 153
102 163
102 171
102 176
102 179
102 183
102 186
102 196
103 104
103 120
103 127
103 131
103 140
103 148
103 153
103 165
103 177
103 180
103 182
103 186
104 105
104 108
104 111
104 123
104 125
104 130
104 134
104 143
104 153
104 167
104 178
104 187
104 190
104 191
105 106
105 116
105 123
105 124
105 136
105 147
105 148
105 169
105 170
105 177
105 182
106 107
106 157
106 165
106 168
107 108
107 116
107 130
107 133
107 139
107 146
107 180
107 190
107 196
108 109
108 111
108 115
108 117
108 127
108 134
108 136
108 142
108 155
108 180
108 184
109 110
109 136
109 139
109 163
109 167
109 180
109 188
109 189
110 111
110 116
110 159
110 163
110 167
110 170
110 191
111 112
111 123
111 138
111 143
111 161
111 188
112 113
112 159
112 187
112 190
112 193
113 114
113 115
113 122
113 132
113 137
113 144
113 149
113 157
113 172
113 192
113 193
114 115
114 141
114 148
114 150
114 157
114 189
114 190
115 116
115 128
115 146
115 163
115 174
115 183
115 187
116 117
116 130
116 132
116 133
116 142
116 168
116 187
116 197
117 118
117 120
117 134
117 150
117 172
117 189
117 194
117 196
118 119
118 127
118 142
118 146
118 155
118 162
118 171
118 173
118 174
118 189
118 194
118 198
119 120
119 131
119 143
119 145
119 161
119 170
119 185
120 121
120 128
120 146
120 148
120 181
120 195
121 122
121 132
121 148
121 186
121 188
122 123
122 135
122 149
122 160
122 169
122 180
123 124
123 128
123 150
123 154
123 173
123 175
123 192
124 125
124 127
124 149
124 151
124 166
124 187
124 190
125 126
125 129
125 139
125 151
125 157
125 160
125 181
125 183
125 195
126 127
126 151
126 153
126 156
127 128
127 133
127 140
127 157
127 161
127 162
127 164
127 170
127 173
127 179
127 192
128 129
128 149
128 163
128 167
128 168
128 189
129 130
129 138
129 161
129 192
129 194
129 197
130 131
130 139
130 155
131 132
131 144
131 165
131 179
131 199
132 133
132 134
132 175
132 181
133 134
133 136
133 146
133 151
133 161
133 165
133 193
133 196
134 135
134 144
134 178
134 192
134 193
134 196
135 136
135 138
135 151
135 165
135 170
136 137
136 140
136 144
136 165
136 167
136 197
137 138
137 146
137 149
137 150
137 162
137 163
137 190
138 139
138 155
138 195
138 198
139 140
139 145
139 150
139 152
139 162
139 176
139 177
139 186
140 141
140 173
140 188
140 192
141 142
141 155
141 195
141 196
142 143
142 167
142 168
142 169
142 176
142 182
142 198
143 144
143 148
143 167
143 169
143 175
143 177
143 180
143 188
144 145
144 161
144 166
144 170
144 175
144 177
144 179
145 146
145 149
145 150
145 158
145 168
145 171
145 174
145 183
145 189
146 147
146 158
146 171
146 175
146 179
146 196
146 199
147 148
147 155
147 170
147 171
147 174
147 177
147 185
148 149
148 154
148 179
148 189
148 191
148 197
149 150
149 151
149 169
149 170
149 171
149 176
149 186
149 187
149 194
150 151
150 153
150 162
150 178
150 180
150 181
150 195
150 199
151 152
151 156
151 159
151 180
151 194
151 195
152 153
152 169
152 190
152 192
152 197
153 154
153 165
153 193
154 155
154 157
154 174
154 181
154 187
155 156
155 157
155 160
155 172
155 174
156 157
156 177
156 178
156 191
156 199
157 158
157 199
158 159
158 161
158 165
158 167
158 178
158 184
159 160
159 171
159 178
159 180
159 187
159 194
160 161
160 174
160 176
160 185
160 189
160 193
160 198
161 162
161 178
161 192
161 195
162 163
162 167
162 186
162 194
163 164
163 192
164 165
164 166
164 167
164 169
164 173
164 176
164 180
164 189
165 166
165 182
165 190
165 198
166 167
166 171
166 173
167 168
167 181
168 169
168 171
168 180
168 182
169 170
169 193
169 196
170 171
170 176
170 191
170 192
171 172
171 174
171 181
171 190
171 195
172 173
172 195
173 174
173 193
174 175
174 177
174 178
174 187
174 192
174 198
175 176
176 177
176 181
176 187
177 178
177 179
177 180
177 190
177 196
177 197
178 179
178 181
178 186
179 180
180 181
180 182
181 182
181 183
181 188
181 190
181 193
182 183
182 192
183 184
183 188
183 196
183 197
184 185
184 193
185 186
185 189
185 193
186 187
186 196
187 188
188 189
189 190
189 193
190 191
191 192
192 193
192 195
193 194
194 195
195 196
196 197
197 198
197 199
198 199
