0 47.81159737383941
1 56.175782161889245
2 45.14245430873726
3 88.7816943129203
4 46.76075305334498
5 92.50152972896353
6 107.07085108957571
7 51.593504488128566
8 34.09915528117934
9 114.43349367073785
10 46.46508529512613
11 93.62802622174681
12 82.94258597669705
13 29.224030270395655
14 49.17520349511139
15 25.645917275693503
16 82.17759690735866
17 98.78756010920128
18 61.96879370238752
19 88.60489569556007
20 116.76056398671658
21 105.47338414516513
22 95.85293773047017
23 75.43465786087724
24 116.6157997143867
25 34.26240474743419
26 99.07095674199535
27 36.095123687141324
28 55.60546777167804
29 96.34195631573789
30 102.7799034168519
31 76.85855287269428
32 57.141740800832636
33 54.26688158705373
34 94.07496377914113
35 39.07251735855523
36 116.2343053702678
37 47.29389647787784
38 50.81203353194918
39 70.10206838775767
40 79.11393961223266
41 56.98017429055572
42 80.58995574592532
43 79.71586711554049
44 31.045586732062322
45 97.7660029702296
46 42.2889881615257
47 108.8724855974194
48 30.541969537894314
49 65.01528064148984
50 92.72229529779915
51 24.67942139024746
52 93.91147739721553
53 23.866488058690752
54 93.24236032151268
55 95.23884981102192
56 77.92166752102179
57 76.25072362981214
58 31.554400286073392
59 91.16048594780914
60 30.332462843717106
61 100.56226873992041
62 62.52402669081496
63 106.71336732416003
64 78.15066373103303
65 118.72106804448525
66 48.42652729824027
67 92.90476953278618
68 101.68016287369298
69 108.74540311051261
70 83.8703069338172
71 47.21585650803874
72 98.78985967993451
73 47.45694252733095
74 23.537202658976348
75 110.29010102428826
76 78.29387915833637
77 37.569312092400956
78 91.91752562865238
79 78.56188816074905
80 33.936480556914766
81 46.16511393270924
82 43.37783772468226
83 53.629136190522615
84 41.19654586032101
85 57.44539091480333
86 58.18462930435235
87 114.11520583032828
88 87.9743264377323
89 21.6392878699963
90 105.51722958971773
91 113.83167846651345
92 97.19569104020057
93 64.09065833891205
94 78.03844738753601
95 81.24512001001358
96 24.46683398695594
97 103.79225603418331
98 104.25152501538095
99 119.56725345242718
100 117.13501841594343
101 119.01703684976731
102 74.65727563878724
103 84.22941401643278
104 102.4586008767811
105 89.19999491116927
106 75.6352868599716
107 45.06855336060852
108 32.06226263064832
109 36.85293042797069
110 111.0083418221137
111 24.24347109736064
112 47.45097336460954
113 91.04835061917255
114 105.40929670034134
115 37.71636503172999
116 47.07892834264804
117 94.88769089050247
118 25.854840383277114
119 58.076176226004
120 29.3173306266643
121 83.37294203998277
122 28.340712806703376
123 59.54662829554072
124 57.63752680496959
125 65.22960588568694
126 34.80811301672173
127 102.21327009094709
128 44.423701307556385
129 52.48291029595526
130 72.49118810384044
131 61.82022563062971
132 78.05196122655124
133 94.96804498011085
134 62.440635819859466
135 113.92875418726229
136 24.220310865346033
137 93.45911170874048
138 26.92862315983738
139 36.79616107456062
140 116.9866634063141
141 84.73038574666856
142 96.47540705077375
143 106.02497012867926
144 117.56971677869873
145 114.6174143331477
146 36.39811189682007
147 115.84870773210945
148 59.6901262269657
149 41.02432127381003
150 80.06739246281026
151 76.8620020052077
152 119.07713392096923
153 37.82769594719341
154 51.46776624069747
155 108.06919896929735
156 41.738420343530805
157 102.75621645370686
158 83.19261999694248
159 62.316988398261586
160 40.68858258089794
161 107.57919837632657
162 87.66501391223365
163 98.49304636624043
164 24.05438361191185
165 67.31608988249673
166 119.16058453067032
167 41.314014484364186
168 48.82248006120399
169 46.68282038666282
170 72.11899522674369
171 50.092630459244674
172 103.96803508462926
173 66.6199013963083
174 97.26554328846929
175 51.565158173494304
176 114.30031056993391
177 21.501010730742014
178 81.2246851422369
179 78.67669875417332
180 22.083895413522196
181 68.49970941023996
182 27.5923827291156
183 97.16338380995334
184 47.341998061140394
185 104.59588455883419
186 97.84438206952055
187 94.83685818192863
188 49.720806464752485
189 103.83237435870412
190 118.9926218686857
191 54.66781789373607
192 114.89158470225351
193 47.686156979025185
194 41.562163607055226
195 32.081840436501025
196 66.68988951758325
197 44.797399971458766
198 36.24622614903313
199 109.32211599650412
0 1
0 17
0 21
0 36
0 39
0 60
0 70
0 71
0 98
0 127
0 128
0 156
0 186
0 187
0 189
1 2
1 38
1 54
1 65
1 78
1 85
1 95
1 120
1 124
1 128
1 135
1 141
1 142
1 164
1 192
1 198
2 3
2 14
2 18
2 66
2 79
2 100
2 101
2 111
2 112
2 128
2 135
2 146
2 155
2 171
2 183
2 189
3 4
3 21
3 22
3 76
3 89
3 153
3 167
3 174
3 179
3 188
3 195
4 5
4 11
4 15
4 44
4 81
4 90
4 91
4 123
4 140
4 154
4 166
4 181
5 6
5 13
5 16
5 33
5 37
5 52
5 58
5 71
5 85
5 92
5 152
5 165
5 176
5 181
5 182
5 183
6 7
6 9
6 21
6 56
6 67
6 77
6 85
6 94
6 107
6 118
6 119
6 122
6 149
6 159
6 163
6 189
6 191
6 195
6 196
7 8
7 15
7 26
7 39
7 72
7 97
7 98
7 108
7 115
7 118
7 119
7 126
7 133
7 137
7 158
7 163
7 174
8 9
8 17
8 20
8 41
8 63
8 66
8 87
8 122
8 152
8 165
8 170
8 183
8 194
9 10
9 17
9 18
9 90
9 93
9 96
9 109
9 121
9 133
9 153
9 163
9 178
9 183
9 194
10 11
10 19
10 29
10 38
10 49
10 52
10 99
10 102
10 116
10 118
10 127
10 143
10 153
10 165
10 176
10 183
10 185
11 12
11 42
11 92
11 112
11 132
11 139
11 140
11 141
11 169
11 175
11 191
12 13
12 18
12 28
12 35
12 36
12 41
12 78
12 90
12 94
12 96
12 122
12 124
12 137
12 185
12 189
13 14
13 15
13 23
13 24
13 33
13 35
13 67
13 80
13 83
13 95
13 97
13 100
13 102
13 126
13 137
13 174
13 178
13 190
13 197
14 15
14 22
14 41
14 48
14 50
14 64
14 85
14 97
14 120
14 123
14 158
14 169
14 184
14 195
15 16
15 45
15 66
15 72
15 94
15 100
15 107
15 118
15 133
15 143
15 155
15 163
15 168
15 189
15 193
15 198
16 17
16 20
16 32
16 49
16 75
16 126
16 181
16 183
16 195
16 199
17 18
17 32
17 42
17 48
17 54
17 64
17 82
17 85
17 100
17 113
17 115
17 130
17 141
17 187
17 195
17 199
18 19
18 28
18 34
18 39
18 42
18 49
18 72
18 101
18 102
18 111
18 132
18 161
18 167
18 187
18 196
19 20
19 21
19 35
19 47
19 57
19 62
19 87
19 94
19 103
19 117
19 122
19 134
19 139
19 162
19 179
20 21
20 33
20 42
20 75
20 77
20 80
20 108
20 112
20 145
20 146
20 150
20 159
20 161
20 162
20 185
20 190
20 198
21 22
21 29
21 36
21 46
21 63
21 67
21 71
21 76
21 92
21 100
21 108
21 111
21 117
21 134
21 140
21 162
21 167
21 191
21 199
22 23
22 78
22 96
22 109
22 123
22 124
22 140
22 154
22 157
22 176
22 179
22 197
23 24
23 28
23 31
23 49
23 59
23 67
23 91
23 118
23 119
23 120
23 131
23 137
23 148
23 156
23 173
23 174
24 25
24 31
24 54
24 62
24 68
24 82
24 98
24 106
24 122
24 148
24 163
24 168
24 182
24 186
24 187
24 190
24 195
25 26
25 29
25 54
25 62
25 72
25 133
25 136
25 137
25 147
25 149
25 160
25 163
25 171
25 180
25 181
26 27
26 40
26 43
26 71
26 94
26 102
26 103
26 115
26 128
26 173
26 176
26 181
26 198
27 28
27 30
27 33
27 59
27 64
27 77
27 81
27 84
27 143
27 144
27 178
27 183
27 184
28 29
28 30
28 32
28 54
28 62
28 76
28 78
28 114
28 116
28 138
28 170
28 179
28 195
29 30
29 38
29 41
29 63
29 71
29 81
29 84
29 85
29 103
29 108
29 120
29 143
29 177
30 31
30 46
30 64
30 83
30 84
30 91
30 92
30 102
30 114
30 117
30 130
30 144
30 160
30 166
30 194
30 196
31 32
31 58
31 67
31 83
31 92
31 96
31 101
31 103
31 116
31 118
31 119
31 132
31 140
31 143
31 153
31 155
31 169
31 172
31 195
32 33
32 55
32 56
32 102
32 107
32 109
32 146
32 153
32 179
32 185
32 189
32 196
33 34
33 35
33 38
33 56
33 65
33 69
33 72
33 81
33 106
33 122
33 167
33 177
33 180
34 35
34 38
34 45
34 46
34 49
34 51
34 54
34 56
34 60
34 68
34 78
34 104
34 145
34 152
34 153
34 154
34 155
34 159
34 162
34 182
34 192
34 194
34 197
34 199
35 36
35 41
35 51
35 53
35 55
35 56
35 114
35 119
35 159
35 181
35 193
36 37
36 53
36 57
36 61
36 68
36 84
36 102
36 127
36 151
36 171
36 195
37 38
37 42
37 47
37 58
37 59
37 63
37 74
37 84
37 85
37 86
37 99
37 119
37 121
37 136
37 148
37 164
37 166
37 181
38 39
38 40
38 44
38 49
38 78
38 106
38 149
38 169
38 171
38 184
38 190
39 40
39 45
39 97
39 108
39 111
39 151
39 155
39 170
39 171
39 189
39 192
40 41
40 47
40 89
40 129
40 133
40 149
40 154
40 177
40 187
40 196
41 42
41 45
41 82
41 84
41 90
41 114
41 115
41 150
41 168
41 171
41 175
41 178
41 187
41 199
42 43
42 58
42 63
42 71
42 74
42 108
42 117
42 126
42 144
42 157
42 184
43 44
43 58
43 65
43 66
43 68
43 80
43 86
43 89
43 100
43 108
43 113
43 118
43 126
43 148
43 157
43 170
43 172
43 178
44 45
44 56
44 60
44 92
44 113
44 115
44 124
44 163
44 177
44 182
44 197
44 198
45 46
45 97
45 110
45 122
45 142
45 175
46 47
46 62
46 66
46 75
46 80
46 103
46 107
46 108
46 110
46 150
46 151
46 153
46 155
46 156
46 172
46 185
46 187
47 48
47 55
47 58
47 93
47 108
47 124
47 126
47 130
47 158
48 49
48 50
48 52
48 94
48 118
48 119
48 126
48 137
48 173
48 181
48 193
49 50
49 51
49 95
49 100
49 107
49 123
49 139
49 142
49 148
49 160
49 183
49 184
49 187
50 51
50 54
50 55
50 157
50 171
51 52
51 73
51 91
51 92
51 107
51 125
51 135
51 146
51 148
52 53
52 54
52 60
52 63
52 83
52 85
52 87
52 102
52 108
52 118
52 142
52 161
52 180
52 182
52 185
52 198
53 54
53 56
53 65
53 93
53 99
53 106
53 109
53 123
53 168
53 197
54 55
54 64
54 77
54 116
54 117
54 122
54 135
54 148
54 193
54 198
55 56
55 64
55 87
55 102
55 105
55 107
55 114
55 123
55 133
55 135
55 137
55 151
55 159
55 162
55 171
56 57
56 88
56 116
56 121
56 142
56 154
56 167
56 172
56 193
57 58
57 67
57 78
57 83
57 111
57 124
57 167
57 187
57 197
58 59
58 62
58 72
58 105
58 107
58 131
58 136
58 142
58 173
58 177
58 199
59 60
59 77
60 61
60 63
60 70
60 74
60 95
60 97
60 108
60 115
60 149
60 157
60 160
60 175
61 62
61 63
61 71
61 86
61 90
61 103
61 119
61 124
61 185
62 63
62 70
62 95
62 96
62 137
62 144
62 149
62 150
62 157
62 163
63 64
63 68
63 71
63 91
63 115
63 118
63 119
63 123
63 144
63 170
63 180
63 196
64 65
64 92
64 107
64 154
64 172
64 174
65 66
65 67
65 68
65 107
65 116
65 122
65 129
65 136
65 165
65 185
65 187
66 67
66 68
66 69
66 81
66 84
66 101
66 107
66 109
66 114
66 150
67 68
67 69
67 71
67 105
67 111
67 112
67 144
67 182
68 69
68 72
68 88
68 104
68 113
68 120
68 121
68 125
68 153
68 160
68 162
68 163
68 184
69 70
69 74
69 86
69 101
69 124
69 134
69 138
69 156
69 163
69 165
69 177
69 186
69 192
69 195
70 71
70 87
70 113
70 168
70 172
70 194
71 72
71 101
71 123
71 139
71 150
71 153
72 73
72 74
72 95
72 109
72 143
73 74
73 95
73 119
73 123
73 129
73 132
73 161
73 170
73 178
73 181
73 189
73 190
74 75
74 78
74 79
74 86
74 104
74 115
74 126
74 143
74 162
74 181
74 184
74 191
75 76
75 77
75 109
75 119
75 125
75 132
75 166
75 173
75 175
75 178
75 199
76 77
76 78
76 90
76 92
76 97
76 101
76 113
76 115
76 130
76 136
76 157
76 176
76 186
76 193
77 78
77 86
77 93
77 100
77 110
77 129
77 138
77 139
77 174
77 186
77 194
78 79
78 110
78 117
78 122
78 182
78 198
79 80
79 95
79 107
79 134
79 137
79 191
80 81
80 95
80 96
80 122
80 128
80 136
80 153
80 161
80 174
80 177
80 178
80 183
80 184
80 192
80 197
81 82
81 95
81 128
81 145
81 148
81 151
81 153
81 160
82 83
82 93
82 99
82 105
82 106
82 121
82 146
83 84
83 114
83 116
83 132
83 151
83 153
83 188
83 190
83 194
84 85
84 97
84 98
84 100
84 115
84 131
84 185
84 187
84 194
84 195
84 199
85 86
85 89
85 120
85 125
85 164
85 181
86 87
86 118
86 138
86 143
86 147
86 169
86 186
87 88
87 94
87 116
87 123
87 160
87 164
87 192
88 89
88 121
88 130
88 134
88 143
88 150
88 153
88 167
88 170
89 90
89 91
89 121
89 124
89 154
89 157
89 165
90 91
90 95
90 130
90 131
90 143
90 148
90 196
91 92
91 100
91 101
91 113
91 116
91 121
91 137
91 138
91 139
91 156
91 158
91 167
91 168
91 169
91 173
91 178
92 93
92 94
92 111
92 112
92 132
92 172
92 190
92 196
93 94
93 107
93 144
93 145
93 154
93 171
93 178
93 181
93 184
93 196
94 95
94 143
94 144
94 163
94 173
94 178
94 199
95 96
95 101
95 104
95 140
95 180
95 187
95 189
96 97
96 106
96 109
96 112
96 129
96 146
96 152
96 154
96 160
96 174
96 191
97 98
97 109
97 123
97 134
97 140
97 145
97 162
97 169
97 195
97 198
98 99
98 112
98 117
98 120
98 130
98 146
98 147
98 172
98 183
99 100
99 109
99 142
99 150
99 163
99 169
100 101
100 107
100 110
100 116
100 153
100 169
100 175
100 188
101 102
101 108
101 119
101 164
101 166
101 199
102 103
102 121
102 135
102 145
102 177
102 183
102 192
102 193
102 195
103 104
103 143
103 148
103 171
103 178
104 105
104 106
104 115
104 139
104 147
104 172
105 106
105 112
105 113
105 151
105 154
105 188
105 189
106 107
106 112
106 135
106 140
106 161
106 162
106 164
106 186
107 108
107 110
107 124
107 131
107 141
107 180
107 183
107 195
107 196
107 197
108 109
108 117
108 123
108 129
108 137
108 145
108 151
108 155
108 162
108 174
108 187
108 198
109 110
109 150
109 180
109 190
110 111
110 118
110 139
110 161
110 165
110 173
110 179
110 185
111 112
111 138
111 140
111 175
112 113
112 115
112 116
112 123
112 147
112 155
112 161
112 165
112 184
112 194
113 114
113 136
113 141
113 153
113 170
113 182
113 187
113 188
113 199
114 115
114 148
114 163
114 190
115 116
115 122
115 159
115 168
115 171
115 178
115 186
115 191
115 197
116 117
116 118
116 124
116 134
116 139
116 154
116 162
116 168
116 181
116 185
116 190
117 118
117 120
117 144
117 150
117 152
117 177
117 179
117 182
117 189
118 119
118 147
118 183
118 184
119 120
119 135
119 136
119 144
119 160
119 167
119 186
119 191
120 121
120 141
120 144
120 152
120 154
120 160
120 162
121 122
121 162
121 170
122 123
122 128
122 138
122 146
122 153
122 155
122 176
122 184
123 124
123 195
123 199
124 125
124 159
124 187
124 189
124 199
125 126
125 135
125 163
125 164
125 171
125 199
126 127
126 154
126 157
126 164
126 167
127 128
127 138
127 145
127 146
127 170
127 174
127 181
128 129
128 155
128 178
128 199
129 130
129 131
129 142
129 146
129 151
129 165
129 188
129 199
130 131
130 147
130 174
130 194
130 196
131 132
131 135
131 152
131 184
131 188
131 199
132 133
132 144
132 178
132 196
133 134
133 167
133 185
133 195
134 135
134 136
134 150
134 155
135 136
135 151
135 171
135 193
136 137
136 140
136 185
136 198
137 138
137 155
137 191
138 139
138 172
138 180
138 183
138 185
139 140
139 147
139 163
139 183
139 195
140 141
140 153
140 167
140 172
140 174
141 142
141 193
142 143
142 158
142 173
142 191
143 144
143 161
143 164
143 169
143 176
143 188
143 189
143 198
144 145
144 155
144 157
144 170
144 179
145 146
145 186
146 147
147 148
147 178
147 192
147 198
148 149
148 156
148 178
148 192
148 193
148 195
149 150
149 160
149 166
149 178
149 191
149 193
150 151
150 153
150 175
150 183
150 194
151 152
151 174
151 179
151 181
151 185
151 199
152 153
152 177
152 191
152 196
153 154
153 157
153 181
153 190
153 191
154 155
154 184
154 188
155 156
155 198
156 157
156 160
156 161
157 158
157 170
158 159
158 185
158 186
158 190
159 160
159 166
159 176
159 180
160 161
160 168
161 162
161 163
161 175
161 188
162 163
163 164
164 165
164 179
165 166
165 169
165 172
165 173
165 180
165 187
165 188
166 167
166 188
166 193
167 168
167 190
167 193
168 169
168 173
169 170
170 171
170 180
170 186
170 187
170 195
171 172
171 191
171 194
172 173
172 191
172 196
173 174
173 175
173 177
173 180
173 184
173 197
174 175
174 185
175 176
176 177
176 182
176 185
177 178
177 185
177 197
178 179
178 182
179 180
179 181
179 191
180 181
180 183
181 182
182 183
183 184
183 189
183 196
184 185
184 197
185 186
185 196
186 187
186 194
187 188
188 189
188 197
189 190
189 193
190 191
190 194
191 192
191 198
192 193
193 194
193 197
194 195
194 198
194 199
195 196
196 197
197 198
198 199
