0 20.317766177489666
1 101.20151726463284
2 59.79023421530565
3 58.520085043199934
4 64.49493918744037
5 64.51496208873687
6 105.74893155007535
7 93.90526130397727
8 79.49872557573997
9 69.70427999256381
10 111.20651925183606
11 98.07906078270689
12 30.624257630451854
13 113.71630491248418
14 80.32125849589906
15 87.74634895846275
16 25.902472135918313
17 100.62836407120112
18 22.158589956056623
19 82.80606145022496
20 72.08615829533781
21 113.2209208567366
22 110.52814697712968
23 40.797729029829185
24 93.39856224881352
25 46.736729993684776
26 70.9159389094309
27 99.86175264885847
28 39.390345276844634
29 116.45069218891106
30 72.85939883962364
31 27.042617229757692
32 31.78590737222429
33 71.86591018870806
34 81.21080766614304
35 104.01822106869776
36 51.86020210629549
37 24.66794161348909
38 72.95711446970947
39 20.71730609627324
40 49.67233162010632
41 25.010588213858494
42 57.61196895706933
43 88.79097100066477
44 64.39238041395039
45 101.27301261831818
46 48.66830959563256
47 31.533109491120083
48 80.99308613717231
49 112.11934148309044
50 21.197596685996004
51 54.59849920993439
52 112.7381188689555
53 46.50835020039945
54 56.40441819312813
55 52.7462385536458
56 91.18388335509783
57 47.24220380330557
58 117.79280069094145
59 61.84008628311644
60 65.82191155865304
61 26.709684043163268
62 25.573298142323235
63 22.466166200315577
64 64.02409655540089
65 89.6706477431338
66 96.03751239444773
67 81.78243548533392
68 38.613143851436455
69 77.24498066475765
70 90.84938645802004
71 23.59317919253922
72 35.16576457612826
73 98.71063044290398
74 77.55030353110726
75 83.14576073353774
76 44.06635737323178
77 23.281739042203434
78 37.04759019318011
79 72.7756756069912
80 63.36399269817831
81 62.729320025232475
82 66.45378309799528
83 117.2799688782959
84 87.64572265371271
85 87.52329548588285
86 116.36658889492669
87 73.77788214418976
88 55.424412645192824
89 84.11613503934778
90 70.52718526365487
91 89.82156099719799
92 32.94936691622688
93 79.0547487770605
94 22.767128007362086
95 35.648579656895876
96 85.88329794825445
97 26.798693982011706
98 31.25178965601481
99 31.721850953454766
100 91.9491959172441
101 82.43911844378096
102 33.25095302348499
103 81.0815076088082
104 77.43597749275429
105 57.95435426681317
106 85.01477111866758
107 107.5371758417237
108 118.36179546948496
109 91.2043822055709
110 50.80601071916276
111 95.35800380761765
112 33.12915616465341
113 40.55790117685024
114 102.73714643292017
115 23.871670497708468
116 107.66608657226917
117 54.86200471723194
118 108.78351735255322
119 91.2625806702786
120 36.33278317832869
121 58.406060957169906
122 80.19139795870936
123 25.8632665374597
124 32.28331158760355
125 33.59757905523612
126 21.472553689544
127 90.36200703054737
128 59.50708370874914
129 80.25944850087129
130 76.27442455545905
131 94.60352461077018
132 65.4350186800265
133 79.77422362439063
134 90.63779493424246
135 46.03854682775463
136 47.780390684882995
137 94.74255747507436
138 21.501449654860878
139 83.38193276744371
140 72.19463015436772
141 90.38934177218044
142 102.78597507538137
143 58.667969135404334
144 68.35336778016567
145 72.64243984850503
146 43.98648692776626
147 55.64529824728187
148 71.24826265449747
149 99.62537561258493
150 76.92677940935027
151 58.332965222346665
152 41.745304415354305
153 38.24669980323388
154 85.17501055350603
155 112.56282759460736
156 95.88037219123775
157 105.63518146334437
158 47.59369993066666
159 55.46258934029141
160 95.89806114361214
161 56.36139758331315
162 102.59445512074181
163 23.087584247986666
164 107.69990611861263
165 50.70263977202099
166 92.890564486932
167 84.7883373237257
168 109.15329780437452
169 66.64953669162352
170 81.88814224927569
171 94.40486560684884
172 41.622538751900166
173 98.91915152174673
174 42.32929748588679
175 93.00752365442827
176 33.11864104693582
177 21.930717321687993
178 105.3983059005795
179 45.65820884223072
180 85.62464517951523
181 80.51661983589878
182 24.224585053648596
183 45.54453605891494
184 111.43836326060678
185 112.0825914378033
186 49.563787389438744
187 72.8435771390997
188 23.7846234897983
189 96.99753971533107
190 37.411041919824285
191 52.800630526182076
192 35.48425558941304
193 80.18476721029757
194 108.39807727987849
195 117.76240210987226
196 96.12720133828797
197 106.20285348698943
198 57.0485030096907
199 41.28287487134662
0 1
0 2
0 15
0 19
0 21
0 28
0 40
0 45
0 48
0 52
0 56
0 79
0 80
0 82
0 88
0 105
0 109
0 121
0 128
0 165
0 176
1 2
1 12
1 22
1 30
1 34
1 59
1 64
1 98
1 103
1 105
1 107
1 130
1 133
1 135
1 141
1 146
1 148
1 152
1 157
1 163
1 175
1 181
1 193
2 3
2 4
2 10
2 12
2 25
2 32
2 34
2 79
2 82
2 93
2 120
2 132
2 133
2 139
2 160
2 173
2 198
2 199
3 4
3 14
3 17
3 44
3 62
3 68
3 77
3 86
3 101
3 124
3 130
3 131
3 134
3 139
3 142
3 146
3 153
3 168
3 169
4 5
4 28
4 32
4 35
4 48
4 57
4 59
4 74
4 88
4 99
4 116
4 131
4 191
5 6
5 10
5 11
5 27
5 30
5 42
5 46
5 57
5 61
5 82
5 92
5 112
5 117
5 147
5 148
5 151
5 173
5 185
5 186
5 187
5 190
6 7
6 8
6 47
6 52
6 68
6 77
6 91
6 97
6 101
6 114
6 115
6 116
6 118
6 119
6 120
6 123
6 133
6 137
6 139
6 148
6 188
6 190
6 196
7 8
7 20
7 22
7 23
7 45
7 48
7 76
7 87
7 98
7 101
7 113
7 116
7 117
7 141
7 146
7 160
7 167
7 174
7 183
7 187
8 9
8 15
8 16
8 23
8 24
8 29
8 44
8 53
8 71
8 75
8 94
8 100
8 171
8 175
8 196
9 10
9 11
9 28
9 60
9 63
9 100
9 129
9 131
9 144
9 153
9 172
9 174
9 186
9 190
9 199
10 11
10 14
10 41
10 48
10 49
10 85
10 100
10 138
10 158
10 169
10 175
10 193
10 196
11 12
11 15
11 23
11 25
11 63
11 70
11 82
11 105
11 141
11 172
11 180
11 191
12 13
12 16
12 27
12 31
12 60
12 99
12 110
12 137
12 158
12 167
12 178
12 196
13 14
13 24
13 25
13 26
13 32
13 34
13 43
13 45
13 50
13 58
13 71
13 82
13 100
13 103
13 113
13 126
13 145
13 153
13 164
13 165
13 186
13 190
13 192
13 193
14 15
14 31
14 45
14 58
14 68
14 76
14 90
14 104
14 106
14 110
14 127
14 128
14 142
14 146
14 151
14 155
14 178
15 16
15 26
15 34
15 43
15 58
15 68
15 70
15 80
15 85
15 88
15 105
15 118
15 132
15 133
15 136
15 137
15 171
16 17
16 18
16 19
16 25
16 27
16 38
16 50
16 55
16 63
16 69
16 72
16 75
16 84
16 95
16 103
16 107
16 118
16 125
16 127
16 147
16 153
16 166
16 192
16 194
17 18
17 29
17 40
17 54
17 58
17 77
17 78
17 101
17 132
17 140
17 148
17 156
17 169
17 170
17 184
17 189
18 19
18 26
18 38
18 40
18 43
18 58
18 64
18 80
18 118
18 120
18 139
18 157
18 163
18 166
18 177
18 178
18 187
18 195
19 20
19 22
19 43
19 68
19 70
19 126
19 146
19 155
19 164
19 170
19 186
19 189
20 21
20 47
20 82
20 85
20 101
20 124
20 135
20 142
20 146
20 165
20 186
20 189
21 22
21 24
21 26
21 30
21 39
21 42
21 50
21 66
21 74
21 76
21 79
21 86
21 93
21 97
21 102
21 106
21 109
21 112
21 116
21 117
21 123
21 128
21 142
21 169
21 172
21 177
21 187
21 199
22 23
22 42
22 43
22 50
22 91
22 97
22 99
22 101
22 104
22 111
22 116
22 133
22 146
22 151
22 169
22 177
22 181
22 190
22 198
23 24
23 30
23 45
23 58
23 63
23 100
23 107
23 132
23 137
23 138
23 142
23 144
23 147
23 160
23 168
23 183
24 25
24 28
24 36
24 81
24 110
24 129
24 146
24 150
24 151
24 164
24 170
24 171
24 172
24 177
24 183
24 184
24 187
24 191
25 26
25 28
25 33
25 58
25 79
25 87
25 117
25 131
25 139
25 151
25 158
25 163
25 167
25 187
25 195
26 27
26 36
26 40
26 55
26 76
26 90
26 91
26 102
26 106
26 109
26 114
26 119
26 122
26 126
26 166
26 174
26 184
26 189
27 28
27 35
27 37
27 55
27 60
27 62
27 70
27 89
27 134
27 160
27 169
27 170
27 197
28 29
28 35
28 38
28 52
28 60
28 74
28 77
28 94
28 102
28 128
28 130
28 137
28 156
28 183
28 191
29 30
29 45
29 49
29 55
29 63
29 72
29 77
29 104
29 115
29 117
29 128
29 136
29 138
29 161
29 168
29 182
29 186
30 31
30 36
30 56
30 79
30 85
30 98
30 100
30 117
30 120
30 131
30 139
30 144
30 157
30 158
30 167
30 170
30 173
30 174
30 177
30 185
31 32
31 39
31 44
31 47
31 48
31 79
31 83
31 116
31 124
31 129
31 160
31 176
31 178
31 183
31 195
31 199
32 33
32 45
32 46
32 48
32 53
32 56
32 59
32 68
32 72
32 75
32 157
32 178
32 189
32 193
32 197
33 34
33 39
33 45
33 53
33 64
33 86
33 114
33 127
33 134
33 151
33 157
33 165
33 168
33 169
33 175
33 176
33 188
33 193
33 197
34 35
34 36
34 38
34 58
34 61
34 67
34 77
34 82
34 85
34 96
34 97
34 105
34 115
34 117
34 120
34 141
34 148
34 155
34 160
34 164
34 169
34 173
34 176
34 199
35 36
35 46
35 50
35 62
35 73
35 80
35 98
35 104
35 130
35 137
35 146
35 155
36 37
36 50
36 57
36 62
36 71
36 73
36 111
36 117
36 121
36 128
36 141
36 148
36 178
36 180
36 186
36 187
37 38
37 43
37 53
37 55
37 65
37 70
37 78
37 80
37 81
37 83
37 90
37 132
37 135
37 148
37 153
37 170
37 174
38 39
38 47
38 56
38 64
38 69
38 80
38 82
38 87
38 97
38 109
38 111
38 112
38 120
38 130
38 178
38 181
39 40
39 42
39 44
39 57
39 58
39 67
39 70
39 83
39 106
39 109
39 115
39 159
39 163
39 178
39 179
39 181
39 184
39 198
40 41
40 47
40 49
40 64
40 69
40 96
40 117
40 125
40 134
40 135
40 157
40 174
40 179
41 42
41 68
41 69
41 77
41 91
41 101
41 104
41 105
41 108
41 111
41 115
41 120
41 135
41 179
41 192
42 43
42 72
42 77
42 79
42 84
42 92
42 110
42 123
42 125
42 127
42 143
42 151
42 178
42 184
42 185
42 197
43 44
43 55
43 70
43 90
43 96
43 104
43 105
43 108
43 113
43 114
43 117
43 127
43 149
43 152
43 160
43 163
43 179
43 187
44 45
44 49
44 62
44 83
44 121
44 139
44 147
44 152
44 181
44 183
44 188
44 198
45 46
45 60
45 66
45 71
45 80
45 81
45 86
45 106
45 145
45 152
45 157
45 160
45 164
45 176
45 185
45 190
46 47
46 51
46 54
46 57
46 104
46 109
46 121
46 125
46 129
46 138
46 166
46 184
47 48
47 52
47 97
47 105
47 114
47 119
47 138
47 142
47 155
47 164
47 168
47 171
47 178
47 187
47 188
48 49
48 50
48 53
48 59
48 68
48 74
48 77
48 103
48 109
48 114
48 154
48 156
48 188
48 197
48 198
49 50
49 58
49 60
49 62
49 64
49 71
49 78
49 94
49 103
49 123
49 153
49 157
49 161
49 172
49 174
49 175
49 178
49 192
50 51
50 71
50 93
50 94
50 117
50 155
50 175
50 180
50 185
51 52
51 58
51 59
51 74
51 79
51 99
51 115
51 119
51 146
51 153
51 165
51 171
51 172
51 183
51 190
51 195
52 53
52 57
52 62
52 71
52 72
52 90
52 99
52 110
52 145
52 159
52 172
52 191
53 54
53 69
53 71
53 75
53 83
53 101
53 112
53 119
53 129
53 151
53 156
53 164
53 182
53 188
53 191
54 55
54 56
54 64
54 66
54 81
54 91
54 105
54 126
54 129
54 132
54 155
54 162
54 181
54 188
54 189
55 56
55 77
55 87
55 91
55 92
55 94
55 107
55 108
55 110
55 132
55 143
55 160
55 169
55 173
56 57
56 59
56 75
56 100
56 123
56 176
56 190
56 194
56 198
57 58
57 69
57 72
57 74
57 97
57 148
57 154
57 159
57 160
57 162
57 168
57 181
57 195
57 199
58 59
58 71
58 89
58 92
58 95
58 116
58 181
58 187
58 197
58 198
59 60
59 62
59 83
59 91
59 92
59 102
59 106
59 116
59 147
59 155
59 163
59 194
59 196
60 61
60 66
60 75
60 82
60 98
60 110
60 114
60 126
60 132
60 140
60 145
60 152
60 175
60 179
60 184
60 186
61 62
61 74
61 85
61 91
61 92
61 94
61 148
61 187
61 198
62 63
62 79
62 103
62 104
62 106
62 115
62 121
62 126
62 127
62 136
62 160
62 163
62 171
62 182
62 195
62 197
63 64
63 105
63 111
63 112
63 123
63 125
63 131
63 132
63 141
63 147
63 148
63 149
63 152
63 168
63 172
63 174
64 65
64 76
64 93
64 95
64 96
64 97
64 115
64 119
64 124
64 165
64 172
64 188
64 190
65 66
65 75
65 82
65 86
65 93
65 95
65 100
65 102
65 107
65 112
65 116
65 120
65 121
65 127
65 129
65 149
65 170
65 175
66 67
66 85
66 92
66 97
66 110
66 116
66 125
66 126
66 141
66 147
66 197
67 68
67 70
67 72
67 73
67 77
67 83
67 124
67 133
67 141
67 145
67 169
67 179
67 190
68 69
68 70
68 73
68 78
68 92
68 108
68 112
68 122
68 132
68 136
68 139
68 170
68 181
68 196
69 70
69 71
69 91
69 101
69 116
69 123
69 125
69 156
69 158
69 160
69 185
69 186
69 188
70 71
70 73
70 92
70 110
70 131
70 141
70 153
70 165
70 195
71 72
71 78
71 120
71 144
71 155
71 162
71 196
71 198
72 73
72 74
72 94
72 134
72 135
72 159
72 160
72 174
73 74
73 98
73 105
73 114
73 115
73 129
73 154
73 177
73 190
74 75
74 84
74 85
74 114
74 116
74 120
74 134
74 157
74 175
74 189
74 192
75 76
75 87
75 92
75 101
75 103
75 104
75 105
75 110
75 111
75 131
75 139
75 159
75 165
75 180
75 195
76 77
76 99
76 105
76 107
76 124
76 125
76 131
76 134
76 153
76 175
76 181
76 199
77 78
77 80
77 88
77 120
77 129
77 132
77 139
77 153
77 166
77 184
77 185
77 195
78 79
78 81
78 90
78 95
78 99
78 109
78 110
78 137
78 140
78 145
78 153
78 171
78 173
78 182
78 192
79 80
79 90
79 101
79 121
79 126
79 133
79 135
79 157
79 164
79 175
79 178
79 191
79 192
79 196
80 81
80 94
80 115
80 129
80 135
80 137
80 139
80 143
80 151
80 154
80 158
81 82
81 93
81 107
81 117
81 139
81 143
81 156
81 159
81 169
81 188
81 194
82 83
82 84
82 85
82 106
82 114
82 134
82 144
82 148
82 159
82 161
82 185
83 84
83 109
83 126
83 133
83 137
83 156
83 157
83 173
83 176
83 179
83 188
84 85
84 112
84 120
84 155
84 168
84 170
84 175
85 86
85 93
85 110
85 151
85 159
85 177
85 179
85 185
85 190
85 199
86 87
86 90
86 94
86 95
86 104
86 105
86 119
86 125
86 127
86 140
86 141
86 151
86 169
86 173
86 178
86 182
86 190
86 194
87 88
87 107
87 116
87 133
87 146
87 171
87 175
87 177
87 181
88 89
88 103
88 109
88 143
88 144
88 150
88 184
88 193
88 197
89 90
89 95
89 117
89 119
89 125
89 141
89 151
89 157
89 167
89 196
89 197
90 91
90 92
90 117
90 145
90 155
90 158
90 169
90 187
91 92
91 99
91 107
91 111
91 117
91 118
91 158
91 160
91 172
91 197
92 93
92 117
92 124
92 128
92 141
92 145
92 169
92 188
93 94
93 100
93 112
93 114
93 122
93 123
93 131
93 137
93 138
93 142
93 149
93 152
93 156
93 171
93 184
93 188
94 95
94 102
94 103
94 104
94 123
94 133
94 138
94 146
94 183
95 96
95 116
95 119
95 134
95 153
95 156
95 164
95 171
95 183
95 188
96 97
96 104
96 112
96 119
96 126
96 147
96 161
97 98
97 107
97 132
97 139
97 143
97 144
97 149
97 160
97 164
97 194
98 99
98 100
98 103
98 106
98 116
98 136
98 143
98 164
98 169
98 176
98 192
99 100
99 128
99 131
99 134
99 143
99 146
99 149
99 175
99 186
99 197
100 101
100 103
100 113
100 117
100 137
100 145
100 155
100 165
100 170
100 174
100 196
100 199
101 102
101 107
101 108
101 113
101 121
101 133
101 147
101 156
101 172
101 180
101 190
101 195
101 197
102 103
102 109
102 112
102 122
102 125
102 148
102 171
102 177
102 179
102 192
103 104
103 117
103 126
103 139
103 142
103 169
103 180
104 105
104 115
104 120
104 130
104 141
104 143
104 144
104 164
104 166
104 176
104 180
105 106
105 115
105 116
105 131
105 133
105 161
105 163
105 173
105 174
105 180
105 184
105 197
105 199
106 107
106 140
106 141
106 156
106 161
106 164
107 108
107 111
107 113
107 115
107 125
107 142
107 170
107 179
107 180
107 198
108 109
108 131
108 156
108 172
108 195
109 110
109 112
109 116
109 117
109 122
109 153
109 165
109 179
109 182
109 187
109 198
110 111
110 119
110 127
110 137
110 138
110 139
110 143
110 146
110 155
110 163
110 164
110 175
110 198
111 112
111 118
111 120
111 126
111 128
111 130
111 131
111 136
111 137
111 146
111 160
111 163
111 172
111 179
111 193
111 195
112 113
112 118
112 131
112 171
112 172
112 184
112 196
113 114
113 115
113 121
113 123
113 136
113 148
113 153
113 156
113 167
113 171
113 175
113 177
113 179
113 184
113 197
114 115
114 119
114 134
114 148
114 167
114 171
114 172
115 116
115 141
115 144
115 151
115 158
115 160
115 177
115 178
115 179
116 117
116 127
116 135
116 137
116 139
116 141
116 178
116 184
116 196
116 198
117 118
117 126
117 133
117 140
117 142
117 155
117 161
117 170
117 171
117 172
117 174
117 178
118 119
118 132
118 138
118 156
118 167
118 169
118 184
119 120
119 127
119 129
119 138
119 142
119 161
119 171
119 182
120 121
120 134
120 146
120 155
120 158
120 179
120 186
120 188
121 122
121 123
121 124
121 134
121 140
121 145
121 166
121 171
121 199
122 123
122 125
122 137
122 140
122 145
122 146
122 149
122 185
122 196
123 124
123 150
123 152
123 161
123 164
123 191
123 199
124 125
124 128
124 136
124 158
124 165
124 176
124 194
125 126
125 141
125 144
125 145
125 161
125 165
125 169
125 175
125 194
126 127
126 133
126 142
126 145
126 148
126 169
126 171
126 178
126 184
126 185
126 186
126 188
126 191
127 128
127 144
127 154
127 160
127 166
127 177
127 198
128 129
128 153
128 161
128 165
128 177
128 191
128 193
129 130
129 144
129 161
129 162
129 172
129 182
129 195
130 131
130 132
130 150
130 164
130 171
130 174
130 186
130 192
131 132
131 134
131 152
131 167
131 188
132 133
132 158
132 195
133 134
133 141
133 151
133 166
133 168
133 174
133 182
134 135
134 147
134 151
134 153
134 164
134 173
134 184
134 189
134 198
135 136
135 144
135 146
135 163
135 168
135 180
135 182
135 191
136 137
136 152
136 159
136 165
136 176
136 190
137 138
137 141
137 150
137 156
137 174
137 199
138 139
138 143
138 149
138 154
138 157
138 162
138 169
138 183
138 188
138 190
138 194
138 198
139 140
139 156
139 166
139 175
139 181
139 183
139 190
140 141
140 150
140 183
141 142
141 184
142 143
142 157
142 175
142 178
142 197
143 144
143 154
143 162
143 174
143 178
143 180
143 191
143 198
144 145
144 155
144 160
144 161
144 169
144 183
144 194
144 198
145 146
145 147
145 179
145 192
146 147
146 149
146 154
146 156
146 163
146 179
146 184
146 193
146 194
147 148
147 149
147 161
147 179
147 184
148 149
148 156
148 163
148 178
148 187
148 190
148 197
149 150
149 169
149 177
150 151
150 157
150 185
150 186
150 188
150 195
151 152
151 156
151 183
151 196
152 153
152 173
152 180
152 197
153 154
153 168
153 170
153 175
153 177
153 180
154 155
154 163
154 168
154 171
154 173
155 156
155 170
155 173
155 181
155 187
155 189
156 157
156 162
156 163
156 167
156 180
156 186
156 189
156 193
156 198
157 158
157 159
157 174
157 184
158 159
158 160
158 173
158 194
159 160
159 168
159 197
160 161
160 166
160 178
160 183
160 190
160 198
161 162
161 167
161 177
161 180
161 181
161 191
161 198
162 163
162 174
162 175
162 182
162 190
163 164
163 167
163 184
163 189
163 192
164 165
164 190
164 192
164 194
165 166
165 198
166 167
167 168
167 187
167 199
168 169
168 179
168 197
169 170
169 178
169 179
169 192
170 171
170 176
170 178
170 190
170 196
171 172
171 174
171 189
171 194
172 173
172 187
173 174
173 178
173 184
173 188
174 175
174 185
174 191
174 194
175 176
176 177
177 178
178 179
178 180
178 181
178 187
178 194
179 180
179 181
179 182
179 198
180 181
180 191
181 182
181 185
181 198
181 199
182 183
182 187
182 192
183 184
183 187
184 185
184 189
184 192
185 186
185 195
185 199
186 187
187 188
187 195
188 189
189 190
189 196
190 191
191 192
192 193
192 195
193 194
194 195
195 196
195 198
196 197
196 198
197 198
198 199
