0 64.02271022485013
1 50.05520991293312
2 81.94280849312511
3 48.535808001103916
4 67.04147227750157
5 56.23175877573983
6 91.99464018747501
7 93.50884030349923
8 111.54966786112671
9 102.24633799125954
10 34.57827389972854
11 76.93688214587033
12 51.06539447045059
13 109.29739657932862
14 50.55165180420825
15 116.16636991282851
16 33.00069966302443
17 89.05740208920798
18 118.04962943771753
19 93.97072918143951
20 26.093718735410434
21 119.06193486047827
22 83.19106859516253
23 61.721967262478785
24 91.44595222737681
25 25.788565058047347
26 84.00198430486783
27 63.302863325234185
28 27.27025617360384
29 106.82499984611226
30 47.31850535418443
31 50.27063176859502
32 98.802825188099
33 115.03000494103343
34 96.34363057805297
35 89.34933451858244
36 24.305035165639637
37 22.2193734141602
38 92.566870614084
39 47.01968204740447
40 25.678742367660963
41 77.66328932589522
42 49.916029920915506
43 72.79136099480158
44 67.94121686432592
45 77.5601454995562
46 101.29557525966963
47 92.68434242426528
48 105.65362471373737
49 65.65597152618727
50 68.07614428266189
51 67.51206294835224
52 26.369534067607283
53 92.3073902032951
54 81.63491739049734
55 66.75080156867827
56 31.267690050138775
57 69.54000982532018
58 32.70677035541659
59 58.09594594319415
60 21.3558496297299
61 73.03301098304811
62 79.09123260651828
63 115.2472780857743
64 63.98020057330775
65 58.464665033790524
66 25.170445542901568
67 102.03176220937785
68 98.84749799649342
69 79.28233064091182
70 97.72849462977115
71 99.66381602194967
72 105.3647674772652
73 115.71447535824825
74 81.72260979479232
75 105.75935152734576
76 93.82397994566092
77 50.7211094847533
78 46.941929358270954
79 48.66135182068482
80 101.8068775967165
81 57.58295414716804
82 91.89960670573552
83 28.70111294577678
84 74.15769721518589
85 95.9585740842477
86 54.83930863878878
87 119.2107257673286
88 79.96922537417021
89 48.492604296355985
90 93.3971657650708
91 34.418718718202854
92 73.25030231573389
93 68.43709752976196
94 114.24553528344856
95 98.80226216032806
96 35.29048747363082
97 50.25193287701954
98 41.95498864431826
99 33.035685196386396
100 46.210316682545
101 79.77916204395433
102 52.346135697945144
103 105.36649662531225
104 20.78319114700196
105 68.34000985074181
106 59.76306427213908
107 84.06646198457715
108 109.33763344130851
109 25.9822143068633
110 39.985294743109684
111 66.54675900107111
112 108.39625779640689
113 83.10927455065573
114 90.90533632888898
115 53.792610134212055
116 47.68051994513434
117 26.852055520226575
118 81.63407080431016
119 84.9641402949477
120 20.207882524317338
121 78.79716285042377
122 117.35635461599426
123 46.326752289860096
124 100.43077882560225
125 104.06536092558423
126 52.044383222103946
127 21.115548411394418
128 51.71435421149768
129 108.23720133084791
130 114.04651679593498
131 52.50487823196292
132 58.92263428619951
133 48.25200879986769
134 70.6044257048492
135 50.54542659975343
136 34.48044636727476
137 56.16018830437325
138 46.51155952521296
139 85.74764178851538
140 37.001035908740846
141 50.48778011541626
142 29.41112246360816
143 76.9317953665862
144 110.41702278021779
145 88.97608640062653
146 39.64187641882515
147 99.03128248012688
148 98.52495489671973
149 98.58808877155494
150 116.07524120197176
151 107.72721191518002
152 114.95142935415167
153 103.92726221947196
154 71.04734049507135
155 102.10879073427212
156 51.77131510729504
157 63.593378835539475
158 97.2748013078227
159 23.995290721221057
160 91.35637799740728
161 115.50367316780951
162 67.5532152447393
163 23.12194779799807
164 45.50518669498436
165 26.83678238983504
166 54.07241298634988
167 101.08340538429398
168 83.50286191273543
169 42.010660083398506
170 108.34279397553526
171 83.74484055844435
172 26.481876523129177
173 22.984675168592343
174 85.01212533162828
175 61.772204188326576
176 79.30279996014937
177 80.17993011571167
178 63.26240000457692
179 81.99952486875304
180 43.14649920777801
181 99.44077349917802
182 118.01147197520011
183 68.54254386442044
184 102.10697998750321
185 80.71440709355446
186 119.80436425301687
187 101.88440108088027
188 105.29671584917449
189 117.50435981273253
190 97.06429156391258
191 86.6004896354052
192 72.32396527345803
193 62.6575167131194
194 77.283595679278
195 93.95598655875672
196 34.474210159393785
197 45.67330780676099
198 34.76996178655823
199 74.3010001916605
0 1
0 8
0 19
0 28
0 36
0 42
0 67
0 78
0 80
0 81
0 84
0 128
0 132
0 133
0 142
0 150
0 151
0 156
0 163
0 164
0 165
0 175
0 178
0 196
1 2
1 3
1 35
1 36
1 42
1 54
1 62
1 88
1 90
1 110
1 112
1 125
1 137
1 171
1 177
2 3
2 15
2 23
2 52
2 53
2 62
2 77
2 80
2 86
2 100
2 101
2 103
2 124
2 128
2 153
2 157
2 167
2 197
3 4
3 16
3 18
3 39
3 43
3 47
3 48
3 60
3 64
3 73
3 75
3 85
3 98
3 123
3 124
3 126
3 128
3 132
3 138
3 152
3 158
3 182
3 185
3 190
3 192
3 193
3 196
4 5
4 9
4 20
4 39
4 45
4 48
4 91
4 102
4 105
4 114
4 120
4 161
4 162
4 163
4 165
4 168
4 171
4 178
4 197
5 6
5 9
5 12
5 26
5 35
5 41
5 46
5 47
5 52
5 54
5 55
5 74
5 79
5 92
5 98
5 106
5 133
5 143
5 152
5 190
5 199
6 7
6 9
6 20
6 26
6 44
6 53
6 65
6 77
6 135
6 138
6 148
6 150
6 158
6 171
6 175
6 176
6 179
6 188
7 8
7 26
7 30
7 36
7 64
7 66
7 67
7 84
7 91
7 97
7 98
7 111
7 128
7 134
7 175
7 181
7 190
7 193
8 9
8 11
8 29
8 42
8 72
8 78
8 84
8 88
8 122
8 132
8 137
8 142
8 150
8 180
9 10
9 11
9 54
9 76
9 96
9 111
9 125
9 129
9 139
9 144
9 152
9 163
9 168
9 178
9 185
9 190
9 194
9 195
10 11
10 20
10 25
10 29
10 32
10 34
10 55
10 58
10 64
10 75
10 93
10 104
10 116
10 117
10 123
10 141
10 158
10 178
11 12
11 13
11 25
11 28
11 46
11 49
11 52
11 73
11 91
11 92
11 94
11 98
11 99
11 114
11 117
11 126
11 130
11 136
11 148
11 154
11 165
11 167
11 175
11 192
11 198
12 13
12 14
12 17
12 18
12 20
12 32
12 33
12 34
12 39
12 58
12 74
12 80
12 112
12 120
12 135
12 148
12 149
12 156
12 157
12 162
12 168
12 179
12 187
12 194
13 14
13 48
13 56
13 57
13 69
13 112
13 116
13 124
13 137
13 139
13 144
13 145
13 161
13 165
13 189
13 195
14 15
14 36
14 37
14 40
14 55
14 57
14 76
14 81
14 102
14 126
14 134
14 141
14 148
14 151
14 162
14 167
14 182
14 185
15 16
15 20
15 25
15 35
15 37
15 46
15 48
15 49
15 55
15 68
15 69
15 84
15 102
15 116
15 131
15 141
15 179
15 182
15 185
15 186
15 198
15 199
16 17
16 31
16 59
16 65
16 75
16 82
16 92
16 96
16 109
16 123
16 134
16 139
16 144
16 193
16 194
17 18
17 31
17 40
17 56
17 57
17 68
17 83
17 89
17 111
17 125
17 163
17 165
17 176
17 180
17 184
18 19
18 41
18 53
18 55
18 75
18 80
18 82
18 87
18 91
18 97
18 100
18 112
18 145
18 149
18 152
18 157
18 158
18 173
18 181
18 185
18 186
18 194
18 198
19 20
19 47
19 61
19 78
19 82
19 84
19 138
19 154
19 157
19 171
19 176
19 178
19 195
20 21
20 38
20 59
20 67
20 88
20 89
20 90
20 116
20 121
20 123
20 134
20 143
20 148
20 155
20 156
20 174
20 177
20 187
20 190
21 22
21 23
21 28
21 61
21 77
21 85
21 95
21 102
21 106
21 112
21 135
21 149
21 154
21 166
21 171
21 173
21 183
21 185
21 193
22 23
22 26
22 33
22 38
22 40
22 41
22 45
22 49
22 64
22 65
22 67
22 70
22 72
22 101
22 102
22 112
22 118
22 128
22 135
22 139
22 156
22 169
22 175
22 187
22 192
23 24
23 26
23 45
23 65
23 93
23 101
23 107
23 113
23 117
23 132
23 142
23 159
23 174
23 186
23 188
24 25
24 37
24 44
24 53
24 64
24 79
24 81
24 88
24 90
24 92
24 101
24 117
24 130
24 134
24 147
24 157
24 165
24 173
24 183
24 185
24 198
25 26
25 41
25 59
25 84
25 94
25 105
25 109
25 115
25 137
25 147
25 179
25 196
26 27
26 80
26 82
26 90
26 93
26 100
26 109
26 128
26 134
26 135
26 137
26 139
26 151
26 164
26 167
26 185
27 28
27 34
27 43
27 49
27 50
27 63
27 68
27 104
27 125
27 136
27 152
27 156
27 192
27 197
28 29
28 59
28 89
28 100
28 138
28 141
28 146
28 172
28 184
28 197
28 198
29 30
29 33
29 48
29 49
29 59
29 63
29 67
29 74
29 78
29 97
29 101
29 116
29 123
29 126
29 127
29 129
29 142
29 146
29 157
29 175
29 178
29 183
29 191
30 31
30 34
30 36
30 45
30 53
30 58
30 64
30 80
30 90
30 96
30 116
30 117
30 126
30 137
30 159
30 170
30 171
30 182
30 186
30 192
30 199
31 32
31 36
31 37
31 45
31 61
31 76
31 81
31 82
31 107
31 113
31 135
31 145
31 153
31 156
31 161
31 166
31 169
31 187
32 33
32 35
32 58
32 64
32 66
32 75
32 88
32 89
32 98
32 100
32 118
32 145
32 158
32 178
32 183
32 191
33 34
33 40
33 42
33 47
33 74
33 82
33 90
33 120
33 128
33 145
33 154
33 162
33 193
34 35
34 51
34 55
34 96
34 97
34 116
34 118
34 143
34 145
34 146
34 168
34 173
34 179
34 185
34 187
34 195
35 36
35 56
35 62
35 64
35 85
35 113
35 130
35 143
35 150
35 167
35 168
35 170
35 190
35 193
35 197
36 37
36 48
36 64
36 76
36 89
36 112
36 146
36 153
36 154
36 155
36 161
36 164
36 165
36 174
36 180
36 181
37 38
37 63
37 69
37 94
37 108
37 149
37 161
37 162
37 166
37 175
37 197
38 39
38 42
38 48
38 81
38 90
38 100
38 111
38 114
38 120
38 123
38 126
38 141
38 147
38 155
38 156
38 162
38 165
38 173
38 180
38 192
39 40
39 41
39 60
39 82
39 89
39 112
39 118
39 126
39 130
39 147
39 153
39 177
39 187
40 41
40 54
40 66
40 83
40 90
40 92
40 98
40 100
40 103
40 109
40 111
40 119
40 129
40 131
40 155
40 161
40 163
40 166
40 177
40 181
40 191
41 42
41 48
41 54
41 64
41 65
41 81
41 87
41 97
41 107
41 121
41 126
41 136
41 160
41 170
41 172
41 174
41 190
42 43
42 51
42 52
42 86
42 90
42 99
42 108
42 114
42 121
42 123
42 147
42 149
42 150
42 167
42 181
42 193
43 44
43 49
43 58
43 65
43 69
43 82
43 86
43 96
43 107
43 111
43 120
43 122
43 130
43 131
43 134
43 155
43 158
43 172
43 175
44 45
44 56
44 71
44 114
44 144
44 157
44 160
44 164
44 169
44 170
44 183
45 46
45 54
45 71
45 77
45 93
45 104
45 108
45 114
45 132
45 136
45 160
45 172
45 180
46 47
46 50
46 61
46 64
46 65
46 69
46 106
46 116
46 117
46 142
46 168
46 177
46 179
46 181
46 189
46 197
46 198
47 48
47 53
47 83
47 118
47 122
47 131
47 142
47 145
47 165
47 168
47 170
47 171
48 49
48 69
48 77
48 100
48 103
48 116
48 121
48 123
48 136
48 152
48 154
48 157
48 159
48 167
48 180
48 185
48 195
49 50
49 57
49 72
49 73
49 85
49 87
49 138
49 181
50 51
50 54
50 75
50 83
50 87
50 100
50 116
50 117
50 145
50 146
50 149
50 166
50 170
51 52
51 72
51 73
51 77
51 81
51 84
51 87
51 99
51 104
51 107
51 126
51 129
51 134
51 149
51 150
51 167
51 170
51 185
52 53
52 56
52 58
52 60
52 68
52 71
52 82
52 97
52 105
52 120
52 122
52 134
52 163
52 169
52 170
52 172
52 173
52 181
52 195
53 54
53 65
53 82
53 83
53 111
53 150
53 158
54 55
54 60
54 62
54 82
54 100
54 115
54 121
54 141
54 150
54 152
54 192
55 56
55 73
55 77
55 85
55 101
55 118
55 127
55 131
55 135
55 142
55 155
55 159
55 164
55 182
56 57
56 60
56 80
56 83
56 95
56 100
56 113
56 114
56 129
56 132
56 144
56 152
56 156
56 179
57 58
57 88
57 116
57 125
57 141
57 145
57 174
57 189
57 199
58 59
58 64
58 82
58 86
58 98
58 106
58 107
58 121
58 123
58 140
58 152
58 153
58 160
58 188
58 195
59 60
59 71
59 74
59 79
59 85
59 93
59 112
59 120
59 124
59 130
59 152
59 159
59 165
59 169
59 170
59 175
59 176
59 178
59 179
59 188
59 189
59 192
59 196
60 61
60 68
60 75
60 81
60 97
60 110
60 123
60 154
60 168
60 182
61 62
61 65
61 74
61 78
61 85
61 113
61 120
61 122
61 131
61 132
61 135
61 147
61 149
61 151
61 174
61 175
61 178
61 184
61 191
61 199
62 63
62 68
62 71
62 90
62 94
62 100
62 104
62 106
62 120
62 121
62 137
62 140
62 144
62 152
62 163
62 174
62 188
62 199
63 64
63 92
63 94
63 96
63 117
63 118
63 128
63 129
63 133
63 149
63 157
63 159
63 173
64 65
64 80
64 98
64 117
64 120
64 141
64 146
64 147
64 150
64 154
64 164
64 166
64 173
64 194
65 66
65 74
65 99
65 136
65 158
65 169
66 67
66 77
66 88
66 91
66 117
66 119
66 122
66 132
66 141
66 145
66 152
66 171
66 173
66 179
67 68
67 76
67 102
67 107
67 108
67 109
67 118
67 121
67 125
67 138
67 143
67 161
67 177
67 180
67 190
68 69
68 84
68 86
68 87
68 101
68 102
68 117
68 121
68 128
68 133
68 144
68 146
68 162
68 166
68 167
68 168
68 182
69 70
69 71
69 78
69 86
69 102
69 112
69 113
69 129
69 139
69 156
69 192
69 195
70 71
70 76
70 82
70 93
70 96
70 109
70 112
70 126
70 136
70 143
70 162
70 163
70 174
70 195
71 72
71 95
71 97
71 124
71 144
71 148
71 171
71 178
71 183
71 196
71 197
72 73
72 76
72 79
72 88
72 93
72 94
72 96
72 100
73 74
73 84
73 114
73 116
73 123
73 131
73 146
73 156
73 177
73 189
73 198
74 75
74 85
74 88
74 98
74 107
74 108
74 131
74 136
74 175
75 76
75 77
75 81
75 102
75 125
75 129
75 132
75 133
75 163
75 181
75 188
76 77
76 83
76 84
76 97
76 108
76 110
76 120
76 121
76 133
76 138
76 140
76 143
76 153
76 159
76 161
76 169
76 174
76 178
76 179
76 188
77 78
77 92
77 103
77 114
77 118
77 137
77 176
77 181
78 79
78 80
78 82
78 103
78 107
78 110
78 138
78 167
78 171
79 80
79 81
79 90
79 94
79 105
79 106
79 111
79 133
79 172
79 175
79 179
79 198
80 81
80 84
80 100
80 164
80 165
80 166
80 186
81 82
81 90
81 91
81 119
81 131
81 136
81 137
81 146
81 169
82 83
82 88
82 116
82 142
82 161
82 165
82 175
82 197
83 84
83 86
83 92
83 110
83 121
83 123
83 132
83 139
83 149
83 152
83 167
83 169
83 174
83 190
83 192
83 194
83 195
84 85
84 94
84 98
84 121
84 135
84 147
84 150
84 156
84 163
84 172
84 174
84 175
84 184
84 185
84 186
84 187
85 86
85 89
85 92
85 95
85 100
85 101
85 104
85 121
85 128
85 165
85 168
85 197
85 199
86 87
86 135
86 139
86 140
86 153
86 156
86 163
86 168
86 178
86 195
86 196
86 199
87 88
87 128
87 151
87 156
87 164
87 170
87 186
87 195
88 89
88 91
88 105
88 113
88 122
88 123
88 136
88 163
88 164
88 166
88 178
88 181
89 90
89 103
89 129
89 152
89 154
89 158
89 165
89 179
90 91
90 95
90 97
90 98
90 105
90 115
90 116
90 117
90 132
90 136
90 148
90 159
90 167
90 169
90 172
90 174
90 186
90 198
91 92
91 95
91 100
91 107
91 120
91 134
91 135
91 197
92 93
92 99
92 102
92 106
92 107
92 109
92 113
92 137
92 141
92 142
92 143
92 159
92 161
92 168
92 180
92 184
92 197
93 94
93 110
93 112
93 146
93 149
93 155
93 158
93 164
93 173
93 186
93 192
93 198
94 95
94 100
94 113
94 118
94 120
94 126
94 129
94 132
94 137
94 155
94 178
94 183
94 184
95 96
95 126
95 127
95 132
95 154
95 170
95 175
95 178
95 188
96 97
96 106
96 118
96 124
96 128
96 137
96 145
96 147
96 152
96 160
96 171
96 196
96 197
97 98
97 100
97 127
97 143
97 160
97 163
97 183
98 99
98 104
98 119
98 120
98 181
98 190
99 100
99 109
99 124
99 127
99 145
99 152
99 157
99 168
99 173
99 184
99 187
99 191
99 195
100 101
100 126
100 129
100 140
100 157
100 163
100 167
100 170
100 178
100 183
100 190
101 102
101 112
101 120
101 129
101 138
101 146
101 152
101 159
101 168
101 171
101 178
101 181
101 191
101 197
102 103
102 117
102 133
102 136
102 141
102 171
102 172
102 176
102 180
102 184
102 192
102 195
102 197
103 104
103 107
103 117
103 120
103 123
103 135
103 146
103 161
103 162
103 176
103 181
103 191
104 105
104 116
104 119
104 125
104 135
104 149
104 155
104 175
104 178
104 188
104 191
105 106
105 114
105 120
105 130
105 135
105 150
105 155
105 156
105 170
105 184
105 186
105 192
105 193
106 107
106 110
106 118
106 126
106 137
106 139
106 153
106 163
106 166
106 195
106 198
107 108
107 113
107 121
107 125
107 145
107 177
107 183
108 109
108 126
108 133
108 166
108 171
108 176
108 179
109 110
109 113
109 145
109 160
109 170
109 182
109 193
109 195
109 197
110 111
110 113
110 125
110 127
110 157
110 178
110 195
111 112
111 117
111 121
111 122
111 130
111 138
111 149
111 150
111 153
111 154
111 165
111 172
111 173
111 178
112 113
112 128
112 132
112 151
112 155
112 159
112 175
113 114
113 133
113 136
113 138
113 149
113 185
114 115
114 126
114 146
114 153
114 171
114 177
114 180
114 189
115 116
115 122
115 125
115 126
115 128
115 152
115 162
115 171
115 187
116 117
116 130
116 148
116 149
116 199
117 118
117 123
117 127
117 128
117 129
117 131
117 134
117 144
117 161
117 169
117 173
117 188
117 199
118 119
118 130
118 144
118 158
118 184
118 188
118 193
118 195
118 196
119 120
119 122
119 129
119 144
119 145
119 146
119 159
119 161
119 171
119 196
119 197
120 121
120 125
120 130
120 149
120 163
120 177
120 187
120 193
121 122
121 138
121 144
121 149
121 153
121 156
121 194
121 197
121 199
122 123
122 137
122 143
122 177
123 124
123 146
123 169
123 191
123 198
124 125
124 126
124 127
124 130
124 145
124 151
124 152
124 177
124 186
125 126
125 132
125 159
125 182
125 196
126 127
126 142
126 161
127 128
127 138
127 140
127 168
128 129
128 169
129 130
129 135
129 141
129 164
129 183
129 188
129 198
130 131
130 144
130 176
130 188
130 192
131 132
131 158
131 174
131 182
131 198
132 133
132 151
132 154
132 158
132 163
132 181
132 198
133 134
133 178
133 180
133 185
133 194
133 197
134 135
134 140
134 173
134 187
135 136
135 138
135 163
135 171
135 175
135 186
135 196
136 137
136 184
136 187
136 191
137 138
137 154
137 159
137 162
137 166
137 177
137 179
137 188
137 195
138 139
138 154
138 178
138 183
138 191
139 140
139 150
139 153
139 159
139 172
139 181
139 183
139 193
139 195
139 197
140 141
140 150
140 157
140 164
140 168
140 172
140 175
140 176
140 178
140 183
140 185
140 186
140 189
140 194
141 142
141 154
141 179
141 182
141 183
141 191
141 196
142 143
142 151
142 154
142 160
142 173
142 184
142 195
143 144
143 147
143 176
143 180
144 145
144 147
144 150
144 162
144 167
144 181
144 187
144 196
145 146
145 147
145 173
145 174
145 191
146 147
146 169
146 186
146 196
147 148
147 177
148 149
148 159
148 178
149 150
149 154
149 157
149 160
149 174
149 186
149 192
150 151
150 161
150 169
150 182
151 152
151 156
151 158
151 162
151 164
151 166
151 168
151 170
151 173
151 182
151 186
152 153
153 154
153 170
153 176
153 193
153 199
154 155
154 158
154 163
154 181
155 156
156 157
156 175
156 183
156 185
156 195
157 158
157 166
157 167
157 182
158 159
158 176
159 160
159 165
159 173
159 193
160 161
161 162
161 167
161 170
161 171
161 184
161 197
162 163
162 169
162 181
162 183
162 193
163 164
163 182
164 165
164 189
164 193
164 198
165 166
165 187
166 167
166 178
166 187
166 190
167 168
167 181
167 183
167 188
168 169
168 192
169 170
169 176
169 177
170 171
170 177
170 183
170 184
170 187
170 193
171 172
171 174
171 177
171 178
172 173
172 176
172 184
173 174
173 184
173 190
173 196
173 197
174 175
174 190
174 199
175 176
175 189
175 195
176 177
176 180
176 184
176 186
176 193
177 178
178 179
178 187
179 180
179 183
179 184
180 181
180 186
181 182
181 192
182 183
183 184
184 185
185 186
186 187
186 189
187 188
187 194
187 197
188 189
189 190
189 192
190 191
190 199
191 192
191 194
191 196
192 193
193 194
194 195
195 196
196 197
197 198
198 199
