0 35.13175513023898
1 95.02422129548782
2 69.12602541718618
3 68.33087734489393
4 89.1002950998747
5 72.20086546784123
6 103.36877086239026
7 109.30175098868767
8 84.91044529245968
9 94.66748954154217
10 30.451965483377755
11 43.37174662045166
12 52.62886761446888
13 71.41105610747894
14 110.79082502111324
15 92.30082939165071
16 100.84242677122631
17 102.69987483707443
18 40.514760707309264
19 100.5046960013459
20 70.93000494469186
21 83.23441719623094
22 67.09902403540943
23 62.16496351673313
24 104.49053451505324
25 66.63319965986167
26 63.00275607251401
27 35.347384285105214
28 87.08951121922131
29 118.60055000710558
30 36.540084202465536
31 82.24240450570218
32 108.14632899205506
33 85.43949504346159
34 37.43362767157598
35 38.021416318417934
36 81.570008068488
37 57.01432741439288
38 70.84741900688408
39 77.30585519219585
40 104.66099704543987
41 108.8339324994746
42 68.16888387725545
43 116.87526233005917
44 93.83195443993948
45 66.61825157321792
46 75.40716068112476
47 65.99429454895122
48 24.86043396917486
49 48.526752151623384
50 110.79780228051895
51 111.61761684611551
52 22.67174229067939
53 105.16911457454684
54 112.05137607725923
55 104.73548128604205
56 91.06021090221498
57 95.58480703504546
58 40.65634602698492
59 96.251728944656
60 46.29242715581537
61 108.56957998013118
62 35.744098898910764
63 56.03981979032383
64 20.196012802924173
65 63.04334686695589
66 113.24672574534625
67 97.20144459578204
68 28.122770682551604
69 98.5953273562637
70 87.42582753686966
71 119.05617660138284
72 55.08516542040312
73 97.90868731910803
74 51.323212539099856
75 77.0194682572893
76 99.40018616585563
77 66.4583948471672
78 90.28207702964335
79 85.28029410634238
80 27.334922206030015
81 31.69235606071286
82 118.40985258892535
83 59.06856435530728
84 34.53322915800655
85 113.84730304730286
86 21.701633647373658
87 107.30640529504176
88 80.4130677421089
89 63.617365327535055
90 63.51567170070729
91 93.56626020938664
92 60.259260695699204
93 58.08461085963862
94 58.190140108457726
95 93.51269849311589
96 106.39653321784859
97 95.6372343233227
98 46.81302705206614
99 90.38371664216257
100 64.61289615974724
101 33.04256185002792
102 115.50461149853093
103 66.57123367931638
104 74.91358276474072
105 63.40836129039919
106 81.04471607907567
107 68.98935838044481
108 96.72086060553691
109 42.45737269201818
110 31.274532997948192
111 48.672957069427966
112 57.795263946385525
113 32.35642145469625
114 48.425470698767676
115 100.92791484164258
116 73.43890604758406
117 47.28284232880629
118 62.375170034802395
119 61.35842227864396
120 77.951680469776
121 52.97734970386328
122 77.80345649485679
123 45.22549097952388
124 33.84637353838506
125 93.72390869752434
126 94.31866671875254
127 52.844853568883245
128 35.988760296521605
129 94.51358792902239
130 91.84741623815702
131 102.11126886432731
132 107.61406223043679
133 113.59072956961965
134 84.92861458170634
135 90.74016619843529
136 93.08112415967972
137 101.14620729781026
138 59.02505725255495
139 35.44650213953508
140 88.26100539795156
141 53.61398066267854
142 89.56370249835825
143 83.03457118477708
144 113.61667923590203
145 39.84349672736738
146 110.13834360469527
147 39.251412225964145
148 27.31579400045841
149 115.36193342135539
150 40.156030719906596
151 115.26041749590927
152 96.1285720358287
153 34.006700095547416
154 104.181285922721
155 48.72059402624577
156 90.3980544703396
157 112.39997507537602
158 75.32978408551068
159 116.71084161158515
160 46.030111106334196
161 102.0534867534846
162 53.28586225507573
163 21.117586939008277
164 41.235730992247866
165 76.33318478128251
166 43.86582275789603
167 93.60789162588262
168 68.66830776366062
169 45.07977901820535
170 41.5217112034841
171 36.93921223031059
172 44.63377970151183
173 68.37259641839273
174 28.777865431101027
175 92.11074277115051
176 86.21162682459116
177 52.74059496916996
178 97.31519870362149
179 96.74031990565439
180 104.40989899244279
181 78.06575365000235
182 64.26585837450168
183 79.05463204670264
184 106.88760673057033
185 21.490499680050007
186 104.25350192276312
187 114.00954985541293
188 77.31293391103074
189 115.83221389733487
190 42.81217471372751
191 53.311107225606676
192 100.08594475721384
193 104.32429415236301
194 60.03932729414288
195 29.486752652178296
196 28.939554236027135
197 30.944597151512937
198 34.68625593905671
199 25.660261881367177
0 1
0 4
0 29
0 57
0 161
1 2
2 3
2 31
2 44
2 74
3 4
3 90
3 159
3 192
4 5
4 174
4 191
4 193
5 6
5 14
5 24
6 7
6 53
6 63
7 8
8 9
8 65
8 174
8 179
9 10
9 14
9 136
10 11
11 12
12 13
12 121
12 173
13 14
13 135
14 15
14 119
15 16
15 182
16 17
16 181
17 18
17 78
17 171
18 19
18 24
19 20
19 71
19 183
20 21
20 22
20 66
20 195
21 22
21 55
21 64
22 23
22 48
23 24
23 55
23 73
24 25
24 56
25 26
25 92
26 27
26 38
26 116
27 28
27 128
28 29
28 85
29 30
30 31
31 32
31 48
32 33
32 67
33 34
33 120
33 146
33 171
33 185
34 35
34 159
34 179
35 36
35 122
35 160
35 186
36 37
36 47
36 99
37 38
37 48
37 50
37 52
37 82
37 91
37 113
37 164
38 39
38 175
39 40
40 41
40 94
41 42
41 63
41 190
42 43
42 157
43 44
43 136
43 179
44 45
44 58
44 180
45 46
46 47
46 69
47 48
47 194
48 49
49 50
49 86
49 169
50 51
50 91
50 157
51 52
51 138
52 53
52 80
52 109
52 183
53 54
53 124
53 192
54 55
54 127
55 56
56 57
56 114
57 58
57 83
57 186
58 59
58 100
59 60
59 102
59 115
60 61
60 130
60 142
61 62
62 63
62 149
63 64
63 128
63 183
64 65
64 79
64 183
65 66
66 67
67 68
67 110
67 171
68 69
68 161
69 70
69 88
70 71
70 159
71 72
71 84
71 168
72 73
72 189
72 197
73 74
73 193
74 75
74 104
74 109
75 76
76 77
76 88
76 163
77 78
78 79
78 147
78 196
79 80
79 179
79 182
80 81
81 82
81 151
81 194
82 83
82 106
82 149
83 84
83 130
84 85
85 86
86 87
86 126
87 88
88 89
88 102
88 185
89 90
89 194
90 91
90 108
91 92
91 133
91 139
92 93
92 113
92 148
92 164
93 94
93 166
94 95
94 177
95 96
96 97
96 102
96 175
97 98
97 151
98 99
98 115
98 166
99 100
100 101
100 132
100 167
101 102
102 103
102 178
103 104
104 105
105 106
105 176
105 189
106 107
106 112
106 118
106 124
106 167
107 108
108 109
108 187
109 110
109 175
110 111
110 193
111 112
111 137
112 113
113 114
114 115
115 116
115 136
116 117
117 118
117 155
117 181
118 119
119 120
119 144
120 121
120 173
120 185
121 122
121 149
121 170
121 173
122 123
123 124
123 166
123 188
124 125
124 152
125 126
126 127
126 158
127 128
127 170
128 129
128 172
129 130
129 181
130 131
131 132
132 133
133 134
133 169
133 171
133 194
134 135
134 161
134 163
135 136
135 186
136 137
136 158
137 138
137 167
138 139
138 153
139 140
139 172
140 141
141 142
141 158
142 143
142 169
143 144
144 145
144 189
145 146
146 147
147 148
148 149
149 150
150 151
150 176
151 152
151 192
152 153
152 198
153 154
153 199
154 155
155 156
155 172
155 194
156 157
157 158
157 191
158 159
159 160
159 183
160 161
161 162
162 163
163 164
164 165
164 186
165 166
166 167
166 174
166 184
167 168
167 174
167 190
168 169
169 170
170 171
170 183
171 172
172 173
173 174
174 175
175 176
175 194
175 196
176 177
177 178
177 186
178 179
179 180
180 181
181 182
182 183
183 184
184 185
185 186
186 187
187 188
188 189
189 190
190 191
191 192
192 193
193 194
194 195
195 196
196 197
197 198
198 199
