0 76.17170419847395
1 111.3943396486593
2 84.52201322372254
3 83.54807490673397
4 48.125493092245264
5 36.86774880467517
6 84.12260829229037
7 95.3807590640112
8 97.79735463867237
9 118.65306548133795
10 68.10102829247535
11 91.99426596057454
12 24.488106527475146
13 22.78418320394391
14 71.87653809587883
15 97.72763280387235
16 73.67623457219683
17 51.25166045374814
18 63.779655739148865
19 27.245258680438162
20 100.71220891384654
21 56.097313441973355
22 25.895481029263784
23 101.76777778328264
24 44.843098004652575
25 83.74648605853105
26 118.31014867623303
27 34.59243354539023
28 59.737503824004115
29 92.74511102830341
30 67.11986377942304
31 43.96262047972964
32 29.591066383370283
33 43.63507222743081
34 101.03472996825481
35 70.97522771524265
36 110.92783681599983
37 68.3928096547327
38 24.007117138552193
39 102.96825786270453
40 79.37307471001583
41 88.6724937627762
42 52.03708952764767
43 28.710163244124168
44 27.95811430109818
45 67.03650774488383
46 61.15497432928655
47 80.7161749239195
48 58.928144345006686
49 43.422379185754195
50 90.55388210349234
51 52.1459098237332
52 34.55886124541116
53 30.28672005621508
54 119.94258443282253
55 110.99030429246675
56 104.148152701984
57 114.18313805472972
58 93.41186940494947
59 72.63500359291729
60 104.13409181516644
61 38.97246680917114
62 93.45508271284868
63 33.39105338311825
64 36.20070334789236
65 26.43009003694235
66 78.25631054059745
67 112.21283200182356
68 64.26808847178691
69 23.706562206384568
70 82.95721380712592
71 95.57691148744914
72 35.423710827561855
73 53.914057199918055
74 51.33625281113402
75 31.37453234429635
76 22.13671370769536
77 86.05269901225948
78 108.18168310723979
79 71.67427939231912
80 103.50737152862783
81 33.5570975905205
82 104.61232013113258
83 21.34039234008262
84 51.83891027872482
85 36.93496944916537
86 68.69780026086752
87 109.74612871998845
88 67.47906710539951
89 85.28597211536041
90 71.95263547109286
91 66.20043092790166
92 109.66395675457808
93 83.93044068725607
94 78.626089372025
95 46.210126868880245
96 104.006912755706
97 80.94398181229427
98 79.18251408355371
99 25.3287290244884
100 68.31018565222317
101 24.085408047806716
102 21.964458890900676
103 50.09685188560096
104 87.53750953531834
105 31.42180105434345
106 47.75352888677878
107 111.4581727644476
108 86.0706944658229
109 23.895965803767353
110 100.79158267194144
111 85.03871452077969
112 90.78356606531801
113 86.14792812954585
114 36.79759743577027
115 64.80622442456949
116 52.00176207349216
117 93.0934985808582
118 73.61308444673972
119 101.88022744555704
120 91.07698234462293
121 64.07938991394198
122 33.331689618947095
123 48.64233660878702
124 73.08952840162887
125 83.87573398796346
126 106.11618985637354
127 99.80022621529699
128 61.10304686693905
129 60.33329153382733
130 25.378813705881203
131 116.68764352387615
132 94.4306073588032
133 72.22398108683265
134 81.5984375446911
135 118.83669164310814
136 47.53136583137987
137 97.59988871266584
138 117.77086572832538
139 27.737559078182706
140 68.44223338826023
141 102.94716329234932
142 43.3360873801593
143 51.70476550375972
144 66.05913466782917
145 116.4777610328097
146 75.39900950568112
147 107.89788359598107
148 114.11757365305952
149 105.09329788052456
150 66.15786722665763
151 87.79862934714677
152 66.3824012136696
153 23.87173624027194
154 103.67716857184956
155 85.82508985794068
156 32.341833770055274
157 109.36902100972054
158 79.4896359811344
159 27.26782269567123
160 45.61091660684916
161 43.59417586019347
162 100.9843084904848
163 51.36135375246146
164 68.28478240121757
165 24.20779776627421
166 89.13564974704812
167 28.058665189285897
168 113.64223440777934
169 38.310270016077055
170 42.85106920890904
171 112.95500099341182
172 36.885306972279494
173 52.127445197290825
174 70.06201705714957
175 73.81137906913607
176 39.01063985893357
177 96.96793756432665
178 82.65643264323131
179 54.25698063757198
180 52.44364296354595
181 53.01757282404863
182 27.44795625377973
183 75.50356687779126
184 28.72658395074324
185 106.85297273164205
186 78.60001718242596
187 115.28398246807816
188 28.336900218719574
189 85.9975961659327
190 48.27053109226412
191 44.73063108124687
192 20.62219451690465
193 54.41006938453606
194 81.71562693444187
195 48.53883654431828
196 37.873487738386714
197 86.48591510235201
198 90.68843669738558
199 101.51379421597822
0 1
0 5
0 16
0 72
0 110
0 131
0 137
0 145
0 167
0 172
0 187
0 194
0 196
1 2
1 11
1 13
1 65
1 68
1 94
1 109
1 111
1 114
1 121
1 143
1 148
1 168
1 187
1 198
1 199
2 3
2 37
2 41
2 88
2 93
2 112
2 126
2 134
2 136
2 177
2 195
3 4
3 12
3 13
3 64
3 82
3 94
3 114
3 126
3 141
3 146
3 164
4 5
4 17
4 24
4 26
4 36
4 39
4 42
4 70
4 71
4 79
4 151
4 168
4 172
4 176
4 186
4 191
5 6
5 10
5 23
5 84
5 96
5 99
5 121
5 169
5 170
5 175
5 176
5 193
6 7
6 25
6 41
6 63
6 84
6 91
6 103
6 121
6 150
6 152
6 164
6 175
6 182
7 8
7 9
7 26
7 30
7 47
7 106
7 127
7 148
7 164
7 170
7 175
7 180
8 9
8 22
8 35
8 54
8 108
8 126
8 127
8 137
8 161
8 172
8 180
9 10
9 35
9 37
9 46
9 48
9 60
9 79
9 111
9 122
9 132
9 141
9 152
9 190
9 193
10 11
10 19
10 26
10 37
10 56
10 57
10 58
10 62
10 64
10 92
10 103
10 111
10 115
10 143
10 147
10 158
10 166
10 174
10 175
10 195
11 12
11 40
11 60
11 74
11 95
11 100
11 107
11 122
11 123
11 167
11 177
11 179
11 190
11 199
12 13
12 17
12 18
12 21
12 30
12 78
12 80
12 145
12 159
12 167
12 180
12 184
13 14
13 73
13 79
13 95
13 104
13 106
13 118
13 129
13 166
13 169
13 178
13 194
14 15
14 30
14 32
14 50
14 51
14 70
14 80
14 84
14 98
14 102
14 103
14 109
14 132
14 135
14 145
14 159
14 186
14 196
15 16
15 31
15 34
15 65
15 86
15 122
15 136
15 167
15 172
15 186
16 17
16 61
16 62
16 77
16 124
16 127
16 128
16 131
16 134
16 157
16 159
16 161
16 166
16 176
16 178
16 183
16 190
16 195
17 18
17 28
17 44
17 49
17 54
17 55
17 59
17 82
17 90
17 113
17 116
17 127
17 137
17 139
17 152
17 158
17 161
17 173
17 195
17 197
18 19
18 33
18 34
18 43
18 59
18 73
18 82
18 89
18 131
18 152
18 179
19 20
19 21
19 24
19 26
19 36
19 42
19 61
19 81
19 117
19 136
19 150
19 189
20 21
20 26
20 44
20 49
20 56
20 74
20 92
20 96
20 111
20 179
20 183
20 192
21 22
21 44
21 48
21 52
21 66
21 108
21 110
21 147
21 187
22 23
22 24
22 26
22 34
22 52
22 61
22 105
22 108
22 113
22 115
22 118
22 129
22 131
22 133
22 134
22 137
22 138
22 143
22 171
22 172
22 188
23 24
23 52
23 63
23 69
23 85
23 100
23 111
23 115
23 121
23 132
23 161
23 167
23 188
23 189
23 190
23 194
24 25
24 31
24 33
24 39
24 48
24 60
24 84
24 88
24 114
24 124
24 157
24 169
25 26
25 32
25 34
25 36
25 37
25 63
25 78
25 84
25 93
25 105
25 107
25 120
25 126
25 131
25 148
25 151
25 155
25 184
25 187
26 27
26 38
26 70
26 71
26 75
26 81
26 97
26 117
26 118
26 146
26 175
26 179
26 193
27 28
27 30
27 31
27 37
27 47
27 51
27 69
27 88
27 94
27 101
27 134
27 166
28 29
28 48
28 69
28 72
28 129
28 143
28 149
28 157
28 183
29 30
29 49
29 56
29 80
29 114
29 116
29 148
29 155
29 199
30 31
30 55
30 69
30 74
30 77
30 88
30 90
30 120
30 129
30 157
30 162
30 182
31 32
31 62
31 75
31 132
31 134
31 138
31 149
31 152
31 173
31 179
31 180
31 183
31 186
32 33
32 37
32 42
32 106
32 111
32 129
32 149
32 153
32 171
32 183
32 186
33 34
33 39
33 43
33 47
33 67
33 149
33 155
33 167
33 171
33 187
33 199
34 35
34 42
34 63
34 74
34 82
34 87
34 97
34 111
34 116
34 131
34 140
34 192
35 36
35 41
35 44
35 84
35 97
35 101
35 117
35 122
35 138
35 141
35 144
35 152
35 154
36 37
36 64
36 67
36 78
36 100
36 152
36 155
36 166
36 172
36 173
36 179
36 189
36 198
37 38
37 41
37 53
37 57
37 58
37 77
37 83
37 85
37 94
37 105
37 107
37 124
37 135
37 147
37 161
37 171
37 178
38 39
38 44
38 76
38 83
38 109
38 122
38 147
38 157
38 166
38 174
38 185
38 187
38 196
39 40
39 70
39 108
39 110
39 143
39 145
39 172
39 175
39 176
40 41
40 84
40 116
40 124
40 127
40 132
40 133
40 134
40 140
40 177
40 178
40 185
40 188
40 189
41 42
41 53
41 68
41 72
41 76
41 88
41 96
41 107
41 119
41 154
41 158
41 172
41 187
42 43
42 48
42 86
42 125
42 126
42 127
42 164
42 169
42 188
42 190
42 198
43 44
43 55
43 57
43 89
43 100
43 102
43 135
43 182
43 183
44 45
44 47
44 48
44 56
44 74
44 92
44 93
44 113
44 115
44 119
44 130
44 148
44 149
44 152
44 177
44 187
44 195
45 46
45 47
45 74
45 77
45 92
45 96
45 130
45 134
45 135
45 140
45 141
45 153
45 156
45 171
46 47
46 50
46 53
46 68
46 102
46 114
46 119
46 122
46 129
46 135
46 161
46 162
47 48
47 90
47 98
47 124
47 135
47 136
47 145
47 177
47 179
48 49
48 54
48 66
48 68
48 75
48 123
48 125
48 126
48 138
48 151
48 157
48 162
48 164
48 169
48 175
48 179
49 50
49 76
49 91
49 106
49 113
49 124
49 158
49 173
49 175
49 183
49 188
49 198
50 51
50 54
50 62
50 84
50 94
50 97
50 109
50 133
50 156
50 158
50 164
50 165
50 169
51 52
51 60
51 86
51 108
51 111
51 123
51 135
51 143
51 155
52 53
52 54
52 59
52 68
52 82
52 90
52 106
52 114
52 132
52 134
52 152
52 174
52 187
52 193
52 195
52 199
53 54
53 83
53 97
53 99
53 113
53 139
53 152
53 157
53 161
54 55
54 104
54 126
54 128
54 129
54 152
54 158
54 179
54 189
54 193
54 197
55 56
55 85
55 95
55 106
55 107
55 132
55 137
55 153
55 174
55 177
55 194
55 196
56 57
56 59
56 69
56 71
56 84
56 93
56 113
56 117
56 138
56 168
57 58
57 63
57 83
57 94
57 106
57 110
57 115
57 122
57 134
57 141
57 145
57 164
57 175
57 186
57 190
57 198
58 59
58 66
58 85
58 115
58 124
58 128
58 154
58 158
58 160
59 60
59 64
59 67
59 71
59 79
59 80
59 84
59 88
59 108
59 111
59 125
59 131
59 179
59 185
60 61
60 80
60 98
60 105
60 113
60 143
60 162
60 185
60 187
60 190
60 194
61 62
61 74
61 78
61 90
61 100
61 113
61 125
61 135
61 144
61 146
61 148
61 164
61 172
62 63
62 67
62 103
62 141
62 144
62 155
62 180
63 64
63 84
63 104
63 119
63 129
63 131
63 137
63 148
63 152
63 184
63 199
64 65
64 136
64 147
64 149
64 156
64 158
64 159
64 173
65 66
65 84
65 87
65 97
65 99
65 121
65 135
65 152
65 162
65 172
65 173
65 183
65 197
65 199
66 67
66 106
66 120
66 146
66 157
66 158
66 175
66 178
66 180
67 68
67 84
67 86
67 92
67 104
67 112
67 113
67 148
67 163
67 173
68 69
68 78
68 80
68 87
68 103
68 134
68 147
68 170
68 187
69 70
69 71
69 98
69 127
69 141
69 167
69 179
69 188
70 71
70 76
70 81
70 95
70 102
70 103
70 135
70 143
70 173
70 181
71 72
71 85
71 87
71 88
71 152
71 186
71 195
71 196
71 197
72 73
72 80
72 100
72 105
72 142
72 152
72 173
72 195
73 74
73 127
73 133
73 140
73 142
73 143
73 169
73 176
73 180
73 183
73 198
74 75
74 129
74 154
75 76
75 91
75 113
75 128
75 131
75 157
75 179
75 186
75 195
75 197
76 77
76 91
76 97
76 135
76 138
76 142
76 158
76 189
77 78
77 85
77 95
77 96
77 104
77 105
77 120
77 127
77 140
77 148
77 158
77 169
77 181
77 185
78 79
78 82
78 123
78 125
78 132
78 156
78 179
78 183
78 185
79 80
79 83
79 85
79 86
79 91
79 110
79 119
79 151
79 156
79 166
79 168
79 170
80 81
80 91
80 98
80 106
80 113
80 115
80 140
80 147
80 173
80 198
80 199
81 82
81 108
81 119
81 122
81 147
81 157
81 166
81 176
81 191
82 83
82 109
82 136
82 169
82 193
82 196
82 199
83 84
83 90
83 93
83 114
83 172
83 181
84 85
84 89
84 120
84 134
84 149
84 156
84 159
84 170
84 173
84 182
85 86
85 87
85 106
85 108
85 126
85 127
85 165
85 182
85 183
85 196
86 87
86 92
86 100
86 107
86 122
86 149
86 155
86 158
86 161
86 163
86 164
86 166
87 88
87 111
87 113
87 116
87 130
87 141
87 150
87 156
87 178
87 194
88 89
88 90
88 122
88 161
88 163
88 176
88 190
89 90
89 103
89 119
89 142
89 164
90 91
90 106
90 110
90 117
90 124
90 149
90 155
90 159
90 185
90 187
91 92
91 99
91 105
91 116
91 129
91 139
91 170
91 191
91 198
92 93
92 104
92 110
92 123
92 124
92 138
92 140
92 158
92 159
92 186
92 189
92 196
93 94
93 97
93 101
93 119
93 126
93 152
93 167
94 95
94 106
94 114
94 118
94 129
94 137
94 141
94 152
94 170
94 185
94 196
95 96
95 99
95 109
95 112
95 120
95 142
95 163
95 177
95 190
95 191
95 192
96 97
96 101
96 145
96 150
96 151
96 159
96 162
96 168
96 184
97 98
97 141
97 159
97 173
97 180
97 190
97 191
97 197
98 99
98 101
98 117
98 119
98 124
98 136
98 162
98 168
98 169
99 100
99 104
99 188
100 101
100 135
100 160
100 164
100 169
100 190
100 193
100 197
101 102
101 105
101 118
101 139
101 154
101 165
102 103
102 119
102 121
102 141
102 163
102 182
102 195
102 197
103 104
104 105
104 125
104 136
104 146
104 149
104 153
104 161
104 162
104 185
105 106
105 122
105 160
105 179
105 184
105 198
106 107
106 127
106 160
106 164
106 174
106 175
106 185
106 193
106 199
107 108
107 114
107 146
107 156
107 161
107 179
107 183
107 193
107 195
107 199
108 109
108 136
108 175
109 110
109 130
109 135
109 136
109 155
109 157
110 111
110 120
110 140
111 112
111 114
111 119
111 156
111 171
111 185
111 188
112 113
112 122
112 144
112 147
112 158
112 172
112 192
113 114
113 120
113 137
113 139
113 145
113 160
113 181
113 198
114 115
114 140
114 149
114 151
114 164
114 179
114 190
114 191
115 116
115 128
115 143
115 144
115 147
115 157
115 193
116 117
116 119
116 130
116 138
116 141
116 147
116 149
116 153
116 155
116 159
116 162
117 118
117 149
117 176
117 182
117 187
118 119
118 120
118 130
118 131
118 142
118 164
118 169
118 180
119 120
119 147
119 161
119 172
119 187
119 189
119 196
119 199
120 121
120 146
120 160
120 188
120 195
121 122
121 128
121 149
121 158
121 173
121 192
122 123
122 158
122 162
123 124
123 131
123 133
123 166
123 167
123 179
124 125
124 132
124 147
124 161
124 170
124 177
124 192
124 193
125 126
125 127
125 154
125 163
125 166
125 172
125 175
125 196
126 127
126 136
126 174
126 188
126 192
126 199
127 128
127 146
127 156
127 158
127 160
127 172
127 198
128 129
128 135
128 160
128 187
128 194
128 197
129 130
129 131
129 134
129 151
129 152
129 156
129 171
129 184
129 193
129 199
130 131
130 158
130 164
130 190
131 132
131 140
131 157
131 183
131 189
131 190
132 133
132 194
132 198
133 134
133 157
133 162
133 163
133 194
133 196
134 135
134 141
134 161
134 162
134 183
134 187
134 198
135 136
135 169
135 178
135 180
135 181
135 186
135 189
136 137
136 140
136 191
136 194
137 138
137 141
137 163
137 181
138 139
138 149
138 154
138 158
138 170
138 173
138 183
138 185
139 140
139 143
139 146
139 151
139 172
139 180
139 183
139 190
140 141
141 142
141 145
141 173
141 174
141 184
142 143
142 145
142 151
142 172
142 185
142 196
143 144
143 164
143 169
143 191
143 192
144 145
144 146
144 157
144 175
144 183
145 146
145 167
145 185
146 147
146 154
146 182
146 188
146 194
147 148
147 163
147 170
147 182
147 183
147 195
148 149
148 152
148 153
148 157
148 169
148 172
148 179
148 184
148 193
149 150
149 151
149 159
149 160
149 162
149 165
149 172
149 187
149 192
149 198
150 151
150 168
150 175
150 178
150 194
151 152
151 153
151 164
152 153
152 157
152 161
152 174
152 184
152 185
152 195
152 198
153 154
153 194
154 155
154 176
154 192
154 197
155 156
155 159
155 169
155 183
155 193
156 157
156 171
156 172
156 197
157 158
157 160
157 164
157 178
157 199
158 159
158 161
158 180
158 185
158 195
159 160
159 172
159 179
159 186
160 161
160 182
161 162
161 185
161 194
162 163
162 169
162 182
162 199
163 164
163 184
163 189
164 165
164 166
164 187
165 166
165 187
165 191
165 197
166 167
166 170
166 188
166 192
166 193
167 168
167 171
167 174
167 180
167 199
168 169
168 197
169 170
169 184
170 171
170 186
170 190
171 172
171 188
172 173
172 180
172 181
173 174
173 176
173 177
174 175
174 197
175 176
175 182
175 184
176 177
176 187
177 178
178 179
179 180
179 187
179 190
179 199
180 181
180 187
181 182
181 190
182 183
182 194
182 196
183 184
183 193
184 185
184 199
185 186
185 195
186 187
186 190
186 198
187 188
187 198
188 189
188 194
189 190
189 199
190 191
190 193
191 192
192 193
193 194
193 197
193 198
194 195
195 196
196 197
197 198
197 199
198 199
