0 54.922037137514224
1 33.03728311862953
2 114.35366391943282
3 47.94233639595648
4 41.66080856227492
5 54.360056505412196
6 108.11203222020558
7 56.80897551007651
8 81.12201466253669
9 29.119509480617168
10 25.456592689150064
11 54.530456408527755
12 75.06126875359426
13 86.77383815985489
14 23.176745717488306
15 105.43357313166246
16 86.62071896504902
17 33.73999657333446
18 45.93461167083944
19 95.85844114342338
20 71.61489145817905
21 98.9000860637928
22 119.53097828300953
23 56.643250025209525
24 119.09854163388263
25 115.68239266263569
26 115.61297819351516
27 77.86142792999993
28 44.701019446478135
29 26.90175363363329
30 70.0287296447699
31 92.66979056688703
32 64.68430757540224
33 118.17289113175597
34 48.06927674794194
35 115.8175896218886
36 41.27953215551026
37 108.46415629649356
38 88.99832374163768
39 84.18276222040879
40 30.579419730728016
41 52.23817298481475
42 29.555491166408437
43 61.64316794418629
44 83.11180805954695
45 36.629605405826865
46 101.528843268203
47 38.65692226067952
48 44.19201965265208
49 89.23937764014053
50 22.02772951303697
51 78.1174034596322
52 76.24948919831101
53 47.37837055154877
54 46.747049654419754
55 33.36486802006461
56 78.54678394221123
57 77.97272205994481
58 36.299238541529725
59 91.67805791682295
60 111.05670902711077
61 78.84661061402323
62 93.60041881767778
63 77.13555731620156
64 38.7359709569422
65 36.7273960859833
66 66.33234345966497
67 80.42808653524992
68 100.03137956074879
69 65.07188895182415
70 72.66187720387751
71 70.01931119163922
72 69.17736982827812
73 95.69135775302219
74 100.68492527052791
75 78.99414183410872
76 25.691184819522395
77 52.156910837457964
78 52.471918374039056
79 54.999956171603884
80 66.4447416131967
81 90.09565868492183
82 52.12705280333811
83 106.87749561692875
84 95.78989219537442
85 49.74209033532416
86 113.93368539807595
87 80.89469507337805
88 107.43639791205597
89 29.48791067916882
90 71.4434316227478
91 51.93802123089555
92 28.129613100291454
93 55.6775705799963
94 101.27665833407266
95 20.582355377952513
96 27.647553716385847
97 93.52553625065579
98 36.43723701058353
99 65.65185624052651
100 112.23463271064718
101 116.78536052845482
102 53.10456707242477
103 113.70061984365701
104 109.31204989968171
105 29.67941647571373
106 32.15101630570492
107 51.78337645870217
108 20.152443894878353
109 113.60215477488354
110 42.04316509789036
111 27.95289209771997
112 64.17909031060663
113 53.23856177086122
114 63.32023897182401
115 55.1120917889583
116 63.647589491971594
117 81.99350620718388
118 76.5034777433891
119 58.165396670056474
120 20.69061346856425
121 75.00643906384286
122 65.07514168099806
123 81.85511195837677
124 20.053974105180686
125 109.52996205224413
126 43.076155273191446
127 107.2351520491319
128 50.32492370448191
129 107.0795608748535
130 102.90649521141273
131 108.42577992899334
132 74.0512205211883
133 69.51578317022756
134 93.0725510748566
135 118.1094318704193
136 92.87220994240408
137 22.099001803017387
138 77.9109128800209
139 60.16912777258278
140 47.630752035699324
141 80.56087428125254
142 101.72815008215541
143 50.93735505247245
144 65.40757174932953
145 66.36540695782526
146 78.33130868220218
147 66.71474311098467
148 115.51717207038953
149 104.58656361117954
150 53.583999745833246
151 24.53420881526152
152 64.72718010383437
153 52.20817049658592
154 43.408167327317685
155 25.58771506293372
156 28.310608206093704
157 21.155826112265814
158 32.56169938404986
159 66.29914912108376
160 98.01319474608826
161 79.99939425613648
162 30.557224656570607
163 30.718248544615566
164 90.6156180941886
165 41.018617802666604
166 20.24766951975046
167 39.72689811891549
168 101.49307375544493
169 65.20322938900412
170 101.8891722032733
171 47.490579357067304
172 66.42230276437179
173 46.76290420467312
174 30.902235430121273
175 43.65404364444019
176 31.858890512691392
177 70.85125644080512
178 71.08705665256299
179 40.97184074746264
180 109.00523000619778
181 73.46203179921449
182 36.70920851742316
183 102.38060431504496
184 40.21227655680193
185 70.83451050436425
186 76.65694251212517
187 88.96147438932348
188 37.60581259751429
189 67.20907092505541
190 61.781564546407225
191 90.80745111591685
192 63.30064051101002
193 94.40278379054043
194 72.56751098614126
195 36.50181337189834
196 108.16376119349584
197 84.4287365719078
198 48.438856909064796
199 63.73022591973144
0 1
0 38
0 103
0 128
1 2
1 11
1 35
1 76
1 81
1 98
1 165
1 170
2 3
2 28
2 46
2 49
2 99
2 136
2 137
2 163
2 166
3 4
3 25
3 45
3 108
3 133
3 153
3 170
4 5
4 40
4 46
4 76
4 128
4 148
5 6
5 46
5 47
5 63
5 103
5 117
5 140
5 160
5 169
5 176
5 194
6 7
6 20
6 30
6 119
6 158
6 195
7 8
7 36
7 57
7 67
7 100
7 110
7 133
7 181
8 9
8 34
8 56
8 62
8 85
8 110
8 193
9 10
9 13
9 49
9 110
9 157
10 11
10 95
10 101
10 120
10 176
10 190
11 12
11 70
11 74
11 82
11 119
11 125
11 138
12 13
12 23
12 71
12 90
12 143
13 14
13 31
13 37
13 59
13 72
13 117
13 118
13 126
13 142
13 158
14 15
14 47
14 101
14 104
14 111
14 123
14 173
15 16
15 48
15 77
15 125
15 156
15 166
16 17
16 25
16 61
16 163
16 164
17 18
17 33
17 50
17 76
17 134
17 148
17 173
18 19
18 50
18 112
18 126
18 130
18 138
18 139
18 147
18 178
18 192
19 20
19 41
19 46
19 160
20 21
20 48
20 58
20 71
20 126
20 148
21 22
21 37
21 42
21 102
21 117
21 162
21 175
22 23
22 44
22 48
23 24
23 36
23 69
23 163
24 25
24 66
24 70
24 73
24 103
24 165
24 173
24 182
25 26
25 67
25 78
25 141
25 156
25 180
26 27
26 56
26 90
26 147
27 28
27 57
27 78
27 93
27 110
27 125
27 127
27 155
27 170
27 189
27 196
28 29
28 46
28 62
28 68
28 69
28 83
28 106
28 163
28 173
28 190
28 196
29 30
29 43
29 117
29 124
30 31
30 41
30 54
30 56
30 63
30 64
30 104
30 147
31 32
31 45
31 155
31 163
31 168
31 169
31 183
31 192
32 33
32 51
32 52
32 60
32 84
32 86
33 34
33 49
33 116
33 132
33 135
33 169
33 177
34 35
34 125
34 152
34 160
35 36
35 87
35 112
35 145
36 37
36 46
36 55
36 56
36 82
36 95
36 116
36 136
36 144
37 38
37 101
37 152
37 161
38 39
38 48
38 51
38 70
38 73
38 111
38 178
38 184
39 40
39 98
39 127
39 160
39 185
40 41
40 85
40 121
40 196
41 42
41 102
41 183
42 43
42 131
42 136
42 156
42 168
43 44
43 62
43 86
43 92
43 156
44 45
44 96
44 141
45 46
45 58
45 155
45 171
45 175
46 47
46 199
47 48
47 129
47 174
48 49
48 83
48 155
48 180
48 198
49 50
49 53
49 55
49 56
49 118
50 51
50 124
50 137
50 141
50 152
50 163
50 173
51 52
51 85
51 112
51 152
51 187
51 195
52 53
52 55
52 91
52 148
53 54
53 73
53 87
53 95
53 121
53 135
53 145
53 178
53 180
53 198
54 55
54 70
54 81
54 92
54 93
54 133
54 142
54 146
54 188
55 56
55 73
55 81
55 94
55 141
55 151
55 154
56 57
56 180
56 191
56 193
57 58
57 72
57 189
58 59
58 101
58 115
58 186
59 60
59 86
59 100
59 110
59 114
59 127
59 199
60 61
60 99
60 123
60 139
60 152
60 174
61 62
61 76
61 77
61 116
61 118
61 164
62 63
62 85
62 108
62 159
63 64
63 82
63 94
63 106
63 122
63 182
63 186
63 195
63 199
64 65
64 83
64 126
64 133
64 142
64 197
65 66
65 86
65 161
65 190
66 67
66 99
66 135
66 139
67 68
67 110
67 153
67 155
67 187
68 69
68 76
68 117
68 149
69 70
69 73
69 105
69 120
70 71
70 138
71 72
71 134
71 184
72 73
72 83
72 85
72 108
72 121
72 124
72 191
73 74
73 136
73 154
74 75
74 87
74 129
74 150
74 175
74 198
75 76
75 175
76 77
76 89
77 78
77 83
77 133
77 158
77 168
77 186
78 79
78 84
78 133
78 191
79 80
79 98
79 103
79 112
79 142
79 168
79 186
80 81
80 97
80 171
80 181
81 82
81 90
81 93
81 108
81 136
81 155
81 181
82 83
82 88
82 133
82 173
83 84
83 87
83 127
83 157
83 181
83 184
83 189
84 85
84 128
84 129
84 149
85 86
85 102
85 124
85 130
85 166
85 189
86 87
86 167
86 174
86 177
86 183
86 193
87 88
87 121
87 174
87 191
88 89
88 104
89 90
89 116
89 131
89 164
89 197
90 91
90 126
90 178
91 92
91 93
91 130
91 131
91 174
92 93
92 126
92 162
92 189
93 94
93 100
93 121
93 143
93 188
94 95
94 107
94 151
94 163
95 96
95 108
95 118
95 145
95 149
95 190
96 97
96 115
96 185
97 98
97 112
97 171
98 99
98 110
98 173
98 174
99 100
99 158
100 101
100 145
100 163
101 102
101 130
101 157
101 182
101 184
102 103
102 140
102 150
103 104
103 166
103 169
103 178
104 105
104 150
105 106
105 107
105 113
105 138
105 185
106 107
106 134
106 169
106 176
106 180
107 108
107 136
108 109
108 135
108 167
108 190
108 196
109 110
109 133
109 142
109 171
110 111
110 132
110 159
110 175
110 178
110 183
111 112
111 130
111 137
112 113
112 118
112 120
112 133
112 138
112 198
113 114
113 147
113 170
113 176
113 192
114 115
114 140
114 166
114 196
115 116
116 117
116 122
116 137
116 152
116 164
116 194
117 118
117 135
117 167
117 182
117 186
118 119
118 127
118 134
118 137
118 144
119 120
119 193
120 121
120 159
120 171
120 183
120 198
121 122
121 140
122 123
122 169
122 185
123 124
123 135
123 145
123 146
123 174
123 179
124 125
124 159
125 126
125 129
125 137
125 149
125 159
126 127
126 133
127 128
127 138
127 142
127 174
128 129
128 139
129 130
129 158
130 131
131 132
131 151
131 163
131 180
132 133
132 154
133 134
133 135
133 142
133 163
133 193
134 135
135 136
135 165
136 137
136 153
136 198
137 138
137 153
138 139
138 147
138 149
138 167
138 190
139 140
139 145
139 146
139 172
140 141
140 163
140 167
140 171
141 142
141 193
141 197
142 143
142 168
143 144
143 199
144 145
144 163
144 178
144 181
145 146
145 196
146 147
146 188
147 148
147 149
147 150
148 149
148 172
148 177
149 150
149 188
150 151
150 190
151 152
152 153
153 154
153 178
154 155
154 162
155 156
155 197
156 157
157 158
157 184
158 159
159 160
159 164
159 192
160 161
160 170
160 173
160 183
161 162
161 168
161 181
161 196
162 163
162 165
162 197
163 164
163 182
163 185
163 188
164 165
164 190
164 193
165 166
165 178
166 167
166 189
167 168
168 169
168 173
168 182
169 170
170 171
171 172
172 173
172 175
173 174
174 175
175 176
175 178
175 183
176 177
177 178
177 199
178 179
178 191
179 180
180 181
181 182
181 197
182 183
183 184
184 185
184 192
185 186
186 187
187 188
188 189
188 191
189 190
190 191
191 192
192 193
193 194
194 195
195 196
196 197
197 198
197 199
198 199
