0 30.54661033421457
1 41.96461923735593
2 44.50175154876012
3 119.81050699311886
4 63.42168768613695
5 60.10620870165788
6 59.82773442847818
7 60.85476622477894
8 67.49942662261017
9 44.135254138565884
10 24.79666006943324
11 85.21584626281783
12 97.47500897182503
13 50.33061108310091
14 24.74118306188915
15 78.80063828657876
16 27.358223521008426
17 87.10861971798917
18 56.01474707768284
19 86.00370662707132
20 49.829377791726465
21 67.28706971144109
22 28.243281871823037
23 79.23662862680303
24 90.69541059173905
25 102.36359347559443
26 34.97452182703864
27 108.10756313880213
28 91.15920742768887
29 118.98728612151419
30 69.31491283752244
31 40.50991768398177
32 27.900280601002407
33 42.7438256083542
34 29.991704566567527
35 86.8829793681618
36 86.37516930791757
37 112.44068669422302
38 110.25054648115926
39 81.03618706330859
40 76.28099927238625
41 59.27057535314202
42 87.09649951779515
43 76.18271268997378
44 79.78588010828184
45 109.54745862744956
46 31.609038953303774
47 103.20687179489565
48 52.91489583025631
49 47.15111852407979
50 42.409343141058024
51 29.693788734132003
52 58.390683065934326
53 102.3824661933591
54 63.830706258732754
55 52.878705608388
56 94.26265728977914
57 117.62331360144087
58 87.94070876196447
59 57.4271499580568
60 96.81917656715599
61 77.01065345191729
62 55.28628146643516
63 69.83614872308507
64 38.56207005600058
65 77.27698860754975
66 63.080611586048676
67 45.250538807136365
68 112.43307489852859
69 59.97455635424893
70 61.523370060900184
71 29.617358060703477
72 92.01693786577043
73 21.492766674164514
74 69.04344360107007
75 50.35519732545588
76 84.10606390910169
77 66.59458330478165
78 65.47605770732028
79 102.09429161510286
80 44.79676375558236
81 73.638924736499
82 28.533732476152483
83 110.54704591791665
84 113.19725956945575
85 95.22264017714552
86 63.403261000877556
87 77.19760316081901
88 27.862879478357776
89 26.66695764760964
90 37.89850685633742
91 30.252940262382758
92 30.233877786090538
93 36.58976406817834
94 76.32148068815295
95 33.17692425013202
96 26.636597386255715
97 68.74643395266511
98 84.03183459459754
99 31.13264001569324
100 75.81878231662658
101 92.38837084227147
102 71.69753973518776
103 47.78718893545571
104 92.52502424411213
105 99.57979550025607
106 23.29718428238831
107 80.1871322706028
108 109.27848561663652
109 22.22975020302624
110 105.16698435668843
111 77.79158103044115
112 118.32018128099003
113 69.03769383578569
114 44.73324889141578
115 33.25388752813459
116 23.567282129580974
117 63.11742303020994
118 117.04372218526551
119 57.17178840384423
120 68.48703492671497
121 94.75553716078208
122 64.80882600834369
123 56.77973808106593
124 69.94307916491107
125 90.5770014245042
126 43.386563029210635
127 89.43613294367948
128 80.35606093419378
129 40.331814726141346
130 25.992407631221152
131 115.76193943669492
132 20.93061307145077
133 115.5831609826286
134 26.38825204392209
135 34.41624503949102
136 77.2359798620038
137 60.76887169808368
138 96.40207326429632
139 40.748090518505904
140 25.087606165366644
141 36.42436649038979
142 33.85265256984336
143 114.942869846714
144 59.46229034334036
145 46.79673787267698
146 92.8013638669126
147 111.78550382226214
148 32.08956776605717
149 89.64595236060087
150 22.525679637896737
151 93.79146300508681
152 64.39720458819767
153 24.720628888471666
154 74.20668792484412
155 22.21067071876293
156 91.64879405421125
157 69.21220719905978
158 105.04561829847663
159 96.28818170153859
160 111.39664011201866
161 93.43276280117814
162 78.37195731633408
163 110.16944362617437
164 54.7832365777555
165 108.02808394209876
166 105.2784672630613
167 78.96690267248053
168 72.75985649146985
169 105.22910843475675
170 98.41602584787687
171 70.75853628574532
172 30.95083807836535
173 40.96113204977206
174 111.80388613515345
175 69.66788719202857
176 36.677412747260334
177 22.07168378593544
178 21.858587153814074
179 86.67901080247539
180 79.56498832792411
181 93.504321626967
182 64.31743663849845
183 29.468717935563205
184 53.19301403809373
185 103.93704250320908
186 79.33012942170095
187 40.29233703832752
188 39.40668598161819
189 65.22035521144818
190 32.71468345330374
191 111.83816129276708
192 79.19490612933653
193 110.89156299204483
194 75.22160885292058
195 94.96967737333237
196 24.449077763503936
197 102.10808569211369
198 73.62281601114333
199 119.40350923903011
0 1
0 9
0 13
0 79
0 92
0 162
0 185
1 2
1 51
1 57
1 86
2 3
2 10
2 35
2 51
2 58
2 64
2 83
2 153
2 154
2 164
2 172
2 185
2 190
3 4
3 53
3 167
3 183
4 5
4 34
4 85
4 95
4 193
4 196
4 198
5 6
5 18
5 47
5 49
5 158
5 178
6 7
6 38
6 41
6 52
6 102
6 167
7 8
7 13
7 97
7 100
7 129
7 159
7 165
8 9
8 29
8 65
8 88
8 93
8 101
8 122
8 194
9 10
9 11
9 13
9 60
9 73
9 114
10 11
10 79
10 103
10 130
11 12
11 65
11 91
11 111
11 115
11 177
12 13
12 14
12 82
12 100
12 194
13 14
13 56
13 118
13 156
14 15
14 95
14 114
14 119
14 120
14 176
14 178
14 188
15 16
15 26
15 60
15 137
15 171
15 197
16 17
16 29
16 53
16 55
16 79
16 118
16 155
16 195
17 18
17 26
17 41
17 47
17 50
17 94
17 111
17 123
17 137
17 140
17 152
17 160
18 19
18 22
18 46
18 128
18 158
18 160
19 20
19 26
19 35
19 48
19 107
19 131
20 21
20 45
20 46
20 109
20 116
20 157
21 22
21 43
21 54
21 79
21 110
21 165
21 183
21 192
22 23
22 40
22 51
22 62
22 125
22 154
22 162
22 170
22 196
23 24
23 45
23 47
23 73
23 80
23 174
24 25
24 109
24 110
24 146
24 153
24 157
24 177
25 26
25 60
25 91
25 120
26 27
26 29
26 32
26 66
26 68
26 70
26 107
26 114
26 132
26 148
27 28
27 119
28 29
28 32
28 55
28 89
28 113
28 134
28 155
29 30
29 46
29 105
29 108
29 151
29 195
30 31
30 60
30 77
30 103
30 137
30 164
31 32
31 43
31 70
31 74
31 87
31 101
31 121
31 134
31 168
31 178
32 33
32 150
32 167
32 182
32 188
32 189
33 34
33 89
33 109
33 133
33 147
33 151
33 166
33 172
33 181
34 35
34 38
34 88
34 110
34 116
34 145
34 171
35 36
35 58
35 96
35 122
35 136
36 37
36 58
36 115
36 178
37 38
37 41
37 46
37 63
37 105
37 106
37 198
38 39
38 75
38 113
38 127
38 155
38 173
38 187
39 40
39 48
39 75
39 82
39 115
39 138
39 148
39 149
39 167
40 41
40 46
40 92
40 178
40 179
40 199
41 42
41 75
41 76
41 90
41 133
41 174
41 181
42 43
42 60
42 141
42 166
42 188
43 44
43 70
43 74
43 175
43 182
43 191
44 45
44 59
44 73
44 102
44 146
44 161
44 168
44 173
44 190
45 46
45 73
45 90
45 108
45 139
45 143
45 147
45 149
45 180
45 184
45 199
46 47
46 85
46 101
46 117
46 173
47 48
47 53
47 119
47 121
47 127
47 175
47 183
48 49
49 50
49 98
49 110
49 141
49 161
49 186
49 188
50 51
50 91
51 52
51 54
51 57
51 58
51 64
51 94
51 108
51 109
51 131
51 197
52 53
52 66
52 73
52 142
52 180
52 183
52 184
52 192
53 54
53 132
54 55
54 110
54 117
54 130
54 174
54 190
54 198
55 56
55 100
55 125
55 126
55 193
56 57
56 68
56 82
56 138
56 179
57 58
57 99
57 124
57 125
58 59
58 67
58 108
58 125
58 139
58 151
58 156
58 161
58 162
58 179
58 190
59 60
60 61
60 123
60 128
60 137
60 142
60 177
60 183
60 196
61 62
61 169
61 177
62 63
62 99
62 103
62 118
62 145
62 194
62 199
63 64
63 65
63 146
63 160
63 166
63 197
64 65
64 90
64 106
65 66
65 135
65 189
66 67
66 84
66 110
66 170
66 176
67 68
67 95
67 154
67 164
67 190
68 69
68 91
68 113
68 129
68 136
68 141
69 70
69 79
69 89
69 118
69 122
69 191
69 198
70 71
70 84
70 100
70 117
70 118
70 147
70 173
71 72
71 129
71 132
71 168
71 196
72 73
72 89
72 174
73 74
73 95
73 96
73 118
73 125
73 158
74 75
74 102
74 111
74 152
75 76
75 109
75 135
75 179
76 77
76 84
76 100
76 128
76 135
76 151
76 199
77 78
77 94
77 180
78 79
78 89
78 107
78 123
78 135
78 174
78 195
79 80
79 88
79 106
79 111
79 143
79 153
79 180
80 81
80 98
80 147
81 82
81 98
81 113
81 128
81 158
81 177
82 83
82 129
82 139
82 162
83 84
83 135
84 85
84 106
84 165
84 189
85 86
86 87
86 120
86 140
87 88
87 157
87 165
87 168
87 170
87 195
88 89
88 100
88 158
89 90
89 91
90 91
90 121
90 134
90 154
91 92
91 104
91 130
91 177
91 179
91 195
92 93
92 101
92 110
92 136
92 146
93 94
93 118
94 95
94 97
94 146
95 96
95 190
96 97
96 155
96 180
97 98
97 128
98 99
98 131
98 178
98 179
99 100
99 117
99 128
99 140
99 194
100 101
100 174
100 177
101 102
101 154
101 164
101 186
102 103
102 118
102 161
103 104
103 117
103 132
103 150
103 194
104 105
104 112
105 106
105 160
105 177
106 107
106 108
106 126
106 137
106 149
107 108
107 146
107 160
108 109
108 117
108 176
109 110
109 155
110 111
110 115
110 129
111 112
111 113
111 186
111 188
111 191
112 113
112 158
113 114
113 124
114 115
114 116
114 155
114 165
115 116
115 144
115 171
115 183
116 117
116 118
116 174
117 118
117 157
117 161
118 119
118 181
119 120
119 168
119 184
120 121
120 127
120 133
120 171
120 185
120 194
120 197
121 122
121 125
122 123
122 132
122 185
122 195
123 124
123 154
123 158
123 163
123 197
124 125
124 126
124 135
125 126
125 130
126 127
126 128
127 128
127 156
127 158
127 171
128 129
128 135
128 150
128 173
129 130
129 176
130 131
130 137
130 156
130 172
130 187
131 132
131 146
131 148
131 173
131 180
131 188
131 194
131 199
132 133
132 139
132 147
132 178
132 182
133 134
134 135
134 188
134 197
135 136
136 137
136 152
136 156
136 161
137 138
137 142
138 139
138 168
139 140
140 141
140 149
141 142
141 196
142 143
142 180
142 181
142 194
143 144
143 190
143 192
144 145
144 156
144 183
144 196
145 146
146 147
146 160
146 181
147 148
147 152
148 149
149 150
149 176
149 197
149 199
150 151
151 152
151 154
151 185
152 153
152 156
153 154
154 155
155 156
155 178
156 157
156 177
157 158
157 185
157 186
158 159
158 181
158 191
159 160
159 198
160 161
160 162
160 199
161 162
161 180
161 190
161 195
162 163
163 164
164 165
164 194
165 166
165 168
165 189
166 167
166 177
167 168
168 169
168 176
169 170
169 199
170 171
170 179
171 172
172 173
172 174
172 179
173 174
174 175
174 180
174 183
174 195
175 176
176 177
176 186
177 178
178 179
179 180
179 195
180 181
181 182
182 183
183 184
184 185
185 186
186 187
187 188
188 189
189 190
189 193
190 191
191 192
191 198
192 193
193 194
194 195
195 196
196 197
197 198
198 199
