0 40.481506580717756
1 31.585344644390496
2 41.66618327577777
3 26.786868190036586
4 80.6761877059586
5 114.82278957050798
6 45.75754411788786
7 92.3526274813395
8 95.22430189091992
9 103.94864683104534
10 115.60961862062372
11 21.58727895443338
12 84.07994367533082
13 44.65725720206554
14 42.280140627299694
15 72.77809884177233
16 94.08169962892075
17 39.77940403893966
18 31.344826906386874
19 113.96742019281032
20 99.56304903678051
21 44.741537230173826
22 20.484063590362773
23 60.22403377472025
24 49.40267033440873
25 25.397684271744208
26 20.273723499153366
27 49.93676126277103
28 108.13003361331012
29 73.15897412458435
30 53.10994380462692
31 48.0726868339791
32 57.86176090874843
33 34.162102608648595
34 105.92030040142036
35 90.22145846405718
36 95.12944414812345
37 24.159481468868698
38 31.161519348578008
39 110.2509930392181
40 52.06975123785737
41 68.88021158935535
42 27.576504413404194
43 26.528789167105664
44 94.98277893293428
45 30.802450325969932
46 107.28111503995873
47 96.91699645500437
48 104.92480584249365
49 57.59410224601032
50 108.97375925651104
51 91.12825057609989
52 24.78673947772734
53 114.92022456068663
54 48.40859778887973
55 70.5332504007877
56 65.21970320988045
57 46.88189906540036
58 106.74572371925484
59 110.13990778278595
60 97.80437237640845
61 41.04275878840119
62 44.98937848558623
63 45.21780915210864
64 28.020816730206533
65 61.81574462042738
66 98.44795723459048
67 75.92068342821304
68 32.86077324297273
69 55.92408393259017
70 48.99712084224201
71 117.26342093501015
72 68.3344291468716
73 26.7168923341381
74 94.90009016435346
75 38.93912221966243
76 100.65893704849867
77 20.3111923351387
78 38.036777747486155
79 99.71556070036728
80 91.5760477384925
81 65.84855303420863
82 86.61611432041956
83 44.52934422660873
84 73.03142300830663
85 64.59599347902808
86 27.793562654002084
87 98.89995047807645
88 79.35830288659761
89 28.187114506221473
90 59.08845879855891
91 64.91476714163488
92 66.14340866383469
93 24.990953012476954
94 80.09351157558297
95 95.79012011614144
96 34.113081600805856
97 105.41233723532456
98 36.69141822582453
99 101.89220488684242
100 93.66281099432544
101 41.869019195447564
102 78.84121415666874
103 20.105731455461967
104 51.063522613843276
105 37.25719546349986
106 39.9696275547136
107 60.567026314748624
108 70.91305143805046
109 26.908503846835536
110 71.10040291845185
111 30.032201609026902
112 71.06148364000056
113 23.357934714534505
114 66.07714230930316
115 119.52993742578684
116 36.02412999217941
117 30.683506267035792
118 95.58295455761036
119 35.45231635882071
120 92.80610368409371
121 85.74501863921266
122 27.13278488898593
123 47.86605222494957
124 79.09759644689126
125 67.3405196470544
126 45.81199016659181
127 27.580404356874617
128 47.959111972725005
129 51.11557135054956
130 106.25739108587159
131 44.38686406846486
132 95.40108615800848
133 78.00184941705263
134 40.22465730877092
135 102.88976388882881
136 67.67247435740947
137 47.02790987048964
138 116.05855111131213
139 99.4757282338075
140 103.60800021811356
141 39.53646292892522
142 96.48023983921057
143 94.223871908244
144 94.04402354595791
145 31.158861519799554
146 69.32848450302312
147 104.9375159927086
148 95.09798625455747
149 50.33889024004438
150 32.23921789242708
151 46.98211999915099
152 115.0167064799909
153 97.76442138450061
154 96.72068120622049
155 62.24303378413052
156 105.33383622216432
157 49.75680954887474
158 39.67889189039226
159 103.27057940792795
160 26.23702741469141
161 30.48441116295874
162 71.17093553425724
163 64.55883572937387
164 23.33042687166162
165 52.80793630453252
166 106.01120714827634
167 81.9085152150787
168 48.388383348605785
169 95.63177126795698
170 23.828364323987245
171 52.95307300517327
172 80.23130957588526
173 106.8268592267491
174 77.26841602796429
175 67.18123746967818
176 53.51484428256811
177 95.10706627653957
178 61.26208889046203
179 72.16798522014912
180 83.0086206433308
181 101.6824057504674
182 87.62215237703067
183 44.22988642247847
184 78.85106825003572
185 23.078892971423752
186 118.70915794008485
187 76.34967954564614
188 84.30188378337081
189 90.20621365914354
190 101.50161704302431
191 43.968840263279915
192 31.673911793549266
193 95.57076585136161
194 109.12936198956372
195 60.12579157045495
196 104.41135871637476
197 100.47309812650525
198 40.776435044644856
199 85.42131791164437
0 1
0 2
0 7
0 28
0 32
0 39
0 41
0 45
0 54
0 77
0 111
0 112
0 132
0 159
0 161
0 166
0 171
0 185
0 189
1 2
1 30
1 41
1 71
1 75
1 83
1 101
1 112
1 113
1 120
1 145
1 146
1 160
1 173
1 175
1 177
1 183
1 190
2 3
2 11
2 15
2 16
2 27
2 29
2 33
2 81
2 92
2 93
2 107
2 125
2 126
2 145
2 164
2 183
2 187
2 189
2 193
3 4
3 21
3 28
3 36
3 43
3 51
3 55
3 62
3 69
3 78
3 80
3 81
3 83
3 96
3 122
3 124
3 133
3 144
3 148
3 152
3 156
3 165
3 168
3 182
3 196
4 5
4 11
4 15
4 32
4 34
4 35
4 36
4 48
4 53
4 60
4 74
4 79
4 94
4 104
4 106
4 113
4 116
4 135
4 154
4 161
4 175
4 178
4 179
4 183
4 186
5 6
5 7
5 14
5 22
5 24
5 52
5 54
5 61
5 63
5 75
5 79
5 92
5 97
5 106
5 116
5 145
5 175
6 7
6 12
6 18
6 32
6 42
6 43
6 65
6 102
6 108
6 111
6 114
6 130
6 131
6 134
6 177
6 182
7 8
7 14
7 29
7 30
7 33
7 49
7 67
7 69
7 70
7 76
7 111
7 123
7 154
7 163
7 184
7 186
7 188
7 191
8 9
8 12
8 27
8 62
8 74
8 80
8 82
8 102
8 104
8 110
8 162
8 189
8 199
9 10
9 12
9 23
9 36
9 46
9 47
9 51
9 53
9 73
9 75
9 79
9 84
9 88
9 119
9 151
9 155
9 156
9 163
9 174
9 175
9 176
9 182
9 184
9 190
9 191
10 11
10 44
10 82
10 87
10 96
10 102
10 141
10 158
10 173
10 198
11 12
11 20
11 25
11 42
11 67
11 69
11 90
11 101
11 103
11 111
11 112
11 114
11 116
11 147
11 158
11 179
11 190
11 193
11 194
12 13
12 47
12 52
12 56
12 76
12 77
12 87
12 95
12 97
12 122
12 133
12 147
12 169
12 174
13 14
13 19
13 20
13 24
13 37
13 59
13 66
13 67
13 69
13 76
13 81
13 88
13 95
13 123
13 143
13 145
13 152
13 159
13 162
13 181
13 192
13 199
14 15
14 27
14 35
14 37
14 38
14 50
14 57
14 60
14 68
14 98
14 118
14 121
14 129
14 162
14 166
14 168
14 177
14 183
15 16
15 19
15 49
15 58
15 75
15 92
15 106
15 109
15 111
15 120
15 125
15 140
15 142
15 159
15 160
15 165
15 171
15 177
16 17
16 40
16 47
16 49
16 60
16 79
16 98
16 101
16 113
16 115
16 118
16 119
16 139
16 141
16 151
16 165
16 174
16 175
16 187
17 18
17 19
17 40
17 42
17 51
17 69
17 94
17 95
17 110
17 117
17 146
17 153
17 169
17 170
17 181
17 184
17 185
18 19
18 23
18 26
18 46
18 55
18 61
18 83
18 98
18 101
18 148
18 158
18 160
18 174
18 199
19 20
19 29
19 33
19 43
19 49
19 53
19 58
19 65
19 83
19 85
19 106
19 114
19 120
19 121
19 149
19 164
19 185
19 190
20 21
20 27
20 31
20 38
20 43
20 55
20 56
20 58
20 66
20 80
20 84
20 85
20 86
20 88
20 91
20 94
20 111
20 122
20 150
20 160
20 183
20 184
20 185
20 192
20 194
20 197
20 198
20 199
21 22
21 30
21 45
21 70
21 73
21 77
21 78
21 159
21 161
21 166
21 178
21 182
21 196
22 23
22 26
22 45
22 54
22 106
22 129
22 131
22 141
22 150
22 176
22 186
23 24
23 28
23 30
23 43
23 44
23 47
23 49
23 63
23 75
23 76
23 93
23 125
23 145
23 163
23 168
23 184
23 194
23 198
23 199
24 25
24 34
24 79
24 105
24 117
24 119
24 140
24 145
24 155
24 186
24 190
24 199
25 26
25 76
25 97
25 100
25 117
25 146
25 163
25 165
25 182
25 190
26 27
26 62
26 72
26 91
26 108
26 118
26 126
26 136
26 138
26 149
26 150
26 153
26 165
26 170
26 173
26 180
27 28
27 31
27 41
27 42
27 45
27 56
27 59
27 78
27 86
27 91
27 113
27 121
27 123
27 137
27 138
27 142
27 155
27 158
27 160
28 29
28 38
28 39
28 40
28 41
28 51
28 54
28 59
28 68
28 74
28 88
28 89
28 100
28 105
28 106
28 107
28 121
28 128
28 166
28 177
28 183
28 190
29 30
29 41
29 43
29 65
29 93
29 97
29 108
29 113
29 128
29 129
29 139
29 146
29 153
29 160
29 166
29 182
29 184
29 197
30 31
30 38
30 40
30 50
30 60
30 68
30 71
30 94
30 115
30 121
30 127
30 140
30 168
30 172
30 179
30 189
31 32
31 33
31 35
31 38
31 39
31 41
31 66
31 78
31 84
31 88
31 94
31 114
31 130
31 137
31 147
31 149
31 165
31 167
31 170
31 173
31 181
31 190
32 33
32 45
32 51
32 52
32 53
32 83
32 90
32 93
32 96
32 102
32 103
32 113
32 121
32 136
32 156
32 157
32 159
32 160
32 186
32 189
32 191
32 193
33 34
33 48
33 50
33 82
33 119
33 136
33 139
33 141
33 144
33 171
33 175
33 177
33 187
34 35
34 50
34 55
34 71
34 73
34 76
34 94
34 125
34 142
34 145
34 147
34 155
34 158
34 166
34 167
34 197
35 36
35 45
35 53
35 55
35 57
35 61
35 71
35 72
35 74
35 77
35 81
35 116
35 120
35 127
35 139
35 150
35 165
35 172
35 177
35 179
35 196
35 197
36 37
36 46
36 53
36 56
36 65
36 107
36 114
36 122
36 123
36 164
37 38
37 52
37 59
37 100
37 108
37 129
37 148
37 153
37 163
37 184
37 196
38 39
38 61
38 62
38 76
38 87
38 95
38 104
38 117
38 136
38 179
38 181
38 197
39 40
39 43
39 44
39 52
39 65
39 80
39 86
39 88
39 96
39 101
39 106
39 142
39 158
39 168
39 178
39 181
39 182
39 185
39 192
40 41
40 46
40 74
40 96
40 107
40 115
40 140
40 145
40 153
40 173
41 42
41 44
41 49
41 55
41 63
41 64
41 72
41 100
41 104
41 109
41 121
41 123
41 129
41 149
41 151
41 163
41 179
41 180
41 189
42 43
42 50
42 64
42 73
42 75
42 88
42 92
42 93
42 94
42 98
42 106
42 109
42 113
42 123
42 134
42 143
42 153
42 161
42 171
42 187
42 190
43 44
43 55
43 58
43 76
43 97
43 111
43 137
43 154
43 159
43 183
43 184
43 197
44 45
44 56
44 70
44 71
44 72
44 77
44 98
44 115
44 119
44 120
44 122
44 138
44 160
45 46
45 62
45 86
45 91
45 99
45 111
45 118
45 125
45 133
45 140
45 158
45 159
45 161
45 163
45 172
45 178
46 47
46 71
46 84
46 100
46 113
46 118
46 122
46 126
46 129
46 135
46 140
46 183
46 187
46 188
46 191
47 48
47 55
47 86
47 101
47 121
47 124
47 150
47 158
47 166
47 170
47 185
47 187
47 199
48 49
48 75
48 101
48 148
48 153
48 164
48 170
48 172
48 178
48 199
49 50
49 58
49 62
49 73
49 78
49 83
49 84
49 95
49 110
49 113
49 123
49 142
49 166
49 181
49 189
49 195
50 51
50 71
50 77
50 93
50 108
50 111
50 129
50 130
50 152
50 160
50 187
50 190
50 199
51 52
51 69
51 78
51 88
51 115
51 128
51 140
51 143
51 148
51 152
51 154
51 165
51 168
51 192
52 53
52 54
52 63
52 75
52 76
52 80
52 84
52 119
52 141
52 142
52 143
52 148
52 156
52 160
52 182
52 188
52 199
53 54
53 59
53 76
53 77
53 78
53 80
53 108
53 121
53 133
53 138
53 165
54 55
54 56
54 74
54 103
54 120
54 125
54 132
54 138
54 152
54 171
54 173
54 194
55 56
55 58
55 70
55 71
55 81
55 84
55 94
55 106
55 147
55 154
55 155
55 158
55 165
55 170
55 185
56 57
56 58
56 79
56 106
56 107
56 118
56 130
56 132
56 140
56 149
56 157
56 170
56 187
56 189
56 190
57 58
57 70
57 72
57 90
57 92
57 97
57 106
57 111
57 116
57 125
57 138
57 149
57 153
57 154
57 157
57 166
57 174
57 177
58 59
58 70
58 81
58 82
58 83
58 86
58 93
58 103
58 122
58 134
58 142
58 148
58 150
58 162
58 185
58 190
59 60
59 62
59 72
59 75
59 81
59 90
59 119
59 123
59 126
59 147
59 167
59 184
59 190
60 61
60 80
60 93
60 111
60 112
60 115
60 125
60 136
60 142
60 153
60 158
60 173
60 181
60 184
60 192
61 62
61 71
61 101
61 107
61 128
61 152
61 189
61 192
61 196
62 63
62 71
62 74
62 75
62 79
62 81
62 88
62 104
62 120
62 127
62 129
62 167
62 179
62 183
62 195
63 64
63 69
63 75
63 78
63 82
63 87
63 122
63 126
63 134
63 145
63 159
63 163
63 188
64 65
64 87
64 120
64 129
64 132
64 133
64 155
64 194
64 196
65 66
65 71
65 81
65 90
65 104
65 127
65 132
65 138
65 149
65 160
65 173
65 180
65 190
65 197
66 67
66 77
66 82
66 121
66 142
66 149
66 164
66 172
66 173
66 180
66 182
66 183
66 190
67 68
67 69
67 79
67 85
67 101
67 109
67 143
67 148
67 157
67 163
67 178
68 69
68 89
68 112
68 116
68 124
68 131
68 145
68 146
68 159
68 168
68 189
69 70
69 74
69 89
69 99
69 129
69 131
69 162
69 169
69 174
69 183
69 186
69 196
70 71
70 73
70 77
70 88
70 91
70 104
70 108
70 121
70 122
70 127
70 128
70 139
70 145
70 156
70 160
70 161
70 162
70 177
70 181
70 193
71 72
71 100
71 111
71 121
71 134
71 154
71 162
71 175
71 177
71 184
71 186
71 191
72 73
72 84
72 87
72 98
72 103
72 126
72 133
72 137
72 138
72 143
72 145
72 161
72 181
73 74
73 97
73 110
73 126
73 131
73 133
73 134
73 141
73 147
73 158
73 159
73 161
73 164
73 167
74 75
74 92
74 96
74 115
74 120
74 126
74 134
74 139
74 154
74 165
74 173
74 181
74 182
74 183
74 196
75 76
75 86
75 96
75 97
75 129
75 163
75 165
75 167
75 189
76 77
76 81
76 84
76 85
76 95
76 107
76 117
76 123
76 136
76 143
76 149
76 152
76 158
76 163
76 164
76 166
76 174
76 182
76 184
76 190
77 78
77 87
77 88
77 97
77 101
77 116
77 125
77 147
77 170
78 79
78 126
78 129
78 135
78 157
79 80
79 82
79 85
79 89
79 93
79 96
79 108
79 110
79 126
79 134
79 148
79 157
79 163
80 81
80 92
80 114
80 150
80 154
80 165
80 168
80 175
80 178
80 197
81 82
81 83
81 96
81 99
81 108
81 111
81 112
81 115
81 132
81 144
81 147
81 164
81 194
82 83
82 84
82 91
82 105
82 110
82 112
82 115
82 135
82 142
82 145
82 150
82 151
82 155
82 165
82 168
83 84
83 85
83 88
83 93
83 98
83 118
83 158
83 160
83 187
83 188
83 192
84 85
84 101
84 117
84 140
84 147
84 155
84 157
84 173
84 174
84 175
85 86
85 89
85 118
85 127
85 138
85 141
85 152
85 177
85 193
86 87
86 114
86 121
86 143
86 147
86 150
86 151
86 167
86 169
86 186
87 88
87 94
87 95
87 102
87 107
87 109
87 122
87 131
87 135
87 150
87 151
87 154
87 156
87 164
87 168
87 173
87 183
87 184
88 89
88 98
88 108
88 112
88 149
88 151
88 153
88 154
88 176
88 185
89 90
89 92
89 93
89 96
89 100
89 106
89 114
89 140
89 168
89 172
89 175
89 179
89 180
89 184
89 189
90 91
90 94
90 126
90 129
90 141
90 144
90 178
90 180
90 197
91 92
91 113
91 114
91 124
91 174
91 177
91 188
92 93
92 96
92 100
92 103
92 105
92 113
92 126
92 130
92 143
92 145
92 167
92 178
92 186
93 94
93 133
93 141
93 143
93 149
93 153
93 154
93 165
93 171
93 172
94 95
94 112
94 120
94 129
94 134
94 136
94 141
94 160
94 163
94 172
94 186
95 96
95 121
95 133
95 145
95 149
95 153
95 162
95 173
96 97
96 104
96 110
96 111
96 112
96 124
96 161
96 183
97 98
97 118
97 138
97 142
97 145
97 149
97 187
98 99
98 108
98 112
98 122
98 143
98 153
98 161
98 178
98 179
98 188
99 100
99 117
99 134
99 160
99 164
99 182
100 101
100 116
100 124
100 132
100 151
100 171
101 102
101 111
101 112
101 124
101 130
101 149
101 168
101 185
101 188
101 199
102 103
102 104
102 126
102 137
102 157
102 164
102 166
102 193
102 195
103 104
103 118
103 135
103 137
103 153
103 174
103 183
103 184
103 185
103 190
104 105
104 111
104 112
104 117
104 123
104 125
104 129
104 138
104 149
104 157
104 193
105 106
105 107
105 109
105 114
105 128
105 136
105 138
105 145
105 163
105 173
105 176
105 196
106 107
106 115
106 124
106 129
106 130
106 139
106 154
106 156
106 157
106 167
106 172
106 173
106 174
106 178
107 108
107 115
107 116
107 130
107 133
107 141
107 142
107 146
107 150
107 158
107 171
107 184
107 193
108 109
108 110
108 123
108 144
108 147
108 153
108 162
108 164
109 110
109 117
109 121
109 151
109 156
109 159
109 167
109 188
109 193
110 111
110 117
110 123
110 128
110 144
110 154
110 157
110 167
110 189
111 112
111 132
111 145
111 162
111 164
111 175
111 181
111 183
111 194
112 113
112 127
112 140
112 168
112 180
112 187
112 188
113 114
113 128
113 144
113 153
113 183
113 193
113 196
114 115
114 119
114 120
114 132
114 135
114 144
114 150
114 157
114 181
114 185
114 197
115 116
115 134
115 143
115 147
115 150
115 180
115 182
115 183
115 185
115 187
116 117
116 138
116 143
116 148
116 150
116 167
117 118
117 128
117 161
117 163
117 170
117 172
117 175
117 187
117 189
117 190
118 119
118 123
118 132
118 134
118 147
118 184
118 186
118 194
119 120
119 166
119 174
119 179
119 186
120 121
120 127
120 177
120 181
120 186
121 122
121 133
121 142
121 143
121 156
121 158
121 169
121 175
121 185
122 123
122 163
122 164
122 172
122 173
123 124
123 143
123 144
123 147
123 154
123 160
123 170
123 173
123 182
123 183
124 125
124 135
124 141
124 142
124 155
124 175
124 182
124 183
124 193
125 126
125 131
125 138
125 152
125 161
125 162
125 167
125 177
125 185
125 190
125 194
126 127
126 154
126 198
127 128
127 133
127 135
127 149
127 155
127 168
127 174
127 182
127 189
127 192
128 129
128 136
128 147
128 154
128 162
128 163
128 177
128 185
128 186
128 190
128 193
128 197
129 130
129 138
129 146
129 147
129 165
129 169
129 172
129 179
130 131
130 157
130 174
130 178
130 188
131 132
131 145
131 146
131 147
131 164
131 172
131 182
131 190
131 199
132 133
132 144
132 146
132 150
132 161
132 182
132 184
132 196
132 199
133 134
133 170
133 181
133 184
133 197
133 198
134 135
134 136
134 159
134 167
134 170
134 178
135 136
135 146
135 160
135 163
135 169
135 177
135 192
135 196
136 137
136 152
136 163
136 174
136 177
136 192
136 194
136 197
137 138
137 166
137 171
137 189
137 199
138 139
138 142
138 169
138 176
138 178
138 179
138 190
139 140
139 159
139 179
139 186
139 198
140 141
140 162
140 187
141 142
141 157
141 168
142 143
142 197
142 199
143 144
143 146
143 150
143 158
143 165
143 172
143 176
143 183
143 196
143 199
144 145
144 147
144 174
144 190
144 191
144 196
144 199
145 146
145 172
145 176
146 147
146 161
146 169
146 174
146 178
146 187
146 197
147 148
147 150
147 166
147 180
147 184
147 188
147 193
147 194
147 196
148 149
148 168
148 174
148 181
148 186
149 150
149 164
149 178
150 151
150 154
150 155
150 165
150 171
150 196
151 152
151 158
151 167
151 172
151 175
151 179
152 153
152 167
152 174
152 180
152 198
153 154
153 164
154 155
154 172
154 175
154 179
154 198
155 156
155 157
155 159
155 160
155 176
155 181
156 157
156 158
156 165
156 175
156 178
156 179
156 190
157 158
157 160
157 161
157 171
157 173
157 177
157 179
157 181
157 182
157 196
158 159
158 192
158 197
158 198
159 160
159 169
159 179
159 180
159 196
159 199
160 161
160 180
160 192
161 162
161 163
161 167
162 163
162 170
162 172
162 181
162 189
163 164
163 174
163 180
163 193
163 196
163 197
164 165
164 173
164 198
165 166
165 194
166 167
166 169
166 176
167 168
167 172
167 182
167 194
168 169
168 185
168 191
168 199
169 170
169 179
169 180
169 185
169 187
170 171
170 173
170 177
170 191
171 172
171 175
171 177
171 179
171 181
172 173
172 177
173 174
173 186
173 193
174 175
174 176
174 180
174 182
175 176
175 178
175 181
176 177
176 182
176 198
177 178
177 184
178 179
178 181
178 191
178 194
179 180
180 181
180 193
180 196
181 182
181 197
181 198
182 183
182 185
182 191
182 195
182 199
183 184
183 194
183 195
184 185
184 192
185 186
185 191
185 196
186 187
186 191
187 188
188 189
188 193
188 195
188 198
189 190
189 192
190 191
190 193
190 199
191 192
191 199
192 193
193 194
194 195
195 196
195 198
196 197
197 198
198 199
