0 74.67776202315054
1 67.60468188001792
2 20.77113021048921
3 72.20716847035823
4 34.224755862205384
5 91.5550700394682
6 33.70324948381012
7 64.84414997662996
8 79.3409713668863
9 81.39714300442388
10 103.5757739203568
11 75.05140369187772
12 112.62632141456388
13 93.03434532802689
14 82.3179048537811
15 62.9761094890209
16 23.988439299198454
17 32.9940581877796
18 71.1884095968608
19 87.00270810600267
20 76.54856675557045
21 66.43446883374206
22 77.81232420096048
23 75.34244001539258
24 111.46389444310451
25 37.4005229070483
26 117.03795527224426
27 78.68448773033798
28 82.04533922884636
29 61.439426656303766
30 50.02639564715468
31 112.50562637211857
32 27.647438505844406
33 110.94011133583425
34 32.64595040041318
35 96.95147416223448
36 76.02972450166624
37 76.93990319258387
38 49.028995683013704
39 54.64407568535479
40 119.23656189821327
41 57.64563808942067
42 39.0590063165225
43 32.33672093645593
44 42.51511228790363
45 93.54527724499191
46 89.59057730697138
47 71.02853512878177
48 98.3887217443163
49 41.74004612951435
50 48.365463434973016
51 60.96758734023099
52 108.72569504391338
53 58.00602362572252
54 36.87281783654828
55 82.91281431317981
56 46.49112034936619
57 34.09796953591504
58 83.81192352142287
59 55.09135795129243
60 95.84194177874569
61 119.93713546054522
62 74.35092860371803
63 76.479428742207
64 114.32331064474278
65 45.57867221670264
66 112.03522739928236
67 81.35108097192523
68 24.146723603066317
69 46.23319617936121
70 119.98423805926356
71 97.48082135441477
72 40.87824656136739
73 85.12091647956662
74 65.92558144402433
75 30.952301191774044
76 107.33770393869291
77 63.565724592816395
78 81.65072127833966
79 84.21674503825749
80 38.107396654972845
81 105.49044092918638
82 61.63636820805005
83 50.86126394690922
84 95.7715858215619
85 104.35343321806677
86 67.86103896339456
87 20.488454944492723
88 113.85556650146992
89 24.57064259148123
90 38.25634527450111
91 70.17526218261135
92 53.405913411596416
93 56.59599866606889
94 94.76777011253772
95 115.17034638185092
96 30.25103999035284
97 35.08710175144454
98 73.65979375978905
99 40.80570671266398
100 78.20395681235406
101 42.96197754796904
102 55.485417095725786
103 40.03963869159658
104 119.81666789800857
105 40.656558561484196
106 55.05029597631764
107 36.614577626511306
108 100.76840786130633
109 79.52152557255096
110 42.73683228912522
111 82.50473418133811
112 106.56751908427964
113 81.05099555320342
114 107.7137252818529
115 80.14486301410267
116 20.96941375845382
117 89.5144795315674
118 40.841685988216774
119 94.87290243259764
120 104.36075473164132
121 34.56741350285995
122 110.49609260928709
123 91.08562731356122
124 67.33265756767742
125 72.54449635276049
126 28.062606123548722
127 46.79787659418882
128 89.76329254156907
129 110.3939629790766
130 51.52187368144523
131 75.61230427562765
132 88.95305045649107
133 54.5898215833831
134 55.32459683371716
135 112.5480186814368
136 71.70294142402511
137 68.8630212582151
138 102.66844277822871
139 100.74288441716494
140 114.69969627982218
141 69.22134795641375
142 92.32338206569953
143 49.73566359008765
144 105.16859371120707
145 32.48187619092835
146 116.31222886510584
147 22.850577801571585
148 39.47773286156226
149 45.41856247930889
150 57.03829094287418
151 51.148272767909646
152 21.225133824804004
153 75.63160745036119
154 72.86222516565026
155 64.47360190182151
156 22.312687482714537
157 102.37402407103406
158 69.66529903335613
159 76.32200501765966
160 70.60864372238062
161 105.82480960917911
162 32.596480653124615
163 58.56271189182339
164 106.02296657609976
165 76.6769947741335
166 96.98587429647785
167 94.49836443168101
168 103.16757522800538
169 74.41278398374018
170 70.3172037987517
171 104.3071030052498
172 93.24610298034426
173 32.26684645101205
174 78.18722917405817
175 95.60451877570326
176 30.415489689310913
177 79.63281314520896
178 96.34006607347726
179 103.67931199328366
180 38.58439043886605
181 28.546851835086002
182 48.14961791853422
183 50.8979207549617
184 43.4609911076775
185 49.88615025133436
186 92.33340036091839
187 72.83971975328438
188 41.63553093175727
189 47.04903176486647
190 99.21629776093376
191 29.91587539909753
192 83.58047926075945
193 20.13733933386426
194 115.52283334952739
195 47.54131419731741
196 50.673908880059585
197 102.04061457250997
198 47.46178332500861
199 105.37064502076284
0 1
0 20
0 95
0 96
0 107
0 125
0 126
0 162
0 182
1 2
1 6
1 59
1 81
1 105
1 182
1 186
1 196
2 3
2 65
2 105
2 140
2 148
3 4
3 5
3 21
3 128
3 129
3 136
4 5
4 46
4 97
4 147
4 158
4 174
5 6
5 12
5 125
6 7
6 16
6 39
6 64
6 68
6 90
6 102
6 103
6 116
6 165
7 8
7 33
7 124
8 9
8 19
8 148
9 10
9 12
9 31
9 38
9 144
10 11
10 71
10 75
10 92
10 111
10 168
10 195
11 12
11 36
11 44
11 103
11 172
11 185
11 196
12 13
12 33
12 35
12 48
12 160
12 199
13 14
13 22
13 52
13 96
13 116
13 145
13 175
14 15
14 35
14 62
14 86
14 142
14 148
15 16
15 17
15 44
15 71
15 100
15 109
15 127
16 17
16 18
16 42
16 76
16 91
17 18
17 97
17 117
18 19
18 26
18 48
18 49
18 56
18 61
18 100
19 20
19 31
19 44
19 73
19 75
19 76
19 92
19 97
19 123
19 195
20 21
20 30
20 143
20 171
21 22
21 30
21 59
21 73
22 23
22 27
22 89
22 147
22 173
22 178
22 183
23 24
23 56
23 67
23 172
23 184
24 25
24 91
24 133
24 153
24 155
24 186
25 26
25 60
25 73
25 92
25 162
25 170
25 177
25 198
26 27
26 39
26 47
26 50
26 62
26 115
26 136
26 139
26 145
26 150
26 195
27 28
27 51
27 58
27 128
28 29
28 110
28 125
28 140
29 30
29 72
29 80
29 100
29 101
29 158
29 167
29 183
29 194
30 31
30 105
30 106
30 119
30 132
30 178
30 185
31 32
31 156
32 33
32 57
32 67
32 135
32 146
33 34
33 67
33 102
34 35
34 114
34 142
34 164
34 186
34 190
35 36
35 61
35 74
35 97
35 100
35 107
35 136
35 160
35 177
36 37
36 75
36 99
36 112
36 134
36 145
37 38
37 43
37 52
37 55
37 111
37 144
38 39
38 97
38 100
39 40
39 94
39 106
39 118
39 133
39 171
39 199
40 41
40 53
40 56
40 69
40 77
40 124
40 132
40 177
41 42
41 43
41 63
41 111
41 119
41 135
41 169
41 182
42 43
42 49
42 52
42 55
42 79
42 122
42 127
42 138
42 194
43 44
43 65
43 69
43 87
43 89
43 146
43 150
43 195
44 45
44 55
44 106
44 141
44 159
45 46
45 71
45 97
45 134
45 157
45 171
46 47
46 81
46 93
46 132
46 167
47 48
47 70
47 81
47 89
47 106
47 150
47 199
48 49
49 50
49 140
49 179
49 197
50 51
50 67
50 85
50 121
50 182
50 188
51 52
51 53
51 55
51 75
51 98
51 107
51 162
51 176
52 53
52 61
52 86
52 92
52 127
52 184
53 54
53 125
53 129
54 55
54 65
54 111
54 165
55 56
55 58
55 78
55 96
55 103
56 57
56 80
56 140
56 150
57 58
57 87
57 117
57 155
57 178
57 181
58 59
58 93
58 97
58 150
58 171
59 60
59 68
59 72
59 92
59 112
59 141
60 61
60 96
60 104
60 133
60 147
60 180
61 62
61 76
61 77
61 94
61 119
61 187
62 63
62 73
62 78
62 106
62 120
62 157
62 160
62 167
63 64
63 88
63 112
63 148
63 156
63 176
64 65
64 98
64 111
64 141
64 155
65 66
65 86
65 148
65 171
65 192
66 67
66 101
66 157
66 176
67 68
67 79
67 82
67 93
67 97
67 106
67 115
67 123
67 127
67 195
68 69
68 84
68 173
69 70
69 72
69 88
69 109
69 139
69 164
69 188
70 71
70 150
70 152
70 160
70 182
70 199
71 72
71 112
71 118
71 120
71 121
71 129
71 187
72 73
72 102
72 121
73 74
73 84
73 103
73 117
73 143
73 189
74 75
74 101
74 151
74 172
75 76
75 114
75 133
75 137
76 77
76 83
76 165
76 181
77 78
77 116
77 154
77 161
78 79
78 82
78 176
79 80
79 120
79 186
79 199
80 81
80 111
80 115
80 132
80 158
80 189
81 82
81 91
81 127
81 159
82 83
82 196
83 84
83 118
83 122
83 136
83 159
83 196
84 85
84 95
84 130
85 86
85 111
86 87
86 119
87 88
87 145
87 176
87 181
87 192
88 89
88 113
88 150
88 183
88 191
89 90
89 114
89 127
89 142
89 172
89 175
89 183
90 91
90 117
91 92
91 108
91 120
91 134
91 186
91 193
92 93
92 101
93 94
93 113
93 161
93 166
94 95
94 96
94 117
95 96
95 175
96 97
96 103
96 110
96 131
96 136
96 153
96 190
97 98
97 103
97 147
98 99
98 168
98 185
99 100
99 134
99 162
99 179
100 101
100 102
100 105
100 108
100 158
100 163
100 185
101 102
101 111
101 125
101 127
101 165
101 197
102 103
102 124
102 195
103 104
103 135
103 164
103 183
103 187
103 198
104 105
104 108
104 142
104 159
104 188
104 199
105 106
105 123
106 107
106 131
106 148
106 166
106 194
106 198
107 108
107 109
107 145
108 109
108 138
108 150
108 173
108 177
109 110
109 142
110 111
111 112
111 168
112 113
112 114
112 144
112 159
112 167
112 179
112 193
113 114
113 132
113 137
113 152
113 157
113 184
113 186
114 115
114 119
114 185
114 197
115 116
115 129
115 132
115 168
115 169
115 170
115 186
115 195
116 117
116 120
116 149
116 170
116 176
117 118
117 127
117 173
118 119
118 195
119 120
119 122
119 179
120 121
120 140
120 149
121 122
121 146
121 164
122 123
122 125
122 127
123 124
123 162
123 174
123 185
123 195
124 125
124 130
124 162
124 166
124 170
124 179
124 185
125 126
125 147
125 188
126 127
126 141
127 128
127 133
127 164
128 129
128 137
128 143
128 185
128 188
129 130
129 141
129 183
129 187
129 192
130 131
130 161
131 132
131 150
131 161
131 179
132 133
132 135
133 134
133 153
133 184
133 193
134 135
134 151
134 196
135 136
135 159
135 186
135 189
136 137
136 170
136 198
137 138
137 152
138 139
138 177
138 195
139 140
139 169
139 191
140 141
141 142
141 146
142 143
142 178
143 144
143 178
143 181
143 184
143 192
144 145
144 189
145 146
145 153
145 183
146 147
147 148
148 149
148 173
149 150
149 198
150 151
150 189
151 152
152 153
152 161
152 186
153 154
153 182
154 155
154 167
154 175
154 176
155 156
155 157
155 159
155 197
156 157
156 175
156 181
157 158
157 175
157 176
157 194
158 159
158 179
159 160
160 161
161 162
162 163
163 164
163 173
163 176
164 165
164 169
165 166
165 177
166 167
166 174
167 168
167 176
167 190
168 169
168 181
169 170
169 192
170 171
170 174
170 190
171 172
172 173
173 174
174 175
175 176
175 198
176 177
176 190
176 195
177 178
177 181
177 187
178 179
179 180
179 187
180 181
180 196
181 182
182 183
183 184
183 189
184 185
185 186
186 187
186 198
187 188
188 189
188 190
189 190
190 191
191 192
192 193
193 194
194 195
195 196
196 197
197 198
198 199
