0 32.28708226257183
1 76.86947300369968
2 86.98356873288856
3 85.74060018555286
4 62.795173872764366
5 30.326994416331978
6 92.95496377090002
7 87.09699706937921
8 26.077925405532234
9 99.58955806467873
10 44.50411038552363
11 41.60988898625228
12 45.38907758615445
13 111.32596491189238
14 56.86943350839505
15 59.928527895984935
16 100.41345776186199
17 112.86649615559836
18 50.915121124571584
19 36.60096822812655
20 38.3021038005999
21 49.5887267121001
22 105.06483949215176
23 22.126221463974744
24 111.39664690458793
25 69.1367738892007
26 118.35001906869962
27 115.40825748919083
28 85.90867943045116
29 20.689926465030688
30 80.05919338042057
31 48.00164723317201
32 75.29252406988306
33 62.125505857094176
34 77.51000365773314
35 65.2300015009732
36 39.64743673402029
37 35.67471068734913
38 37.62560021542207
39 96.07480758024666
40 58.20800346546333
41 23.54910521679588
42 90.28240244669671
43 43.67363872695503
44 25.829066433504252
45 49.019327856531184
46 61.80624427650163
47 21.33314163961534
48 46.34420973198419
49 45.55647951851391
50 55.529187118083236
51 105.15359815511522
52 95.77451818485189
53 76.90058043441907
54 52.979343348151794
55 73.67827520481885
56 106.58692312658638
57 54.29938224901019
58 74.06128364832388
59 57.422160462986625
60 80.54913058583986
61 63.664719487755995
62 67.4947196219382
63 26.701138878946974
64 72.20081048479733
65 85.02252263020796
66 63.81430193695854
67 104.87399326407237
68 97.55833139768076
69 59.386449449678864
70 112.39358515994653
71 105.92609044625475
72 113.39301949244107
73 34.06410512807744
74 41.24128822779512
75 60.264995848972454
76 81.27055498847974
77 96.40862749217466
78 23.728190883843663
79 110.66463757650794
80 77.51179463800835
81 88.15736619173532
82 109.93816511863537
83 31.48608622686785
84 35.33295583404433
85 77.75331238749322
86 81.99694372269329
87 48.61941844088581
88 108.6457259047524
89 56.42377297276895
90 22.517454293216282
91 115.03251596182315
92 28.3455896712792
93 115.2947748956699
94 43.210640138561274
95 27.37905497743031
96 81.38924461453668
97 55.44850593395893
98 106.7459072838677
99 52.80940446914102
100 80.55966125623837
101 80.58508804830592
102 89.10541693776037
103 71.94447901539894
104 108.5400318719382
105 22.82881931689586
106 71.96169080754171
107 33.91404771884939
108 113.76545742294476
109 56.22294140325665
110 25.018063861479582
111 62.42740634621366
112 107.49390410174304
113 59.5859512965545
114 36.786734847378646
115 48.03568332579985
116 61.63562474475183
117 100.65628199415602
118 78.93930854940241
119 111.06153287333079
120 35.1028642251373
121 26.831172576914934
122 44.149857984968676
123 22.11328858014178
124 62.78937547662851
125 64.30942679448577
126 80.26071017442077
127 22.667110792388893
128 25.761879242439548
129 47.07661023796507
130 54.636328074364194
131 96.89207775143171
132 83.84327139438787
133 119.92526059598833
134 21.730776067338724
135 107.70950799122394
136 92.49007649296905
137 85.58146762567057
138 34.179455626666304
139 25.019302787290258
140 44.71421614789817
141 95.01314996502902
142 33.135933904383094
143 42.092409366166855
144 75.77192904565007
145 112.12428529088538
146 77.1098459587441
147 97.31998425178926
148 43.440240924245124
149 119.29318047118373
150 20.221990912750016
151 92.82622822648383
152 49.92407704240464
153 68.5918406719891
154 30.57795590368404
155 28.89319227070062
156 102.7847803480521
157 25.027379889154723
158 47.37167615915966
159 53.71242150110349
160 21.753418777869907
161 92.7753173711208
162 111.36555952984418
163 61.669518484892684
164 85.88997349603672
165 63.12850849125795
166 67.55393835484176
167 60.1842776645491
168 81.2720728889503
169 73.76439014757023
170 31.101753019891447
171 65.07034909325066
172 53.24470259922959
173 22.937078386526913
174 28.06056916489163
175 77.44482713779465
176 89.23486704442435
177 39.3298244406986
178 70.89912774361281
179 41.40957626111688
180 58.23292740673403
181 68.55719121931551
182 105.54583414117441
183 81.04249996031731
184 111.26494184212962
185 100.68523133054393
186 71.4257364604718
187 67.67835723056925
188 103.52798084579437
189 29.641870339546852
190 48.88467605131069
191 74.02515590214912
192 33.33313349958421
193 105.01859388481856
194 29.42847199994657
195 30.353557663475588
196 105.59842940059328
197 109.5184387595306
198 33.3651704877472
199 109.81310063632955
0 1
0 8
0 11
0 22
0 40
0 52
0 59
0 70
0 90
0 115
0 116
0 128
0 138
0 140
0 151
0 160
0 189
0 199
1 2
1 12
1 19
1 27
1 33
1 40
1 42
1 43
1 68
1 75
1 84
1 102
1 103
1 121
1 125
1 143
1 146
1 160
1 171
1 174
1 194
1 195
1 197
2 3
2 14
2 44
2 47
2 49
2 50
2 64
2 75
2 83
2 87
2 124
2 128
2 174
2 181
2 183
2 191
3 4
3 18
3 31
3 38
3 55
3 75
3 78
3 82
3 99
3 106
3 117
3 129
3 133
3 191
3 196
4 5
4 12
4 25
4 31
4 36
4 42
4 81
4 87
4 89
4 90
4 98
4 108
4 112
4 124
4 163
4 176
4 199
5 6
5 21
5 30
5 50
5 54
5 61
5 73
5 76
5 95
5 100
5 130
5 140
5 147
5 169
5 174
6 7
6 28
6 32
6 33
6 81
6 88
6 91
6 93
6 108
6 109
6 139
6 159
6 166
7 8
7 17
7 30
7 31
7 38
7 58
7 82
7 94
7 102
7 120
7 134
7 155
7 157
7 159
7 161
7 165
7 175
7 180
7 199
8 9
8 18
8 21
8 36
8 65
8 84
8 87
8 105
8 123
8 134
8 144
8 147
8 155
8 157
8 171
8 174
8 185
8 186
9 10
9 14
9 15
9 22
9 30
9 33
9 83
9 86
9 89
9 92
9 105
9 116
9 118
9 119
9 127
9 136
9 137
9 139
9 141
9 159
9 167
9 171
9 175
9 176
9 191
10 11
10 13
10 18
10 34
10 37
10 51
10 72
10 73
10 86
10 92
10 93
10 122
10 127
10 132
10 170
10 177
10 188
11 12
11 30
11 38
11 54
11 56
11 57
11 68
11 70
11 74
11 112
11 118
11 130
11 138
11 150
11 153
11 178
11 186
11 198
12 13
12 15
12 34
12 42
12 47
12 51
12 64
12 68
12 104
12 109
12 118
12 124
12 126
12 138
12 145
12 158
12 163
12 178
13 14
13 39
13 51
13 77
13 87
13 96
13 100
13 103
13 115
13 126
13 149
13 153
13 157
13 170
13 173
13 195
14 15
14 22
14 30
14 55
14 57
14 80
14 87
14 89
14 110
14 112
14 126
14 132
14 151
14 155
14 156
14 158
14 179
14 184
14 188
15 16
15 19
15 22
15 29
15 33
15 42
15 57
15 62
15 82
15 83
15 87
15 116
15 119
15 121
15 122
15 151
15 162
15 170
15 171
15 175
15 182
15 186
15 189
15 199
16 17
16 22
16 27
16 36
16 70
16 72
16 79
16 98
16 100
16 111
16 129
16 168
16 172
16 178
16 180
16 193
16 198
17 18
17 20
17 26
17 31
17 32
17 41
17 43
17 46
17 56
17 65
17 89
17 102
17 107
17 126
17 127
17 145
17 151
17 166
17 167
18 19
18 20
18 53
18 84
18 87
18 99
18 102
18 107
18 112
18 120
18 149
18 160
18 177
18 195
19 20
19 22
19 23
19 31
19 37
19 43
19 59
19 69
19 71
19 87
19 92
19 94
19 121
19 127
19 133
19 134
19 152
19 193
20 21
20 38
20 45
20 70
20 87
20 93
20 110
20 140
20 143
20 144
20 157
20 168
20 181
20 182
20 185
20 187
20 189
20 192
21 22
21 27
21 43
21 46
21 65
21 67
21 76
21 84
21 104
21 105
21 108
21 113
21 119
21 124
21 137
21 140
21 186
22 23
22 26
22 27
22 59
22 73
22 81
22 85
22 94
22 103
22 106
22 114
22 118
22 130
22 131
22 132
22 139
22 151
22 167
22 197
23 24
23 26
23 34
23 44
23 62
23 84
23 94
23 117
23 129
23 144
23 153
23 154
23 160
23 167
23 169
24 25
24 29
24 50
24 57
24 58
24 60
24 62
24 87
24 111
24 134
24 139
24 154
24 159
24 171
24 183
24 188
24 198
25 26
25 30
25 41
25 67
25 74
25 77
25 93
25 128
25 134
25 140
25 180
25 192
26 27
26 33
26 69
26 77
26 100
26 110
26 119
26 121
26 122
26 124
26 127
26 129
26 131
26 143
26 162
26 164
26 182
26 191
26 192
26 193
27 28
27 48
27 59
27 64
27 77
27 85
27 89
27 104
27 112
27 115
27 117
27 138
27 159
27 169
27 178
27 192
28 29
28 55
28 66
28 78
28 92
28 102
28 132
28 175
28 188
29 30
29 50
29 54
29 59
29 64
29 76
29 80
29 98
29 104
29 113
29 114
29 121
29 122
29 132
29 135
29 162
29 164
29 171
29 186
29 190
30 31
30 32
30 37
30 50
30 67
30 107
30 110
30 121
30 126
30 130
30 135
30 149
30 157
30 159
30 169
30 173
30 186
30 189
30 198
31 32
31 44
31 59
31 61
31 74
31 80
31 91
31 93
31 107
31 109
31 113
31 114
31 136
31 138
31 161
31 169
31 171
31 175
31 186
32 33
32 34
32 37
32 47
32 49
32 60
32 69
32 81
32 96
32 129
32 143
32 145
32 153
32 158
32 163
32 177
32 181
32 188
32 197
32 198
33 34
33 69
33 74
33 76
33 77
33 96
33 105
33 119
33 122
33 124
33 126
33 127
33 132
33 135
33 139
33 147
33 155
33 160
33 168
33 186
34 35
34 40
34 43
34 45
34 70
34 81
34 90
34 92
34 96
34 98
34 101
34 106
34 111
34 131
34 133
34 138
34 139
34 160
34 163
34 180
34 194
35 36
35 37
35 58
35 59
35 60
35 61
35 65
35 68
35 70
35 90
35 107
35 113
35 123
35 132
35 143
35 146
35 147
35 158
35 170
35 171
35 174
36 37
36 47
36 54
36 58
36 64
36 111
36 138
36 148
36 150
36 169
36 175
36 188
37 38
37 42
37 53
37 70
37 78
37 88
37 113
37 115
37 126
37 139
37 145
37 165
37 172
37 195
37 197
38 39
38 45
38 48
38 50
38 71
38 76
38 77
38 98
38 99
38 121
38 137
38 138
38 145
38 149
38 195
38 199
39 40
39 44
39 45
39 49
39 53
39 71
39 78
39 79
39 94
39 116
39 122
39 124
39 126
39 148
39 150
39 154
39 168
39 181
39 182
39 185
40 41
40 44
40 53
40 57
40 81
40 82
40 87
40 101
40 104
40 106
40 109
40 123
40 134
40 142
40 152
40 162
40 165
40 181
41 42
41 50
41 56
41 57
41 69
41 80
41 96
41 108
41 110
41 114
41 127
41 149
41 157
41 164
41 168
41 189
41 195
41 199
42 43
42 48
42 49
42 68
42 71
42 76
42 81
42 88
42 89
42 106
42 111
42 134
42 156
42 166
42 176
42 193
43 44
43 51
43 81
43 105
43 107
43 167
43 169
43 178
43 179
43 181
43 193
44 45
44 61
44 64
44 68
44 81
44 90
44 96
44 99
44 101
44 137
44 148
44 152
44 157
44 179
44 182
44 194
45 46
45 47
45 56
45 57
45 59
45 78
45 83
45 87
45 99
45 109
45 130
45 152
45 158
45 166
45 171
45 180
45 192
46 47
46 53
46 57
46 62
46 63
46 72
46 89
46 105
46 155
46 167
46 171
46 190
47 48
47 62
47 81
47 98
47 103
47 110
47 118
47 128
47 138
47 139
47 150
47 152
47 158
47 166
47 177
48 49
48 60
48 62
48 66
48 87
48 94
48 98
48 102
48 107
48 109
48 136
48 157
48 163
48 174
48 182
48 183
48 193
48 195
49 50
49 66
49 84
49 91
49 106
49 126
49 156
49 158
49 159
49 160
49 162
49 165
50 51
50 72
50 73
50 77
50 89
50 91
50 92
50 93
50 95
50 100
50 101
50 107
50 123
50 125
50 181
50 183
50 185
50 191
50 195
51 52
51 83
51 110
51 113
51 159
51 171
51 175
51 176
52 53
52 55
52 62
52 70
52 73
52 78
52 99
52 101
52 104
52 113
52 127
52 169
52 194
52 196
52 199
53 54
53 100
53 108
53 117
53 124
53 125
53 136
53 143
53 149
53 174
53 180
53 184
53 189
54 55
54 57
54 66
54 104
54 105
54 108
54 120
54 127
54 132
54 149
54 183
54 186
54 194
54 198
55 56
55 86
55 92
55 103
55 123
55 125
55 132
55 138
55 146
55 165
55 171
55 181
55 184
56 57
56 72
56 94
56 119
56 122
56 128
56 140
56 178
56 179
56 192
57 58
57 65
57 88
57 100
57 107
57 108
57 126
57 127
57 137
57 154
57 180
57 183
57 197
57 198
58 59
58 63
58 72
58 86
58 115
58 117
58 127
58 139
58 148
58 153
58 159
58 170
58 171
58 191
58 194
58 196
59 60
59 69
59 120
59 133
59 160
59 194
60 61
60 66
60 74
60 82
60 87
60 101
60 103
60 119
60 143
60 153
60 170
61 62
61 97
61 111
61 123
61 124
61 140
61 153
61 161
61 162
61 168
61 171
62 63
62 71
62 87
62 134
62 141
62 164
62 177
62 181
63 64
63 70
63 90
63 101
63 131
63 135
63 138
63 151
63 153
63 164
63 177
63 179
63 185
64 65
64 79
64 82
64 84
64 109
64 121
64 123
64 126
64 135
64 152
64 162
64 174
64 180
65 66
65 72
65 73
65 76
65 85
65 89
65 93
65 128
65 149
65 156
65 167
65 168
65 173
65 176
65 196
66 67
66 76
66 102
66 146
66 147
66 150
66 157
66 159
66 162
66 169
66 174
66 185
66 188
66 199
67 68
67 77
67 78
67 82
67 88
67 91
67 106
67 110
67 114
67 123
67 140
67 166
67 171
67 172
67 180
67 189
68 69
68 71
68 84
68 105
68 117
68 119
68 120
68 125
68 126
68 130
68 131
68 132
68 137
68 139
68 145
68 165
68 166
68 168
68 187
68 196
68 199
69 70
69 72
69 80
69 87
69 93
69 97
69 99
69 102
69 103
69 108
69 113
69 128
69 130
69 147
69 156
70 71
70 72
70 90
70 99
70 119
70 122
70 130
70 176
70 178
70 181
70 186
70 197
70 198
71 72
71 78
71 80
71 87
71 89
71 91
71 92
71 96
71 99
71 100
71 113
71 116
71 121
71 130
71 166
71 192
71 193
71 198
72 73
72 75
72 90
72 92
72 126
72 175
73 74
73 83
73 96
73 105
73 119
73 135
73 150
73 171
73 181
73 191
74 75
74 96
74 98
74 99
74 105
74 110
74 115
74 118
74 131
74 134
74 136
74 162
74 181
74 187
74 193
74 197
75 76
75 82
75 99
75 104
75 122
75 166
75 174
75 179
75 199
76 77
76 82
76 86
76 103
76 140
76 141
76 142
76 157
76 187
76 189
77 78
77 98
77 120
77 122
77 136
77 144
77 150
77 157
77 175
77 177
77 180
77 187
77 192
77 193
78 79
78 85
78 115
78 118
78 122
78 129
78 132
78 143
78 147
78 151
78 161
78 177
78 191
78 193
79 80
79 88
79 90
79 100
79 123
79 129
79 152
79 167
79 179
79 186
80 81
80 83
80 92
80 96
80 103
80 105
80 119
80 126
80 158
80 167
80 168
80 177
80 189
80 193
80 194
80 196
81 82
81 97
81 106
81 114
81 117
81 122
81 128
81 130
81 131
81 132
81 133
81 148
81 170
81 193
81 198
82 83
82 86
82 87
82 99
82 102
82 114
82 130
82 159
82 165
82 171
82 174
83 84
83 86
83 93
83 94
83 97
83 101
83 121
83 126
83 148
83 154
83 162
83 167
84 85
84 86
84 91
84 101
84 111
84 113
84 120
84 136
84 149
84 185
84 198
85 86
85 88
85 94
85 95
85 101
85 109
85 113
85 115
85 142
85 145
85 150
85 167
85 187
85 192
86 87
86 123
86 134
86 149
86 165
86 168
86 177
87 88
87 89
87 98
87 106
87 111
87 121
87 141
87 151
87 153
87 155
87 163
87 165
88 89
88 91
88 98
88 100
88 111
88 120
88 132
88 141
88 142
88 145
88 149
88 150
88 152
88 154
88 155
88 190
88 195
89 90
89 92
89 93
89 126
89 135
89 143
89 154
89 159
90 91
90 129
90 133
90 142
90 151
90 155
90 158
90 178
90 183
90 184
90 188
90 196
91 92
91 93
91 107
91 137
91 138
91 143
91 154
91 155
91 164
91 168
91 169
91 183
91 197
92 93
92 104
92 108
92 122
92 134
92 149
92 150
92 153
92 167
92 170
92 186
92 191
92 193
92 198
93 94
93 118
93 124
93 141
93 157
93 187
93 190
93 193
93 198
93 199
94 95
94 96
94 97
94 102
94 113
94 132
94 139
94 141
94 145
94 146
94 161
94 173
94 174
94 180
94 199
95 96
95 106
95 124
95 125
95 128
95 147
95 153
95 166
95 167
95 172
95 175
95 184
95 186
96 97
96 108
96 134
96 137
96 142
96 143
96 148
96 155
96 167
96 174
96 186
96 187
96 189
96 195
97 98
97 100
97 115
97 120
97 132
97 135
97 153
97 156
97 163
97 184
98 99
98 157
98 174
99 100
99 112
99 115
99 118
99 123
99 137
99 138
99 180
100 101
100 116
100 139
100 148
100 150
100 159
100 177
100 190
101 102
101 121
101 142
101 153
101 167
101 196
102 103
102 151
102 165
102 174
102 196
102 198
103 104
103 115
103 121
103 126
103 143
103 172
103 189
104 105
104 117
104 139
104 156
104 161
105 106
105 119
105 131
105 173
105 185
105 189
105 197
106 107
106 143
106 150
106 152
106 170
106 178
106 185
106 195
106 199
107 108
107 122
107 128
107 129
107 136
107 146
107 158
107 163
107 164
107 170
107 178
107 199
108 109
108 112
108 125
108 159
108 173
108 175
108 194
109 110
109 119
109 131
109 137
109 147
109 149
109 157
109 172
109 184
109 188
109 192
110 111
110 120
110 122
110 135
110 140
110 141
110 145
110 170
110 178
110 194
110 199
111 112
111 129
111 130
111 131
111 132
111 139
111 140
111 154
111 166
111 182
111 184
111 189
111 191
112 113
112 135
112 147
112 154
112 160
112 167
112 168
112 190
112 195
113 114
113 145
113 172
113 190
114 115
114 130
114 144
114 153
114 181
115 116
115 133
115 161
116 117
116 124
116 148
116 157
116 158
116 167
116 175
116 183
116 184
117 118
117 128
117 149
117 161
117 167
117 171
117 172
117 182
117 185
117 186
118 119
118 121
118 125
118 131
118 141
118 146
118 160
118 162
118 176
118 178
118 181
118 182
118 197
119 120
119 125
119 134
119 153
119 158
119 160
119 173
119 193
119 194
119 195
120 121
120 144
120 145
120 173
120 185
121 122
121 124
121 131
121 153
121 154
121 169
121 197
122 123
122 130
122 163
122 166
122 169
122 175
122 180
123 124
123 134
123 140
123 144
123 148
123 150
123 153
123 173
123 183
123 191
123 196
124 125
124 156
124 173
124 176
124 177
124 182
124 191
124 197
125 126
125 140
126 127
126 135
126 136
126 140
126 151
126 153
126 163
126 164
126 166
126 169
126 172
126 174
126 178
126 182
126 185
127 128
127 150
127 171
127 193
128 129
128 144
128 157
128 176
128 180
128 181
128 183
128 184
129 130
129 131
129 133
129 136
129 150
129 159
129 168
129 170
129 172
129 180
129 185
129 190
130 131
130 183
130 186
130 194
131 132
131 148
131 157
131 183
131 185
131 186
132 133
132 151
132 163
132 169
132 171
132 182
132 196
133 134
133 137
133 139
134 135
134 136
134 140
134 149
134 160
134 169
134 198
135 136
135 142
135 157
135 173
135 182
135 193
135 194
135 197
136 137
136 152
136 173
136 178
136 197
137 138
137 140
137 146
137 150
137 152
137 153
137 154
137 155
137 161
137 195
138 139
138 163
138 174
138 194
139 140
139 152
139 159
139 176
139 186
139 196
140 141
140 145
140 150
140 162
140 164
140 173
140 180
140 189
140 198
140 199
141 142
141 148
141 152
141 156
141 157
141 172
141 182
141 187
141 199
142 143
142 167
142 171
142 173
142 174
142 176
142 188
142 189
142 194
143 144
143 150
143 155
143 181
143 194
144 145
144 146
144 182
144 186
144 189
144 193
145 146
145 180
145 186
146 147
146 164
146 171
146 184
146 187
146 198
147 148
147 155
147 166
147 184
147 185
148 149
148 159
148 162
148 169
148 198
149 150
149 165
149 185
149 193
149 197
149 199
150 151
150 155
150 176
150 183
151 152
151 173
151 176
151 178
151 183
151 187
151 193
151 199
152 153
152 163
152 164
152 170
152 184
153 154
153 157
153 165
153 173
153 175
153 180
153 194
154 155
154 160
154 173
154 177
154 186
154 188
155 156
155 165
155 166
155 171
155 184
156 157
156 162
156 174
156 179
156 197
157 158
157 163
157 164
157 176
157 183
157 194
158 159
158 163
158 166
158 169
158 182
158 198
159 160
159 171
159 179
159 188
160 161
160 184
160 190
161 162
161 185
162 163
162 178
162 191
163 164
163 167
163 179
164 165
164 172
164 189
165 166
166 167
166 195
167 168
167 176
167 180
167 181
167 183
167 186
167 195
168 169
168 178
168 189
168 194
168 197
168 198
169 170
169 179
169 188
169 196
169 199
170 171
171 172
171 190
172 173
172 183
172 195
173 174
173 176
173 180
173 185
173 188
174 175
174 179
174 193
175 176
175 179
175 183
176 177
176 179
176 184
176 195
176 196
176 199
177 178
177 185
178 179
178 187
178 193
179 180
179 193
180 181
180 199
181 182
181 195
182 183
182 199
183 184
183 191
184 185
184 189
184 192
185 186
186 187
186 196
187 188
188 189
188 190
188 195
189 190
189 199
190 191
191 192
191 194
191 198
192 193
193 194
193 196
194 195
195 196
196 197
197 198
197 199
198 199
