0 54.259763031439086
1 63.188541461603535
2 104.92137246006826
3 110.48392892153994
4 93.39048696786128
5 84.07892248409894
6 53.37447333957341
7 98.24891123632557
8 76.15066674071332
9 52.60857232363047
10 119.25396595867609
11 57.00057492747093
12 43.26763593112035
13 60.814021543817184
14 38.23352425320054
15 77.44137462859189
16 28.517636069946565
17 101.62952167244903
18 24.929551585712012
19 117.64886473884147
20 41.22213230652849
21 90.37275112589715
22 51.07668648808039
23 109.46975658550468
24 25.155696928432185
25 22.966929279029095
26 26.190534190506835
27 93.50981077101058
28 25.338187609570678
29 45.85353362420439
30 33.72368986951783
31 43.66008401053884
32 69.28167259050511
33 47.803771767734354
34 27.381150343914747
35 116.41655362628079
36 22.48519412733468
37 22.215833975855674
38 72.04640961504492
39 87.69140816601771
40 109.31812326273526
41 89.98886678442786
42 21.67970945116831
43 20.380842387765334
44 99.90548515990479
45 117.69352657431735
46 62.58502147141766
47 39.645476265717264
48 51.22635751775055
49 113.51285375464005
50 114.6025611376356
51 79.676022463925
52 56.358999712938605
53 34.30615014624762
54 75.06870551108588
55 105.6581778936976
56 99.654146211729
57 91.1523953064495
58 110.79543191110886
59 107.71712560519632
60 37.59044146653736
61 97.85871198933329
62 51.85649334925661
63 109.81345567942182
64 25.16374305303775
65 67.17322145351443
66 117.62770891167402
67 35.87872414188741
68 85.88459076339092
69 22.820621384514
70 110.31393140123816
71 27.92024188176492
72 79.80587894690362
73 61.98261963471174
74 44.10536814202868
75 116.39113884935668
76 58.47535720613373
77 72.47439793362487
78 39.141142275198106
79 101.81310062621769
80 108.30529181528344
81 81.62202623343461
82 98.6180884814537
83 118.45564833354753
84 74.57422788160238
85 89.72480541636608
86 104.66793978368725
87 115.81716203480431
88 27.12349552466398
89 119.99032639829531
90 114.03626005217606
91 111.71931840015863
92 75.78372785919562
93 98.95897570630201
94 108.13159084493348
95 42.01799148517381
96 68.6643339747402
97 66.68850214206529
98 53.67343643696703
99 56.25006428279413
100 109.6615055127178
101 104.34821431799179
102 59.952896893593106
103 85.97702419680938
104 112.88800982459838
105 58.37621840426399
106 76.6299102594494
107 43.15260517156674
108 71.20068538993908
109 34.98206181070859
110 62.0261694455119
111 89.53316889273879
112 53.5991674369662
113 36.5310265423049
114 66.03302048554397
115 54.96588591953673
116 61.99210341442728
117 112.22525866242385
118 114.03874486903547
119 72.33122191056049
120 71.6746830093106
121 99.50075780027586
122 48.68979123631715
123 39.98263058386635
124 51.83405149766526
125 39.688248189216864
126 84.83568974840125
127 118.71772009808504
128 112.49677052961023
129 61.7397690839261
130 59.66756784012983
131 119.63165110784684
132 52.5551575218801
133 41.20180924443123
134 114.84526217053907
135 41.644838849677306
136 89.85704236948025
137 58.1196411580853
138 30.318264070453296
139 73.06350353004524
140 38.816027026539594
141 97.18648382011915
142 40.58082874958703
143 80.22298373516658
144 63.59713687776646
145 56.20497594886838
146 103.261802105691
147 68.08015302468978
148 75.65526138307143
149 54.80739203015311
150 57.23477813353306
151 112.56267686200422
152 63.25154508176385
153 64.384896792181
154 102.84445228962961
155 32.54925133541145
156 37.54549741721216
157 112.30507948097825
158 60.380141983160314
159 90.54638418736108
160 54.95825258446706
161 48.75089011524109
162 114.58761176054882
163 85.44366331954471
164 28.725076558018724
165 102.89300962595269
166 32.79548279415794
167 28.17089609671575
168 73.90285037169167
169 96.61161101908294
170 52.142713381394074
171 71.64686181132463
172 39.570969846498166
173 28.61233642349437
174 67.42870218310482
175 100.10088883917409
176 69.56168218869954
177 89.53527709265597
178 115.26784650735097
179 69.66480889473118
180 98.77859445003665
181 119.53457660050401
182 42.51539382823918
183 32.07429329217416
184 36.00972466847669
185 73.8102721814267
186 67.34174451538058
187 66.38496738123447
188 106.11413236936387
189 118.70280268517958
190 89.86735966799267
191 89.80009492052737
192 24.5587745768199
193 41.21459263673452
194 85.930734788158
195 118.0230494073206
196 55.50499517987278
197 118.2019917569116
198 22.34691876360833
199 97.98918916727473
0 1
0 17
0 26
0 27
0 39
0 46
0 66
0 107
0 117
0 136
0 151
0 154
0 162
0 198
1 2
1 5
1 7
1 18
1 28
1 76
1 123
1 148
1 157
1 158
1 160
1 166
1 172
1 180
2 3
2 16
2 35
2 80
2 103
2 115
2 132
2 135
2 141
2 160
2 170
3 4
3 17
3 18
3 21
3 41
3 45
3 60
3 110
3 113
3 118
3 133
3 141
3 147
4 5
4 13
4 39
4 45
4 96
4 105
4 138
4 155
4 158
4 183
4 186
4 199
5 6
5 35
5 71
5 79
5 99
5 121
5 132
5 149
5 172
5 176
6 7
6 34
6 38
6 67
6 100
6 103
6 111
6 150
6 164
6 168
6 177
7 8
7 10
7 56
7 60
7 77
7 95
7 113
7 129
7 177
7 196
8 9
8 14
8 16
8 31
8 34
8 58
8 69
8 94
8 97
8 174
8 176
8 180
8 199
9 10
9 47
9 50
9 55
9 56
9 70
9 95
9 135
9 140
10 11
10 25
10 58
10 78
10 90
10 91
10 100
10 109
10 117
10 135
10 157
11 12
11 40
11 49
11 82
11 84
11 85
11 91
11 102
11 124
11 126
11 151
11 165
11 185
11 189
12 13
12 121
12 124
12 139
12 150
12 170
12 171
13 14
13 23
13 25
13 29
13 64
13 70
13 72
13 75
13 130
13 134
13 157
14 15
14 88
14 104
14 123
14 155
14 173
14 197
15 16
15 57
15 134
15 139
15 176
15 192
16 17
16 28
16 65
16 71
16 72
16 79
16 94
16 95
16 104
16 112
16 135
16 190
17 18
17 26
17 35
17 40
17 81
17 89
17 92
17 95
17 127
17 148
17 158
17 191
18 19
18 76
18 82
19 20
19 37
19 47
19 64
19 67
19 90
19 91
19 176
20 21
20 32
20 46
20 50
20 63
20 101
20 113
20 129
20 148
20 149
20 158
20 192
21 22
21 23
21 30
21 58
21 84
21 125
21 160
21 174
21 176
21 194
22 23
22 80
22 112
22 166
23 24
23 96
23 122
23 135
23 159
23 160
23 174
23 187
24 25
24 27
24 37
24 58
24 71
24 91
24 110
24 148
24 151
24 180
24 195
24 196
25 26
25 28
25 54
25 61
25 89
25 138
25 140
25 160
25 168
25 189
25 194
25 196
26 27
26 36
26 73
26 128
26 179
26 185
26 186
26 188
27 28
27 33
27 34
27 37
27 78
27 114
27 144
27 153
27 171
27 174
27 182
27 187
27 199
28 29
28 85
28 126
28 146
29 30
29 32
29 55
29 74
29 116
29 153
29 169
29 181
29 184
29 194
30 31
30 41
30 89
30 98
30 103
30 110
30 121
30 140
30 144
30 156
30 161
31 32
31 42
31 97
31 101
31 154
31 198
32 33
32 65
32 72
32 88
32 91
32 97
32 100
32 111
32 136
32 142
32 156
32 162
32 167
32 183
32 198
33 34
33 47
33 49
33 120
33 134
33 160
33 176
33 182
33 186
33 197
34 35
34 38
34 47
34 86
34 122
34 137
34 171
34 195
35 36
35 64
35 80
35 177
36 37
36 42
36 58
36 85
36 115
36 116
36 144
36 151
36 161
37 38
37 57
37 63
37 76
37 84
37 178
37 189
37 194
38 39
38 67
38 73
38 113
38 118
38 136
38 141
38 155
39 40
39 42
39 86
39 94
39 110
39 133
39 167
40 41
40 58
40 65
40 77
40 122
40 124
40 148
40 161
40 174
40 177
40 180
40 188
41 42
41 54
41 56
41 74
41 87
41 102
41 113
41 125
41 167
41 174
41 177
41 181
42 43
42 157
43 44
43 63
43 71
43 83
43 121
43 122
43 146
43 163
43 186
43 198
44 45
44 72
44 121
44 172
44 179
45 46
45 61
45 66
45 72
45 125
45 168
46 47
46 66
46 68
46 93
46 165
46 174
46 177
46 193
47 48
47 82
47 106
47 179
47 182
47 184
48 49
48 63
48 94
48 98
48 114
48 117
48 127
49 50
49 72
49 94
49 102
49 109
49 126
49 138
49 140
49 152
49 153
49 182
49 193
50 51
50 86
50 124
50 130
50 137
50 171
50 177
50 194
51 52
51 70
51 79
51 84
51 105
51 155
52 53
52 56
52 68
52 117
52 158
52 163
52 165
53 54
53 57
53 60
53 67
53 72
53 107
53 110
53 115
53 147
53 151
53 189
54 55
54 61
54 85
54 92
54 96
54 122
54 144
54 152
54 176
54 177
55 56
55 73
55 80
55 90
55 112
55 139
55 185
55 189
55 194
56 57
56 120
56 135
56 139
56 151
56 158
56 167
56 180
57 58
57 61
57 68
57 74
57 89
57 161
57 163
57 181
57 182
57 196
58 59
58 73
58 82
58 112
58 127
58 148
58 149
58 158
58 163
58 168
58 170
58 178
59 60
59 79
59 93
59 103
59 170
59 180
59 181
59 188
59 191
59 198
60 61
60 69
60 91
60 114
60 120
60 127
60 135
60 148
60 149
60 151
60 180
60 186
60 189
61 62
61 63
61 72
61 90
61 117
61 148
62 63
62 73
62 79
62 94
62 100
62 105
62 118
62 124
62 168
62 179
62 194
63 64
63 102
63 126
63 168
63 169
63 180
63 191
64 65
64 73
64 93
64 95
64 98
64 116
64 137
64 142
65 66
65 72
65 86
65 102
65 118
65 146
65 184
66 67
66 108
66 113
66 115
66 133
67 68
67 75
67 137
67 146
67 147
67 153
67 159
67 174
67 184
67 193
68 69
68 89
68 130
68 156
69 70
69 71
69 109
69 121
69 130
69 142
69 166
69 193
70 71
70 81
70 119
70 138
70 164
70 196
71 72
71 101
71 124
71 150
71 152
71 155
71 187
72 73
72 86
72 93
72 99
72 121
72 140
72 155
72 156
73 74
73 78
73 107
73 145
74 75
74 88
74 100
75 76
75 85
75 97
75 98
75 108
75 123
75 135
75 165
75 183
76 77
76 97
76 105
76 157
76 164
76 170
76 188
77 78
77 79
77 164
77 191
77 194
78 79
78 85
78 93
78 103
78 105
78 114
78 119
78 134
78 148
78 172
78 182
79 80
79 93
79 113
79 114
79 151
79 154
79 175
79 196
80 81
80 171
81 82
81 97
81 114
81 119
81 126
81 128
81 156
81 177
81 186
82 83
82 95
82 109
82 112
82 116
82 120
82 150
82 169
82 185
83 84
83 139
83 144
84 85
84 106
84 113
84 132
84 133
84 134
84 135
84 165
84 169
84 180
84 195
85 86
85 95
85 122
85 142
85 162
85 169
85 170
86 87
86 106
86 113
86 154
86 156
86 164
86 183
86 197
87 88
87 91
87 102
87 113
87 120
87 124
87 135
87 150
87 183
88 89
88 162
88 163
88 195
88 199
89 90
89 99
89 173
89 182
90 91
90 120
90 141
90 144
90 152
90 160
90 173
90 181
90 186
91 92
91 127
91 129
91 131
92 93
92 97
92 112
92 113
92 118
92 135
92 140
92 149
92 166
92 169
92 174
93 94
93 97
93 107
93 115
93 148
93 158
94 95
94 97
94 112
94 131
94 154
94 156
94 170
94 171
95 96
95 101
95 117
95 123
95 139
95 147
95 183
95 189
96 97
96 110
96 117
96 124
96 132
96 133
96 150
96 157
96 174
96 185
96 187
97 98
97 116
97 126
97 146
97 151
97 163
97 168
97 170
97 196
98 99
98 113
98 137
98 138
98 184
99 100
99 137
99 171
99 198
100 101
100 102
100 111
100 118
100 120
100 130
100 146
100 171
100 173
100 179
100 189
100 197
101 102
101 107
101 109
101 118
101 149
101 152
101 170
102 103
102 115
102 139
102 149
102 172
102 185
103 104
103 108
103 123
103 128
103 138
103 148
103 150
103 156
103 169
103 170
103 187
103 199
104 105
104 125
104 136
104 159
104 198
105 106
105 124
105 153
105 183
106 107
106 112
106 150
106 175
106 180
106 186
106 197
107 108
107 146
107 157
107 172
107 176
107 189
107 191
107 193
108 109
108 112
108 129
108 135
108 136
109 110
109 128
109 137
110 111
110 120
110 131
110 147
111 112
111 122
111 132
111 193
112 113
112 165
112 197
113 114
113 116
113 127
113 128
113 140
113 144
113 149
113 152
113 154
113 159
113 187
114 115
114 120
114 134
114 149
114 156
114 161
114 172
114 189
115 116
115 138
115 144
115 148
115 162
115 174
115 177
115 178
116 117
116 132
116 155
117 118
117 124
117 126
117 168
117 190
117 194
118 119
118 127
118 174
118 188
119 120
119 129
119 140
119 162
119 173
119 185
119 188
120 121
120 122
120 134
120 167
120 191
121 122
121 147
121 155
121 167
121 176
122 123
122 132
122 146
122 175
123 124
123 129
123 130
123 145
123 151
123 191
123 198
124 125
124 166
124 177
125 126
125 137
125 138
125 159
125 171
125 179
125 186
125 194
126 127
126 190
127 128
127 137
127 151
127 159
127 161
127 177
127 188
128 129
128 133
129 130
129 195
130 131
130 157
130 181
131 132
131 187
132 133
132 163
132 171
132 179
132 183
133 134
133 167
133 192
134 135
134 155
134 158
134 164
134 168
134 172
134 174
134 177
135 136
135 147
135 181
135 191
136 137
136 158
137 138
137 161
137 170
137 193
137 198
138 139
138 142
138 170
138 172
138 190
139 140
139 158
139 176
140 141
140 144
140 169
141 142
141 161
142 143
143 144
143 161
143 168
143 182
143 190
144 145
144 155
144 163
144 169
144 192
145 146
145 190
146 147
146 157
146 186
146 188
147 148
147 151
147 155
147 157
147 169
147 172
147 175
147 181
148 149
149 150
149 161
149 166
149 188
150 151
150 161
150 169
150 174
150 190
150 193
151 152
151 178
151 181
151 195
152 153
152 155
152 156
152 158
153 154
153 194
154 155
155 156
156 157
156 165
156 170
156 179
157 158
157 184
158 159
158 190
158 193
159 160
159 197
160 161
160 162
160 164
160 175
160 177
160 182
161 162
161 177
161 191
162 163
162 195
163 164
163 170
163 171
164 165
164 179
165 166
165 183
165 184
166 167
166 172
166 175
167 168
167 183
168 169
169 170
169 180
169 183
170 171
170 182
170 196
171 172
171 180
171 181
172 173
173 174
173 177
173 180
174 175
175 176
176 177
176 180
176 197
177 178
177 195
178 179
179 180
179 191
179 198
180 181
180 195
181 182
182 183
183 184
184 185
184 186
185 186
186 187
187 188
187 192
188 189
189 190
189 195
190 191
191 192
192 193
192 194
192 197
193 194
193 196
193 199
194 195
194 197
195 196
196 197
197 198
198 199
