0 66.53696769988392
1 117.65046539697036
2 107.54323724152991
3 33.875592523901425
4 86.8883162158247
5 49.353768417239664
6 34.75059405852232
7 74.73627244366085
8 112.0150961133532
9 51.5493585800491
10 112.88582507280063
11 67.8126079861434
12 27.414337857711995
13 59.73634132922158
14 89.16843602335986
15 71.31576114507061
16 51.978779608465075
17 115.81078054858138
18 76.48728819925454
19 118.51052324682388
20 74.67783757100972
21 91.5837829928561
22 47.85635416262359
23 111.02791931177295
24 51.38726978456971
25 108.62766497296222
26 45.17108292636458
27 23.363354156403588
28 111.21146272192458
29 55.8692375256104
30 84.07999835920069
31 54.403212680167655
32 93.61479661181197
33 113.47820063397008
34 35.32121681950382
35 58.01420821850697
36 87.77634336458756
37 101.8525473048135
38 89.53380160886886
39 34.04617798319222
40 73.80468841388446
41 87.88171166556005
42 67.33898519466317
43 63.54045792331415
44 71.79739916709609
45 97.17220951205394
46 119.39646260142295
47 27.50233843777009
48 89.20227814136398
49 100.54933493511903
50 72.17610895764611
51 57.28755775463032
52 119.53522302378028
53 65.9024176262599
54 114.34565306130447
55 26.469113907393673
56 86.2321585661221
57 92.3200885306786
58 85.959929275092
59 108.99219988862838
60 44.26015110910661
61 72.46581107848664
62 28.04759583159581
63 96.49134867347071
64 49.085485000397945
65 61.27296444012995
66 73.72624936810006
67 88.83538029515084
68 77.69416228371674
69 64.29256559466174
70 113.63710045312477
71 46.2820890622873
72 39.5828755050369
73 97.40567589978149
74 48.27549008767694
75 119.06603524183801
76 46.98623225423377
77 111.11645414483573
78 47.70371637864484
79 50.809224175461075
80 23.07860942565683
81 117.27067387085204
82 75.16774583748932
83 85.83584300876807
84 114.48673547844363
85 103.7984879283883
86 95.29960920028851
87 97.28862718614485
88 40.17167049595584
89 73.95907876745954
90 79.87237844587995
91 92.88586049963098
92 52.586579077071164
93 100.56877401926062
94 44.48479246311006
95 48.2244052334472
96 108.98933758209714
97 42.823109857201345
98 98.08779739244802
99 63.72555304927719
100 50.88662523591273
101 33.57719686548974
102 63.92533757925097
103 40.63690506308535
104 67.80888048325593
105 108.32769645584733
106 35.24700811179752
107 23.944914680810722
108 77.96307965402323
109 113.64359081449592
110 62.06018472979003
111 65.61908170167897
112 92.78303331488348
113 102.42184961195169
114 26.22458497539291
115 20.300255738519574
116 44.99445691095745
117 96.09798031101826
118 51.35218248421691
119 97.36186315659663
120 50.534846848198704
121 69.82042252354974
122 111.26069761278403
123 58.214296290226066
124 43.51572207766691
125 95.6015258818856
126 46.13898722023029
127 65.78913109475099
128 70.38754837403707
129 60.586921084190614
130 69.11778086297181
131 64.3311891640079
132 54.56527234317508
133 62.838833765846196
134 47.59943889792865
135 91.94294825708005
136 45.995039521831345
137 75.40794586181441
138 73.48550756455757
139 105.76711175793064
140 51.490366177270374
141 60.97220397270809
142 94.35102713475894
143 30.259659267633165
144 101.13865538644765
145 113.94992169231794
146 63.64968502282738
147 22.697021430477918
148 43.67661388244976
149 104.74847984542045
150 82.19410660360113
151 86.87747398731531
152 79.4558012375482
153 101.68871481776935
154 45.4406725225957
155 55.91823968735252
156 33.467166112616994
157 50.149113397424344
158 81.51845409366977
159 108.11618614824056
160 42.86610879065553
161 95.60278108512884
162 63.476989153733875
163 76.03144432611484
164 83.53724177891634
165 47.47404467885281
166 105.88780166969481
167 58.2696177922966
168 88.46071713871902
169 94.12047866304827
170 110.71969069175543
171 45.87973549939041
172 116.98958051119956
173 95.75008022442353
174 110.31798669783652
175 30.851442994929528
176 118.6203270288808
177 101.71213142313623
178 66.3531691541653
179 72.88637646479658
180 97.43647972195889
181 61.35432785841124
182 22.76430474502305
183 62.43501939571155
184 24.12762091725478
185 23.517508480758192
186 78.008009654299
187 32.93184294482326
188 61.334031988603684
189 48.74336471390458
190 37.3337545489392
191 43.22780129548837
192 65.03970866228711
193 90.3993216879774
194 29.3414873928432
195 72.41080049126973
196 99.8341743721403
197 36.17872777923061
198 22.73772306739396
199 43.52103958264959
0 1
0 3
0 27
0 58
0 64
0 100
0 110
0 117
0 135
0 154
0 155
0 177
1 2
1 43
1 54
1 76
1 85
1 132
1 143
1 152
1 154
1 166
1 175
2 3
2 18
2 43
2 46
2 48
2 85
2 88
2 118
2 141
2 146
2 193
3 4
3 24
3 27
3 37
3 44
3 50
3 55
3 79
3 124
3 152
3 155
3 166
3 172
3 174
3 187
4 5
4 10
4 18
4 54
4 74
4 84
4 91
4 95
4 98
4 109
4 156
4 170
4 180
5 6
5 39
5 48
5 56
5 74
5 103
5 109
5 112
5 156
5 160
5 163
5 178
5 196
6 7
6 44
6 59
6 68
6 95
6 110
6 115
6 119
6 136
6 151
6 168
6 172
6 175
6 177
6 186
7 8
7 44
7 57
7 95
7 117
7 133
7 149
7 182
7 183
7 193
7 196
8 9
8 34
8 75
8 83
8 85
8 109
8 115
8 126
8 130
8 131
8 138
8 165
8 176
8 179
8 195
9 10
9 15
9 32
9 80
9 96
9 128
9 129
9 130
9 154
9 194
10 11
10 14
10 30
10 38
10 46
10 47
10 67
10 69
10 76
10 80
10 92
10 112
10 118
10 129
10 133
10 163
11 12
11 31
11 41
11 42
11 48
11 51
11 87
11 96
11 107
11 149
11 158
11 159
11 171
11 173
11 175
12 13
12 30
12 51
12 69
12 93
12 96
12 97
12 122
12 149
12 159
12 161
12 168
12 191
12 198
13 14
13 42
13 54
13 64
13 75
13 89
13 98
13 162
13 169
13 181
13 187
13 192
13 195
14 15
14 18
14 20
14 21
14 49
14 83
14 105
14 148
14 170
14 182
14 185
14 188
14 199
15 16
15 20
15 51
15 52
15 58
15 60
15 80
15 86
15 99
15 111
15 120
15 122
15 126
15 136
15 143
15 171
16 17
16 24
16 65
16 72
16 76
16 77
16 88
16 90
16 95
16 103
16 155
16 159
16 160
16 188
16 196
17 18
17 27
17 68
17 71
17 128
17 132
17 136
17 141
17 162
17 194
18 19
18 23
18 94
18 98
18 108
18 113
18 161
18 182
19 20
19 54
19 80
19 99
19 111
19 124
19 128
19 131
19 143
19 189
19 194
20 21
20 32
20 45
20 52
20 58
20 60
20 68
20 80
20 109
20 111
20 115
20 116
20 157
20 160
20 188
20 195
20 199
21 22
21 24
21 50
21 54
21 55
21 63
21 100
21 105
21 132
21 150
21 153
21 170
21 187
21 190
22 23
22 29
22 48
22 58
22 78
22 89
22 95
22 130
22 137
22 140
22 157
22 162
22 194
22 196
23 24
23 49
23 70
23 75
23 76
23 94
23 96
23 102
23 112
23 121
23 178
23 184
24 25
24 33
24 36
24 38
24 52
24 61
24 64
24 66
24 69
24 74
24 123
24 144
24 148
24 157
24 159
24 183
24 195
25 26
25 30
25 73
25 134
25 146
25 150
25 157
25 158
25 176
25 195
26 27
26 33
26 41
26 57
26 65
26 75
26 77
26 80
26 95
26 110
26 129
26 136
26 158
26 171
26 178
26 194
27 28
27 29
27 37
27 38
27 39
27 62
27 72
27 118
27 121
27 143
27 144
27 155
27 193
28 29
28 50
28 85
28 140
28 147
28 151
28 157
28 160
28 161
28 162
28 179
29 30
29 74
29 86
29 93
29 95
29 99
29 108
29 129
29 138
29 150
29 158
29 163
29 168
29 199
30 31
30 56
30 65
30 88
30 92
30 102
30 115
30 133
30 135
30 164
30 177
30 179
30 180
30 182
30 188
31 32
31 38
31 41
31 88
31 89
31 91
31 114
31 118
31 136
31 155
31 157
31 187
32 33
32 47
32 59
32 68
32 76
32 114
32 139
32 155
32 159
32 164
32 184
33 34
33 43
33 57
33 61
33 62
33 76
33 78
33 82
33 89
33 91
33 95
33 98
33 102
33 104
33 120
33 122
33 147
33 158
33 166
33 184
33 187
34 35
34 46
34 56
34 85
34 94
34 109
34 137
34 188
34 189
35 36
35 44
35 62
35 79
35 84
35 116
35 149
35 161
35 180
36 37
36 45
36 51
36 66
36 92
36 94
36 101
36 129
36 149
36 166
36 167
36 191
37 38
37 41
37 62
37 75
37 77
37 87
37 130
37 132
37 136
37 139
37 172
38 39
38 47
38 68
38 101
38 103
38 104
38 113
38 128
38 131
38 174
38 186
39 40
39 66
39 73
39 95
39 128
39 148
39 163
39 164
39 175
39 185
39 193
40 41
40 52
40 54
40 90
40 94
40 109
40 120
40 122
40 127
40 131
40 134
40 136
40 158
40 167
40 175
40 190
41 42
41 54
41 58
41 61
41 62
41 79
41 105
41 148
41 165
41 192
41 194
42 43
42 45
42 49
42 79
42 95
42 106
42 125
42 131
42 145
42 148
42 164
43 44
43 70
43 78
43 86
43 101
43 103
43 108
43 110
43 118
43 124
43 141
43 161
43 162
43 163
43 171
43 189
44 45
44 60
44 70
44 85
44 88
44 100
44 104
44 108
44 140
44 144
44 158
44 170
44 171
44 197
45 46
45 58
45 59
45 62
45 63
45 79
45 85
45 92
45 107
45 127
45 130
45 134
45 135
45 140
45 159
45 160
45 171
45 181
46 47
46 61
46 63
46 76
46 80
46 102
46 109
46 112
46 118
46 163
46 165
46 176
46 178
46 196
47 48
47 81
47 100
47 118
47 122
47 127
47 128
47 157
47 160
47 161
47 169
47 178
47 193
48 49
48 63
48 76
48 92
48 115
48 149
48 162
48 170
48 173
48 182
48 186
49 50
49 54
49 70
49 78
49 86
49 147
49 170
49 172
49 194
50 51
50 53
50 65
50 93
50 96
50 104
50 106
50 116
50 119
50 122
50 129
50 133
50 136
50 137
50 153
50 154
50 181
50 190
51 52
51 60
51 71
51 75
51 87
51 90
51 112
51 119
51 121
51 143
51 148
51 170
51 176
51 179
51 183
51 185
52 53
52 61
52 66
52 114
52 117
52 119
52 126
52 139
52 140
52 146
52 151
52 185
53 54
53 67
53 98
53 105
53 109
53 132
53 139
53 147
53 165
54 55
54 83
54 91
54 101
54 123
54 157
54 181
54 185
54 196
55 56
55 77
55 81
55 87
55 88
55 96
55 114
55 129
55 134
56 57
56 66
56 95
56 113
56 120
56 132
56 140
56 146
56 166
56 180
56 196
57 58
57 64
57 80
57 147
57 157
57 161
57 169
57 197
58 59
58 84
58 92
58 105
58 111
58 119
58 131
58 155
58 172
59 60
59 69
59 90
59 94
59 108
59 111
59 126
59 136
59 139
59 149
59 151
59 154
59 167
60 61
60 82
60 94
60 97
60 153
60 162
60 189
60 199
61 62
61 65
61 72
61 87
61 88
61 101
61 102
61 107
61 126
61 136
61 158
61 165
61 168
61 170
62 63
62 75
62 82
62 92
62 105
62 107
62 110
62 139
62 156
62 162
62 179
62 180
63 64
63 77
63 101
63 111
63 124
63 128
63 180
63 186
64 65
64 67
64 81
64 83
64 100
64 116
64 155
64 179
65 66
65 92
65 105
65 148
65 156
65 166
65 181
66 67
66 78
66 90
66 96
66 100
66 112
66 117
66 118
66 127
66 139
66 165
67 68
67 69
67 92
67 128
67 132
67 137
67 139
67 149
67 168
67 186
67 191
67 193
67 198
68 69
68 73
68 96
68 97
68 123
68 135
68 139
68 148
68 199
69 70
69 83
69 107
69 109
69 121
69 123
69 126
69 133
69 136
69 140
69 149
69 154
69 155
69 180
69 190
69 192
70 71
70 103
70 105
70 107
70 119
70 120
70 130
70 144
70 170
70 186
70 199
71 72
71 78
71 82
71 87
71 88
71 101
71 128
71 130
71 135
71 143
71 166
71 194
72 73
72 81
72 96
72 128
72 140
72 148
72 171
73 74
73 81
73 87
73 101
73 103
73 118
73 120
73 124
73 139
73 142
73 159
73 163
73 165
73 177
73 187
73 190
73 196
74 75
74 92
74 104
74 108
74 126
74 134
74 176
74 179
74 198
75 76
75 78
75 80
75 119
75 125
75 133
75 135
75 144
75 155
75 175
75 189
75 199
76 77
76 79
76 92
76 108
76 110
76 113
76 120
76 127
76 131
76 132
76 133
76 134
76 150
76 155
76 167
76 182
76 190
77 78
77 91
77 98
77 102
77 108
77 128
77 135
77 171
77 185
77 196
77 199
78 79
78 103
78 106
78 116
78 129
78 135
78 139
78 144
78 169
78 191
79 80
79 93
79 97
79 104
79 125
79 128
79 173
80 81
80 88
80 102
80 118
80 121
80 125
80 137
80 144
80 152
81 82
81 101
81 120
81 133
81 157
81 165
81 168
81 184
81 191
82 83
82 86
82 114
82 117
82 120
82 124
82 143
82 154
82 179
82 185
82 187
82 193
83 84
83 133
83 155
83 168
83 187
83 189
84 85
84 92
84 122
84 126
84 130
84 142
84 147
84 148
84 153
84 166
85 86
85 92
85 107
85 108
85 131
85 139
85 146
85 150
85 165
85 170
85 189
86 87
86 90
86 112
86 122
86 132
86 141
86 157
86 170
86 175
86 186
86 196
87 88
87 113
87 144
87 173
88 89
88 97
88 113
88 119
88 125
88 129
88 156
88 164
88 170
88 181
88 194
89 90
89 96
89 102
89 109
89 115
89 157
89 162
89 183
90 91
90 105
90 145
90 157
90 178
90 198
91 92
91 95
91 98
91 107
91 111
91 125
91 144
91 175
91 177
91 189
92 93
92 100
92 120
92 143
92 148
92 157
92 162
92 179
92 187
92 193
92 197
93 94
93 96
93 110
93 124
93 163
93 165
93 196
93 198
94 95
94 118
94 150
94 165
94 173
94 178
94 179
94 188
95 96
95 99
95 113
95 123
95 148
95 184
95 190
96 97
96 100
96 106
96 130
96 131
96 157
96 174
97 98
97 105
97 109
97 118
97 137
97 159
97 196
97 197
98 99
98 119
98 122
98 167
98 183
98 197
99 100
99 165
99 185
99 197
100 101
100 158
100 189
101 102
101 106
101 113
101 134
101 144
101 147
101 151
101 161
101 165
101 173
101 180
101 181
102 103
102 105
102 174
102 181
102 183
102 198
103 104
103 125
103 136
103 148
103 162
103 176
103 182
103 186
104 105
104 111
104 128
104 153
104 154
104 185
104 191
105 106
105 109
105 110
105 113
105 131
105 166
105 185
106 107
106 111
106 147
106 163
106 195
107 108
107 113
107 125
107 130
107 132
107 157
107 167
107 172
107 177
107 194
108 109
108 133
108 146
108 147
108 159
108 163
108 169
108 170
108 174
108 181
108 197
109 110
109 111
109 113
109 132
109 138
109 165
109 176
109 187
109 190
109 194
109 195
110 111
110 115
110 130
110 141
110 164
110 173
111 112
111 155
111 178
111 190
111 192
112 113
112 173
112 195
113 114
113 128
113 170
113 190
114 115
114 116
114 120
114 139
114 145
114 155
114 159
114 160
114 172
114 176
114 177
114 188
115 116
115 121
115 135
115 156
115 168
115 176
115 192
115 195
115 196
115 198
116 117
116 119
116 121
116 144
116 148
116 151
116 153
116 165
116 174
116 178
116 180
116 184
116 195
117 118
117 136
117 140
117 152
117 175
117 180
117 194
118 119
118 121
118 153
118 161
118 165
118 179
118 193
119 120
119 124
119 145
119 180
119 195
120 121
120 123
120 126
120 133
120 167
120 173
120 196
120 197
121 122
121 129
121 139
121 147
121 162
121 164
121 165
121 171
121 172
121 174
121 197
122 123
122 151
122 185
122 191
122 196
123 124
123 149
123 154
123 170
123 189
123 197
124 125
124 131
124 132
124 134
124 138
124 148
124 152
124 153
124 179
124 186
124 190
125 126
125 152
125 193
126 127
126 150
126 161
126 164
126 175
126 176
126 186
126 192
126 198
127 128
127 131
127 140
127 148
127 151
127 169
127 170
127 175
127 176
127 184
127 186
128 129
128 130
128 145
128 157
129 130
129 133
129 140
129 152
129 163
129 165
129 166
129 169
130 131
130 141
130 163
130 174
130 177
131 132
131 148
131 179
131 183
131 184
131 193
132 133
132 151
132 171
132 185
132 190
132 194
132 199
133 134
133 156
133 163
134 135
134 145
135 136
135 148
135 153
135 155
135 169
135 171
135 177
135 180
136 137
136 138
136 156
136 180
136 184
137 138
137 144
137 148
137 149
137 187
137 195
137 196
138 139
138 145
138 152
138 174
138 185
138 192
138 193
138 197
139 140
139 158
139 187
139 198
140 141
140 164
140 171
140 174
140 181
140 189
141 142
141 154
141 173
141 174
141 182
141 187
142 143
142 152
142 178
142 182
142 195
143 144
143 145
143 156
143 159
143 161
143 174
143 176
144 145
144 159
144 193
145 146
145 158
145 161
145 167
145 191
146 147
146 162
146 177
146 185
146 188
147 148
147 152
148 149
148 154
148 188
148 198
148 199
149 150
149 161
149 166
149 171
149 173
149 186
149 194
150 151
150 162
150 168
150 192
151 152
151 156
151 162
151 179
151 193
152 153
152 166
152 171
152 175
152 178
152 194
152 197
153 154
153 161
154 155
154 158
154 161
154 193
155 156
155 164
155 172
155 181
156 157
156 168
157 158
158 159
158 171
158 197
159 160
159 162
160 161
160 173
160 174
160 176
160 178
160 184
160 190
161 162
161 185
161 192
162 163
163 164
163 169
163 179
163 195
164 165
164 188
165 166
165 172
165 181
165 189
166 167
167 168
167 169
167 190
167 194
168 169
169 170
170 171
170 179
170 184
171 172
172 173
172 179
172 181
172 199
173 174
173 185
174 175
174 196
175 176
175 193
176 177
176 179
176 198
177 178
177 191
178 179
178 193
179 180
179 182
180 181
180 184
180 187
181 182
182 183
183 184
183 192
183 198
183 199
184 185
184 196
185 186
185 190
185 194
185 195
186 187
187 188
187 198
188 189
188 193
189 190
190 191
190 194
191 192
192 193
193 194
193 195
194 195
195 196
196 197
197 198
198 199
