0 106.26354571871988
1 85.93392479167684
2 40.05144314634756
3 94.21424849407953
4 79.01852974360361
5 59.268754106261824
6 55.99699553172253
7 41.12772148392197
8 37.135639010803594
9 105.81174675130568
10 55.03038668786783
11 84.36835315513349
12 93.47510158162464
13 109.36753557190156
14 84.60808510915282
15 45.295110773482364
16 78.09480663300388
17 104.84773502185558
18 22.596880074606844
19 67.48376147373025
20 93.47889999553094
21 31.223829885412723
22 115.40848018417446
23 114.19043365617962
24 73.68340973503098
25 23.35569169854346
26 119.80853894049663
27 58.1225715593846
28 42.641191210582555
29 63.45082039287009
30 60.488074768735025
31 78.07106261190035
32 57.59119598408206
33 88.78813494121668
34 32.77051989341176
35 41.89885497253481
36 92.44464555073759
37 31.344210842087744
38 25.237654626420195
39 73.44764019362889
40 62.87342563928568
41 47.08862401967609
42 110.59297048398793
43 72.11570452838538
44 20.00360134123747
45 77.96906147923443
46 54.74104901284423
47 78.17635733264872
48 42.81966771190702
49 77.98574121694979
50 23.84678881187869
51 54.34785841747424
52 40.73277122493571
53 26.258565158007613
54 27.048397396846372
55 84.69206340822915
56 37.23882250881176
57 44.619351009575055
58 118.53329274597657
59 75.61049396053426
60 43.19002113688069
61 35.015432495461624
62 96.84612909011057
63 80.52289918823814
64 43.92605686931779
65 52.889743905429
66 81.583425929745
67 59.75482343076767
68 118.35883318268189
69 36.70648544565678
70 118.03930772953429
71 30.227033851057776
72 80.07722850950029
73 20.92033229682339
74 58.902141526380106
75 55.731145610806365
76 80.63611768289883
77 69.94107393598665
78 98.76194226525399
79 77.89214727635289
80 43.41645374658261
81 84.02446622132688
82 91.97356330780055
83 90.35991771719263
84 102.79094614090523
85 44.523976777169324
86 67.33092161405976
87 114.33829022407572
88 107.8024419561365
89 85.56705352436545
90 64.04257025759128
91 42.25154382796306
92 112.15987561187383
93 101.97337690484373
94 52.65915451453855
95 78.16472410117986
96 113.07919813560189
97 29.111557531470954
98 71.88841993811823
99 118.51544668134466
100 20.34445485678587
101 59.39454906695736
102 107.64358291954994
103 84.78140348280674
104 33.93675045446193
105 92.24303362742826
106 64.20604859630151
107 40.899079493068086
108 83.67656562277554
109 49.599896953543556
110 29.04365120743177
111 102.56566508945717
112 37.54750192941022
113 27.45781435803634
114 112.61063718123175
115 72.99749755942976
116 116.71720209970024
117 95.36593541476599
118 52.36591221352629
119 20.284831835452515
120 64.74385341909039
121 100.51045900319178
122 106.28111924607825
123 45.174103825298246
124 106.05432922825979
125 80.71788531120885
126 25.270321816044078
127 74.92527106328188
128 94.50269484157094
129 41.60861970531963
130 86.25821618218355
131 58.83321277111239
132 96.66543408542668
133 107.1324520553738
134 88.01392468454003
135 34.06859844280524
136 76.50242894547137
137 109.84642594575676
138 60.41264223018008
139 76.68502370126734
140 48.11039835652333
141 47.54946060376915
142 114.44748516019268
143 51.95560911821768
144 41.518102931217996
145 96.26701188596488
146 65.09910271398456
147 30.64368429578008
148 82.82032921650807
149 36.082958936745804
150 92.08075321017442
151 43.378589583783494
152 24.420321939100845
153 115.94483381471936
154 64.51169739512564
155 103.99899750967022
156 73.7479386318451
157 56.32238455436857
158 44.73192762094213
159 44.542614968045825
160 59.543535346829145
161 64.47837763123553
162 103.7563829406406
163 69.50247279851509
164 43.64515236394564
165 116.11447084552881
166 26.277004137562077
167 55.036479992113705
168 33.189342326108424
169 39.28388497892716
170 56.65608479531307
171 90.00827549967254
172 73.23350962829088
173 21.716473702484166
174 39.01457592930483
175 80.05384667504842
176 103.03041579657553
177 51.08076277980942
178 34.30411319654552
179 113.30975821129583
180 40.533033945166146
181 89.2113736313473
182 55.16174950170774
183 117.0052920696801
184 119.18070985306609
185 75.95921314210042
186 45.3814743676966
187 117.81215407566563
188 38.61515923291689
189 56.07564490658025
190 44.99679037399901
191 55.66183239635381
192 106.69752372751857
193 23.420825132013128
194 24.253760685441343
195 90.68209867262796
196 44.04536709273948
197 80.79027160693246
198 40.164119173771354
199 85.97056587974282
0 1
0 10
0 25
0 66
0 110
0 111
0 148
0 171
0 196
0 199
1 2
1 11
1 33
1 76
1 94
1 118
1 129
1 152
1 194
1 198
2 3
2 99
2 130
2 139
3 4
3 17
3 24
3 45
3 51
3 55
3 70
3 94
3 138
4 5
4 86
4 176
4 198
4 199
5 6
5 33
5 39
5 47
5 75
5 92
5 100
5 140
5 173
6 7
6 28
6 46
6 69
6 81
6 103
6 176
7 8
7 56
7 107
7 147
7 167
7 185
8 9
8 27
8 91
8 113
8 156
8 167
8 199
9 10
9 62
9 134
9 145
9 175
9 186
10 11
10 45
10 46
10 56
10 65
10 87
10 110
10 173
11 12
11 45
11 53
11 71
11 164
12 13
12 109
12 129
12 177
12 196
13 14
13 47
13 63
13 78
13 198
14 15
14 87
14 100
14 147
14 166
14 196
15 16
15 27
15 49
15 111
15 181
15 194
16 17
16 47
16 95
16 138
16 160
16 172
17 18
17 28
17 92
17 126
17 162
17 165
17 166
17 168
17 169
18 19
18 55
18 93
18 110
19 20
19 24
19 25
19 49
19 66
19 88
19 101
19 105
19 109
19 173
19 187
20 21
20 31
20 47
20 51
20 62
20 64
20 77
20 90
20 92
20 108
20 119
20 170
21 22
21 26
21 37
21 87
21 124
21 127
21 173
22 23
22 67
22 85
22 129
22 150
22 169
22 198
23 24
23 38
23 42
23 69
23 83
23 120
23 167
24 25
24 105
24 132
24 153
24 185
25 26
25 33
25 107
25 145
26 27
26 113
26 138
26 186
27 28
27 48
27 65
27 131
28 29
28 151
28 186
28 187
29 30
29 134
29 151
29 176
30 31
30 57
30 84
30 94
31 32
31 194
32 33
32 53
32 57
32 61
32 132
32 158
32 171
33 34
33 50
33 54
33 73
33 114
33 117
33 128
33 189
33 191
34 35
35 36
35 58
35 89
35 95
35 169
35 191
36 37
36 61
36 72
36 84
36 106
36 117
36 122
36 171
36 195
37 38
37 82
37 170
37 174
37 185
37 189
38 39
38 43
38 88
38 111
38 118
38 135
38 144
38 148
38 155
39 40
39 91
39 115
39 166
39 174
40 41
40 72
40 121
40 130
40 179
41 42
41 76
41 85
41 179
41 184
42 43
42 45
42 65
42 104
42 116
42 119
42 163
42 171
42 184
43 44
43 69
43 104
43 127
43 134
43 157
43 170
43 172
44 45
44 61
44 134
44 148
44 157
45 46
45 57
45 61
45 83
45 116
46 47
46 54
46 128
46 178
47 48
47 49
47 88
47 133
47 166
47 176
48 49
48 65
48 71
48 77
48 131
48 186
49 50
49 102
49 157
49 169
49 186
50 51
50 124
50 185
51 52
51 82
51 96
51 183
51 195
52 53
52 107
52 115
52 123
52 149
52 182
52 194
53 54
53 83
53 146
53 150
53 157
53 183
53 199
54 55
54 153
55 56
55 96
55 103
55 176
55 186
56 57
56 62
56 83
56 106
56 150
56 184
57 58
57 66
57 73
58 59
58 60
58 115
58 128
59 60
59 111
59 136
59 172
59 188
60 61
60 62
60 64
60 132
60 171
61 62
61 72
61 75
62 63
62 107
62 114
62 127
62 161
62 164
63 64
63 148
64 65
64 82
64 89
64 134
65 66
65 82
65 89
65 100
65 102
65 110
65 184
65 196
66 67
66 90
66 190
67 68
67 74
67 95
67 117
67 122
67 147
67 166
68 69
68 112
68 119
68 165
68 168
68 194
69 70
69 72
69 83
69 120
69 157
69 163
69 169
69 187
70 71
70 77
70 111
70 122
70 135
70 139
70 145
70 159
70 160
70 196
71 72
71 76
71 109
71 124
71 198
72 73
72 91
72 111
72 151
72 166
73 74
73 103
73 115
73 136
73 144
73 152
73 156
73 189
74 75
74 83
74 94
74 102
74 108
74 117
74 125
74 153
74 184
74 197
75 76
75 104
75 115
75 123
75 139
75 145
75 150
75 151
76 77
76 143
76 144
76 159
77 78
77 81
77 127
77 183
78 79
78 81
78 94
78 100
78 183
79 80
79 119
79 122
80 81
80 85
80 103
80 132
80 194
81 82
81 120
81 130
81 144
81 152
82 83
82 133
82 141
83 84
83 89
83 91
83 146
84 85
84 87
84 96
84 148
84 149
84 171
85 86
85 104
85 151
85 162
85 172
85 186
86 87
86 131
86 143
86 149
86 161
86 188
87 88
87 148
87 159
87 178
88 89
88 93
88 138
88 147
88 150
88 171
89 90
89 99
89 106
89 196
89 197
90 91
90 99
90 112
91 92
91 100
91 137
91 143
91 172
91 187
92 93
92 97
92 129
92 163
92 169
92 172
92 186
93 94
93 95
93 98
93 193
94 95
94 171
95 96
95 97
95 99
95 112
95 123
95 139
95 145
96 97
96 108
96 124
96 192
97 98
97 139
98 99
98 110
98 152
98 155
99 100
99 124
99 179
100 101
100 130
100 168
101 102
101 104
101 134
101 192
102 103
102 131
102 177
102 180
102 182
102 184
102 194
102 197
103 104
103 107
103 117
103 162
104 105
104 191
104 199
105 106
105 138
106 107
106 123
106 193
107 108
107 152
107 158
107 164
108 109
108 195
109 110
109 160
109 161
110 111
110 113
110 157
111 112
111 172
111 173
111 196
111 199
112 113
112 115
112 134
112 147
112 187
113 114
113 133
113 137
113 171
114 115
114 143
115 116
115 148
116 117
116 163
116 168
116 198
117 118
117 143
117 150
117 153
117 175
118 119
118 155
118 164
118 181
119 120
119 129
119 142
119 162
119 171
119 196
120 121
120 181
120 184
121 122
121 165
121 184
122 123
122 142
122 166
123 124
123 151
124 125
124 126
124 144
125 126
125 128
125 164
126 127
126 158
126 199
127 128
127 160
128 129
129 130
129 145
129 171
130 131
130 170
131 132
131 145
131 195
132 133
132 143
133 134
133 136
133 151
133 162
134 135
134 172
134 189
135 136
136 137
137 138
137 145
137 184
137 190
138 139
138 142
138 165
138 185
138 191
139 140
139 175
140 141
140 143
141 142
141 151
141 172
142 143
142 178
142 198
143 144
143 148
144 145
144 159
144 168
144 184
145 146
145 151
145 173
146 147
146 158
147 148
147 160
147 184
147 196
148 149
148 162
148 186
148 199
149 150
149 154
150 151
150 170
151 152
151 160
152 153
152 197
153 154
154 155
154 178
155 156
155 162
156 157
156 159
156 161
156 172
156 174
157 158
158 159
158 168
158 172
159 160
159 196
160 161
160 194
161 162
162 163
163 164
163 166
163 195
164 165
164 186
165 166
166 167
167 168
168 169
168 171
168 182
169 170
170 171
171 172
171 199
172 173
172 190
172 197
173 174
173 178
173 192
174 175
175 176
176 177
177 178
177 193
178 179
179 180
180 181
181 182
181 196
182 183
183 184
184 185
185 186
186 187
187 188
188 189
188 198
189 190
190 191
191 192
192 193
193 194
193 198
194 195
195 196
195 198
196 197
197 198
198 199
