0 56.67448719750583
1 48.77856394666549
2 67.73237357343206
3 74.00747733440565
4 89.5050708872016
5 108.27141810097527
6 81.2065871807795
7 71.57115374322443
8 21.604888926514835
9 32.3422802828597
10 62.35743393834314
11 31.630496156611972
12 76.02202261432396
13 26.327022863021536
14 83.73785035672978
15 112.90506122392055
16 52.503726237580054
17 36.93700407741336
18 82.6020774373977
19 100.55429707398953
20 46.50150952094951
21 69.56597495081607
22 102.55217141776095
23 62.86971140564345
24 52.56505561972064
25 101.82433750929593
26 81.09829400831428
27 68.22181968155249
28 46.683680404406
29 92.27843915566606
30 58.5997370993165
31 81.60082673626272
32 85.98170888452984
33 37.376432289987264
34 104.46370338070717
35 53.15647875938544
36 86.14679110912066
37 86.67121612156019
38 105.01412696817097
39 57.33384966322619
40 37.06785640661235
41 86.70480813632807
42 34.1028880402952
43 40.51829133352517
44 95.38202943080712
45 87.29744748607457
46 32.32098198225384
47 87.54416959598515
48 48.9775159209791
49 110.48862687886506
50 53.57733351378853
51 22.988364162780023
52 82.97210903520194
53 52.00612509709392
54 98.84811896273574
55 21.861035498179476
56 89.28463116144492
57 57.89307484850902
58 46.0595992340444
59 116.12239103467617
60 52.63925313637045
61 94.80197741321786
62 102.35265854487733
63 48.39578952293267
64 114.69035542741705
65 111.46843652139565
66 50.387328716450526
67 42.31375300183647
68 64.92816968062155
69 71.00640491591602
70 33.88083736468351
71 30.124997872492358
72 32.12315467736534
73 118.92051131970885
74 29.232757323856045
75 102.50687913761959
76 53.28969168017386
77 40.110042856708176
78 79.87610557547661
79 22.969179115617226
80 78.49735108025862
81 49.643004977130374
82 27.903304744324792
83 79.80146019726703
84 29.330637503954353
85 56.70761646191048
86 63.55113500288883
87 32.207683047145835
88 66.39574621017428
89 38.90249595766941
90 27.288915674437334
91 44.08816903809573
92 36.99559382693676
93 64.9056885249079
94 41.53937405011679
95 88.87039126588449
96 67.94193959995901
97 107.56661951240676
98 119.47173508735861
99 51.856492850970554
100 40.44618424103945
101 96.59393098088117
102 96.84177987734499
103 52.74684396425535
104 34.12796917316099
105 70.2660884893591
106 59.513777853107015
107 60.31531392025903
108 55.403480780448206
109 98.97055243144506
110 94.08430808782624
111 73.65342610788096
112 71.86289895586583
113 69.8811823051264
114 71.9381887759969
115 99.96685216014163
116 58.71918171408676
117 41.71250203825491
118 88.10185973492561
119 67.59923612499801
120 26.007978352482525
121 101.24331350777373
122 115.41974164081898
123 74.77461881046649
124 35.94115250839732
125 79.18106312658753
126 101.86423533523536
127 89.4912591080055
128 38.66400360251855
129 111.9423145154816
130 34.20018450860204
131 84.06596101240946
132 51.63900770239258
133 68.05348597521711
134 114.75978303608072
135 109.01946839209813
136 82.97648707593831
137 93.13006513628613
138 49.744068677649196
139 85.3098831549733
140 52.25530005076085
141 65.77125748737292
142 27.252303288510653
143 21.362487199045226
144 93.7243015319891
145 98.21107290606368
146 71.1506722759823
147 41.91071055648369
148 36.24798499123122
149 60.19565796415815
150 92.9269158005449
151 49.35444240670405
152 41.95735806043129
153 52.31065143699653
154 27.83767154710754
155 25.158262745664455
156 51.28976180970889
157 105.86121534120319
158 33.940422064507594
159 118.75359668378658
160 25.949018357669527
161 40.411306578500515
162 53.012138757738576
163 64.47514288464282
164 103.28993050212344
165 67.2176750724361
166 80.89185656723126
167 113.25344692982335
168 75.72880974247613
169 87.04795397616728
170 71.44454288619053
171 65.10176216969343
172 87.00438582306786
173 94.2511355098209
174 103.1288382080578
175 40.87685514327503
176 93.46108768444927
177 65.45262029901117
178 70.06133872560373
179 37.359751200613445
180 72.9993539925583
181 80.8749483364951
182 20.50530849011814
183 68.39386762023948
184 76.93527459959998
185 99.03920627203254
186 54.87179150344594
187 106.63434511704088
188 110.73453750941782
189 81.48102570651803
190 112.60634326068077
191 105.40384150582699
192 98.43329807952672
193 43.11898390095433
194 22.74465319883257
195 98.21640566847937
196 32.53125342604662
197 86.04215886406809
198 66.45560146925092
199 44.72250852361924
0 1
0 41
0 85
1 2
1 41
1 186
1 199
2 3
2 45
2 95
2 157
2 168
3 4
3 78
3 80
3 105
4 5
4 29
5 6
5 7
5 115
5 197
6 7
7 8
7 76
8 9
8 142
8 186
9 10
9 30
9 163
9 193
10 11
10 81
10 109
10 117
11 12
11 175
12 13
12 45
12 148
13 14
13 48
13 107
14 15
14 118
15 16
15 166
16 17
16 67
16 97
16 176
17 18
17 39
18 19
19 20
19 77
19 151
20 21
20 27
20 48
20 80
21 22
21 30
21 52
21 104
21 113
22 23
22 136
22 138
23 24
23 164
24 25
24 48
24 120
24 187
25 26
25 120
26 27
26 126
27 28
27 52
27 147
27 171
27 184
28 29
29 30
29 164
30 31
30 126
31 32
31 154
31 165
32 33
32 77
32 117
33 34
33 65
34 35
34 61
35 36
36 37
36 149
36 162
36 166
37 38
37 56
37 76
38 39
38 125
39 40
39 90
40 41
40 45
40 153
41 42
41 171
41 188
42 43
42 49
43 44
43 187
43 191
44 45
44 68
45 46
46 47
46 63
46 79
46 99
46 195
47 48
48 49
49 50
50 51
50 108
50 139
51 52
51 169
51 175
52 53
52 105
53 54
53 99
54 55
54 153
55 56
55 76
56 57
56 115
57 58
57 66
57 93
58 59
58 85
59 60
59 76
60 61
60 109
60 141
60 171
60 196
61 62
61 197
62 63
62 84
62 157
62 179
62 189
63 64
63 107
64 65
64 126
65 66
65 148
66 67
66 153
67 68
67 145
68 69
69 70
69 144
69 164
70 71
71 72
71 164
72 73
72 138
72 168
73 74
73 93
73 94
73 106
73 169
73 170
73 177
74 75
75 76
75 92
75 133
76 77
76 91
76 156
77 78
78 79
79 80
79 173
80 81
80 147
81 82
81 168
82 83
83 84
83 126
83 193
84 85
84 97
85 86
86 87
87 88
87 189
88 89
88 115
89 90
89 136
90 91
91 92
91 96
91 131
91 132
91 159
92 93
92 117
92 148
93 94
94 95
94 99
94 145
95 96
95 164
95 194
96 97
96 98
96 130
96 133
97 98
98 99
99 100
100 101
100 118
101 102
101 108
102 103
102 108
102 130
102 175
103 104
104 105
105 106
106 107
106 113
107 108
107 110
107 180
108 109
108 167
109 110
109 140
109 158
110 111
110 166
110 184
111 112
111 126
111 134
112 113
112 192
113 114
113 167
113 178
113 181
114 115
114 135
114 198
115 116
116 117
116 196
117 118
117 184
118 119
119 120
119 123
119 149
120 121
120 141
121 122
122 123
123 124
124 125
125 126
126 127
126 191
127 128
127 151
128 129
128 143
128 161
129 130
129 147
129 175
130 131
131 132
131 181
132 133
133 134
134 135
135 136
135 137
136 137
136 182
137 138
137 172
138 139
139 140
139 172
140 141
140 145
140 180
141 142
142 143
142 177
143 144
143 183
144 145
144 179
145 146
146 147
146 174
147 148
148 149
148 167
149 150
149 182
150 151
151 152
152 153
153 154
154 155
154 191
155 156
155 187
155 191
156 157
157 158
158 159
158 173
159 160
160 161
161 162
162 163
162 183
163 164
164 165
164 192
165 166
166 167
167 168
168 169
169 170
170 171
171 172
172 173
173 174
174 175
175 176
176 177
177 178
178 179
179 180
180 181
181 182
182 183
183 184
184 185
185 186
186 187
187 188
188 189
189 190
190 191
191 192
191 195
192 193
193 194
194 195
194 196
195 196
196 197
197 198
198 199
