0 114.13492709742353
1 42.35270682625713
2 60.78273485894547
3 40.38461507250155
4 93.90687869770439
5 31.90246608358596
6 31.002179838932882
7 82.76880024199511
8 33.926409045981984
9 25.586620539159888
10 68.04800138464532
11 110.81859670495233
12 93.32501674018398
13 64.08581451802019
14 108.22490880382105
15 23.527407440788643
16 90.31977144018258
17 26.723580711361087
18 107.647285102123
19 47.614416775555014
20 103.23611446219482
21 25.96458937514559
22 98.84101048625914
23 50.17093660526118
24 91.76542603790423
25 27.589729505672004
26 76.07770294778535
27 23.13988094817311
28 53.52390483560494
29 48.84598378096321
30 83.54108306997745
31 115.41268608373313
32 81.07691704580208
33 97.12297972634398
34 107.08533622467958
35 37.64435993242141
36 112.81570944141862
37 25.08699997579809
38 25.130548091234044
39 67.32880148493165
40 77.42090805693411
41 94.70715489079312
42 57.15040376571577
43 37.24289422607475
44 116.12002726926814
45 62.2373015605815
46 59.242478394443694
47 99.05929712057909
48 29.54375070375373
49 118.97122523961399
50 55.43167680646276
51 115.7442881309415
52 36.708480447354106
53 48.46748125074255
54 60.64246708715182
55 51.29837944554505
56 52.50024925223002
57 89.94424054616509
58 46.68572194673495
59 94.46383832757049
60 87.00780060526051
61 29.67333102915355
62 26.141175468841173
63 74.21471275178996
64 45.15024765631604
65 77.45661758395103
66 80.6766304782893
67 99.16127263123343
68 58.26742520565851
69 23.646779448140457
70 40.13016698814929
71 80.44224092276693
72 110.68865851393319
73 113.67837491744521
74 26.591870376739912
75 78.24460903460341
76 33.76837041098923
77 21.70410457868706
78 113.75663763583613
79 45.782180917594054
80 27.474573109678715
81 52.68497063940406
82 115.97983653356505
83 31.380459250564755
84 35.338975898172095
85 53.16203743795407
86 113.75272805917635
87 39.25683084892793
88 42.42506080955401
89 64.94133497525853
90 42.72477054404241
91 42.65148164516876
92 87.94317105109339
93 113.05239345050579
94 21.93496000483221
95 89.15581204914098
96 84.23929475774615
97 79.59476604362087
98 73.57466809529737
99 37.40157259422178
100 112.10686762967623
101 78.46586391070153
102 91.38948610117174
103 116.71535297100469
104 118.71862480674756
105 112.46725908680868
106 47.737770019435715
107 106.9094095113787
108 78.94811567929996
109 63.91557147403097
110 90.35876189725553
111 94.07128125613903
112 93.44822196485924
113 42.63794863629492
114 69.06329305390648
115 70.03102175302143
116 87.57663895524072
117 91.11103133060612
118 49.84523156685093
119 108.12629232935281
120 44.105919017652624
121 25.506248083089503
122 119.32201053016999
123 65.9519437882085
124 49.628393331423936
125 73.53313624469195
126 55.94770697521281
127 36.97217053789022
128 59.66387533272586
129 55.22633408046413
130 46.10231891624879
131 97.1896439753109
132 90.70074733182504
133 41.20078699692035
134 52.94602779169924
135 70.50756025097272
136 28.748686779039346
137 114.40358930629056
138 103.83739968917838
139 66.98679599960751
140 103.45392303840276
141 56.01981994068301
142 48.14963242707122
143 31.891918980225725
144 114.4255739855728
145 73.94364132664916
146 51.479107247529484
147 80.23606917711933
148 112.1443255711656
149 93.10479732999254
150 34.52567441720275
151 81.47627154306323
152 29.6722557144851
153 30.94460289233904
154 35.334225867630956
155 102.07701138447885
156 33.35538970850101
157 88.46436353931402
158 72.12231328699204
159 109.85140999560662
160 110.80815323950671
161 97.52315811546964
162 110.57868394535603
163 93.3057030552878
164 42.69154576633612
165 78.44071569632106
166 94.30277502812335
167 51.65413079006286
168 111.14455262131361
169 78.46511401386779
170 79.96538566343617
171 66.73776270828212
172 82.20095193071049
173 81.29388216232317
174 29.805853692779287
175 76.77217548982182
176 62.121307440676816
177 100.59102834286746
178 53.24127738342952
179 33.66534892014481
180 68.29261974924597
181 96.32137451765453
182 56.648435080850206
183 40.5884597916755
184 74.1957737011881
185 81.72756076936479
186 55.78924110202513
187 34.54878763705921
188 84.91353601766897
189 20.903881899854696
190 28.88569688640499
191 99.90523856196738
192 74.74954828648532
193 52.17515756264693
194 40.01050007109283
195 73.0834421706954
196 71.75142341308879
197 110.86760538942785
198 42.2445923580019
199 26.18883559450012
0 1
0 13
0 190
0 195
1 2
1 62
1 197
2 3
3 4
3 24
3 44
4 5
4 136
5 6
5 198
6 7
6 17
6 73
7 8
8 9
9 10
9 87
9 111
10 11
10 77
10 97
10 139
10 167
10 177
11 12
11 14
11 132
12 13
12 150
13 14
13 107
13 139
14 15
14 100
15 16
15 29
15 71
15 101
15 112
15 131
16 17
16 31
16 161
17 18
17 27
17 62
18 19
18 67
18 121
19 20
19 73
19 87
19 96
19 100
19 160
20 21
20 99
20 168
20 174
21 22
21 126
21 149
22 23
22 130
23 24
23 78
23 134
23 136
24 25
24 170
25 26
26 27
26 75
26 193
27 28
27 31
27 56
27 169
28 29
28 34
29 30
29 156
30 31
30 193
31 32
31 48
32 33
32 52
32 69
32 130
33 34
33 45
33 52
33 59
33 105
34 35
34 43
34 61
34 143
35 36
36 37
36 86
37 38
38 39
38 94
39 40
39 69
39 105
39 122
39 137
40 41
40 109
41 42
41 101
41 187
42 43
42 138
43 44
43 83
43 92
43 113
43 178
43 186
44 45
45 46
45 139
45 171
46 47
46 101
47 48
48 49
49 50
49 70
50 51
50 99
51 52
51 61
51 74
51 103
52 53
52 57
52 100
53 54
53 99
54 55
54 56
54 110
54 125
55 56
55 116
55 187
56 57
56 114
56 134
57 58
57 111
57 177
58 59
58 98
58 125
58 143
59 60
59 63
59 89
59 94
60 61
61 62
62 63
63 64
63 165
64 65
64 83
64 98
64 99
64 186
65 66
66 67
67 68
68 69
68 137
68 169
69 70
70 71
70 133
71 72
72 73
73 74
74 75
74 128
74 170
75 76
75 141
75 151
76 77
76 139
77 78
77 114
78 79
78 168
78 189
79 80
79 119
80 81
81 82
81 98
81 129
82 83
82 151
83 84
83 117
84 85
84 105
84 184
85 86
85 167
86 87
86 120
86 167
86 188
87 88
87 147
88 89
88 167
89 90
89 158
90 91
90 142
90 178
91 92
92 93
92 169
92 184
93 94
93 173
94 95
95 96
95 105
96 97
96 132
97 98
97 185
98 99
99 100
99 172
100 101
100 141
101 102
101 146
101 187
101 192
102 103
102 121
103 104
103 184
104 105
105 106
105 146
105 172
106 107
106 181
107 108
108 109
108 115
108 181
109 110
109 162
110 111
111 112
112 113
112 194
113 114
113 122
113 195
114 115
114 156
115 116
115 197
116 117
117 118
117 146
117 158
117 193
118 119
118 155
118 182
118 188
119 120
120 121
120 135
120 182
121 122
122 123
122 169
123 124
123 139
123 147
124 125
124 131
124 195
125 126
126 127
127 128
127 172
127 190
128 129
129 130
129 141
129 143
129 173
130 131
131 132
132 133
133 134
134 135
135 136
136 137
136 175
137 138
137 164
138 139
139 140
139 182
139 198
140 141
141 142
142 143
142 160
142 185
142 188
143 144
144 145
145 146
146 147
147 148
148 149
149 150
149 194
150 151
151 152
152 153
152 159
153 154
154 155
155 156
156 157
157 158
158 159
159 160
160 161
160 180
161 162
162 163
163 164
164 165
164 199
165 166
166 167
167 168
168 169
169 170
170 171
170 189
171 172
172 173
173 174
174 175
174 193
175 176
175 184
175 188
176 177
177 178
178 179
178 190
179 180
180 181
181 182
182 183
183 184
184 185
185 186
186 187
187 188
188 189
188 199
189 190
190 191
191 192
192 193
193 194
194 195
195 196
196 197
197 198
198 199
