0 57.11278717314969
1 31.343069474082697
2 58.547080492227494
3 46.02754358943634
4 101.46500383783895
5 69.52825742944938
6 65.39735358378371
7 80.87476595767191
8 69.29550741386836
9 101.31733502064425
10 112.34163351101566
11 25.976610216481816
12 28.747716821992274
13 45.100662819438746
14 30.510804540651858
15 28.011152621910796
16 51.13033052734389
17 80.33611313443124
18 82.47463564640282
19 103.26374114055128
20 32.03061648554318
21 83.18883661836121
22 60.96780928874279
23 111.20244408074085
24 88.64390645864876
25 78.39959866217515
26 36.78288267513091
27 58.01653107937964
28 108.5420881678544
29 76.0859463639253
30 52.58622759600498
31 84.80849112878126
32 100.20155149144048
33 97.43427763401183
34 111.0730391394104
35 69.44661555936095
36 48.833642325821266
37 31.619909953787968
38 85.66271268531715
39 98.52642876475761
40 112.40838563828355
41 107.79603295672302
42 89.84607481489911
43 46.45582903239206
44 102.23489373941621
45 110.62144722684998
46 77.33103369379917
47 32.370020671072666
48 80.05951414418851
49 115.55080192385974
50 109.2934220499123
51 112.39889345392108
52 69.36540102372689
53 70.99002304732147
54 117.32497566259623
55 104.75080590048823
56 22.404938854703552
57 108.42347432088148
58 111.08048356844817
59 38.14318276979074
60 106.46900693654548
61 118.74834328880742
62 28.161377545585463
63 60.30169100637857
64 72.99476934336627
65 93.30561745796257
66 100.4331236823747
67 42.5662745348847
68 51.336351635536
69 91.47596118006486
70 115.7589734061115
71 69.08357609124775
72 65.37039049258675
73 63.21265357866394
74 87.0427672899556
75 104.63184081668892
76 105.58110177143163
77 24.512699368107068
78 101.50865167943955
79 93.81567812653901
80 101.86719889107896
81 56.58114228728914
82 112.30572097961002
83 56.184545648351175
84 33.03559662855366
85 75.32244292513185
86 51.8107462610257
87 106.77016609546084
88 77.79454611546022
89 96.79677481667173
90 91.4123413611415
91 49.60455855382119
92 59.03147878601926
93 106.40796767675674
94 46.09500186544107
95 62.971703511574084
96 58.2584811425681
97 24.843688820786788
98 23.801705921524345
99 119.46231490180935
100 80.33099039436227
101 52.16743432890143
102 49.33882667099231
103 61.342579175032476
104 29.89297540865595
105 62.9657634130562
106 50.49735266789623
107 82.31414229690162
108 20.474492855180063
109 20.08312112865947
110 80.09945904865492
111 50.43399713230475
112 74.76518029370725
113 72.23049642921805
114 61.839777382457555
115 43.779383019510306
116 90.30990068428447
117 101.63309780713116
118 90.07568597727834
119 60.38417317365784
120 38.72041470313323
121 91.88609308824915
122 84.13127784872657
123 107.0396324680564
124 38.4696104427705
125 93.31639938345631
126 96.21470492595041
127 67.74387961474548
128 91.43245860212554
129 73.40239559735912
130 98.70876309333507
131 101.90072734035358
132 101.56056708770656
133 53.182357129477694
134 31.379809273789423
135 24.810035777691233
136 100.42479429557446
137 47.08627467890675
138 71.96017735251642
139 78.55809829218303
140 88.83309556551758
141 43.25470413385988
142 104.59445552043877
143 110.10797474213948
144 66.3284227178303
145 84.16209989926983
146 99.80015308218026
147 35.206118574854855
148 61.09410796226857
149 33.2410851979468
150 86.87840055317118
151 81.66302774008932
152 91.64188683946371
153 42.20794330513168
154 95.12052260415831
155 73.63207158538432
156 88.63032669990676
157 65.91858775712412
158 63.691481379980445
159 39.70203664841678
160 80.25909294745767
161 106.83810269983555
162 71.73128557118028
163 101.93536063543972
164 97.90714079819219
165 109.58592579514408
166 20.000703987883977
167 30.425412856100557
168 90.0305984138319
169 67.52259384986328
170 103.30770580158952
171 28.51259206832874
172 41.808720045156164
173 47.97289717046944
174 48.986238322730294
175 47.490405859179205
176 85.62397831581592
177 90.4342285014704
178 60.859123490486716
179 116.44915130488997
180 53.18502272226864
181 82.9977381264552
182 100.40195699247006
183 112.84613802063566
184 63.94885980135928
185 76.21391483154613
186 57.235124310814875
187 92.45789028156942
188 66.47129565012175
189 50.763017011108595
190 109.60613480675266
191 43.56110386596614
192 49.412311813959576
193 115.54478156651209
194 52.18468344856994
195 29.50557491881289
196 117.145731258075
197 76.18065596051724
198 73.27795644056172
199 36.283717918777384
0 1
0 33
0 38
0 52
0 62
0 68
0 169
0 170
1 2
1 17
1 37
1 97
1 121
1 135
1 176
1 183
2 3
2 14
2 18
2 21
2 110
2 123
2 142
3 4
3 8
3 19
3 26
3 54
3 59
3 70
3 74
3 93
3 122
3 128
3 168
3 173
3 182
4 5
4 7
4 69
4 80
4 135
4 150
4 167
4 170
4 174
5 6
5 40
5 59
5 64
5 67
5 111
5 118
5 138
5 144
5 146
5 157
6 7
6 10
6 35
6 60
6 71
6 79
6 154
6 168
6 198
7 8
7 22
7 32
7 40
7 48
7 63
7 71
7 75
7 80
7 109
7 110
7 133
7 167
8 9
8 29
8 31
8 43
8 63
8 68
8 83
8 106
8 107
8 127
8 150
8 179
8 186
8 188
9 10
9 56
9 61
9 88
9 138
9 142
9 161
9 181
9 186
9 195
10 11
10 27
10 34
10 127
10 136
10 138
10 146
10 152
10 167
10 178
11 12
11 31
11 33
11 63
11 70
11 99
11 105
11 145
11 197
11 199
12 13
12 20
12 25
12 43
12 61
12 71
12 81
12 122
12 126
12 136
12 159
12 162
12 197
13 14
13 20
13 43
13 82
13 100
13 120
13 159
13 190
14 15
14 17
14 49
14 64
14 86
14 92
14 95
14 96
14 100
14 123
14 125
15 16
15 33
15 48
15 63
15 74
15 75
15 86
15 156
15 165
15 177
16 17
16 34
16 61
16 67
16 99
16 122
16 124
16 140
16 169
16 171
16 198
17 18
17 48
17 62
17 63
17 64
17 82
17 112
17 113
17 129
17 148
17 150
17 175
18 19
18 29
18 32
18 37
18 91
18 115
18 148
18 164
18 165
18 166
18 186
18 194
19 20
19 45
19 107
19 116
19 118
19 141
19 182
19 197
20 21
20 96
20 141
20 174
20 176
21 22
21 24
21 25
21 50
21 52
21 56
21 68
21 72
21 87
21 100
21 158
21 162
21 172
21 180
21 199
22 23
22 25
22 43
22 56
22 73
22 93
22 121
22 123
22 132
22 133
22 158
22 165
23 24
23 28
23 35
23 80
23 81
23 119
23 121
23 141
23 158
23 183
24 25
24 37
24 47
24 98
24 110
24 114
24 144
24 146
24 160
24 197
25 26
25 30
25 39
25 79
25 86
25 132
25 168
25 185
25 192
26 27
26 41
26 74
26 78
26 96
26 117
26 127
26 135
26 139
26 145
26 180
27 28
27 33
27 38
27 39
27 94
27 147
27 158
27 184
28 29
28 31
28 69
28 85
28 87
28 98
28 106
28 107
28 121
28 148
29 30
29 33
29 56
29 57
29 85
29 92
29 97
29 108
29 112
29 119
29 134
29 153
29 184
30 31
30 91
30 131
30 166
30 190
30 192
30 193
31 32
31 43
31 75
31 80
31 109
31 135
31 152
31 167
31 179
32 33
32 34
32 39
32 61
32 78
32 85
32 111
32 119
32 123
32 169
33 34
33 42
33 52
33 78
33 79
33 171
33 174
33 176
34 35
34 47
34 48
34 63
34 100
34 103
34 116
34 158
34 184
34 186
34 198
35 36
35 37
35 47
35 81
35 90
35 93
35 103
35 113
35 120
35 125
35 128
35 129
35 139
35 143
35 147
35 149
35 153
36 37
36 41
36 77
36 82
36 115
36 139
36 155
36 181
37 38
37 80
37 83
37 86
37 95
37 97
37 127
37 169
37 174
38 39
38 56
38 72
38 104
38 108
38 150
38 178
39 40
39 45
39 59
39 97
39 99
39 119
39 160
39 194
40 41
40 70
40 86
40 104
40 106
40 146
40 177
40 183
41 42
41 67
41 69
41 94
41 106
41 118
41 122
41 145
41 176
41 177
41 193
42 43
42 55
42 56
42 74
42 112
42 116
42 117
42 124
42 132
42 151
42 164
42 165
42 170
42 178
42 182
42 183
42 191
42 198
43 44
43 90
43 115
43 124
44 45
44 60
44 115
44 144
44 178
44 193
45 46
45 50
45 54
45 60
45 61
45 66
45 71
45 78
45 90
45 118
45 148
45 174
45 177
46 47
46 51
46 55
46 164
46 183
46 184
46 185
46 191
47 48
47 53
47 88
47 96
47 107
47 132
47 133
47 134
47 155
47 162
47 199
48 49
48 63
48 83
48 84
48 96
48 97
48 99
48 120
48 175
49 50
49 73
49 105
49 124
49 135
49 141
49 149
49 151
49 152
49 164
49 168
49 189
49 190
50 51
50 63
50 91
50 105
50 128
50 143
50 167
50 169
50 170
50 187
50 194
51 52
51 60
51 70
51 139
51 171
51 181
51 194
52 53
52 68
52 70
52 91
52 109
52 154
52 169
52 174
52 178
52 186
53 54
53 61
53 81
53 89
53 108
53 135
53 143
53 167
53 171
53 194
53 195
54 55
54 132
54 140
54 142
55 56
55 69
55 80
55 88
55 120
55 121
55 183
56 57
56 91
56 106
56 115
56 130
56 135
56 138
56 147
56 148
56 154
56 166
56 167
56 196
57 58
57 65
57 85
57 96
57 99
57 102
57 156
58 59
58 88
58 151
58 159
58 169
58 175
58 177
59 60
59 62
59 113
59 192
59 198
60 61
60 96
60 134
60 142
60 144
60 179
61 62
61 75
61 122
61 161
61 168
61 171
62 63
62 64
62 122
62 128
62 150
62 167
62 183
63 64
63 70
63 79
63 121
63 127
63 162
63 169
63 187
63 195
64 65
64 101
64 141
64 146
64 148
64 195
65 66
65 90
65 93
65 121
65 144
65 180
66 67
66 72
66 140
66 150
67 68
67 104
67 133
67 187
67 197
68 69
68 73
68 86
68 90
68 110
68 127
68 138
68 153
68 160
68 173
69 70
69 79
69 103
69 136
69 154
69 165
69 192
70 71
70 78
70 81
70 115
70 177
70 179
71 72
71 122
71 155
72 73
72 81
72 106
72 111
72 131
72 188
73 74
73 99
73 110
73 129
73 154
73 176
74 75
74 177
75 76
75 77
75 150
75 151
75 152
75 183
75 198
76 77
76 92
76 129
76 170
76 177
77 78
77 110
77 174
77 186
77 187
77 199
78 79
78 85
78 113
78 126
78 155
78 192
78 196
78 198
79 80
79 84
79 124
79 134
79 177
80 81
80 106
80 128
80 129
80 151
80 158
80 192
81 82
81 114
81 116
81 130
81 170
81 178
81 181
81 190
82 83
82 111
82 126
82 158
82 187
83 84
83 137
83 146
83 161
83 163
83 167
83 168
84 85
84 155
84 172
85 86
85 137
85 195
86 87
86 116
86 121
86 129
86 165
86 189
86 190
86 199
87 88
87 92
87 101
87 118
87 129
87 131
87 144
87 164
87 178
87 179
88 89
88 111
88 120
88 136
88 175
89 90
89 120
89 142
89 155
89 158
89 162
90 91
90 92
90 96
90 105
90 113
90 114
90 154
90 177
90 184
90 191
90 198
91 92
91 97
91 101
91 107
91 116
91 123
91 130
91 141
91 160
92 93
92 96
92 103
92 105
92 190
93 94
93 127
93 172
93 184
94 95
94 98
94 104
94 118
94 176
94 184
94 192
95 96
95 97
95 109
95 141
95 151
95 161
95 184
95 191
95 199
96 97
96 181
96 198
97 98
97 185
98 99
98 109
98 119
98 158
98 164
98 183
98 192
98 196
99 100
99 110
99 128
99 135
99 159
99 172
99 196
100 101
100 102
100 127
100 156
100 184
101 102
101 104
101 123
101 134
101 145
101 149
101 154
101 170
101 189
102 103
102 105
102 143
102 151
102 155
102 193
103 104
103 124
103 152
103 154
103 167
103 192
103 196
104 105
104 120
104 131
104 187
105 106
105 146
105 166
105 185
105 195
106 107
106 116
106 151
106 153
106 157
106 161
107 108
107 110
107 117
107 135
107 145
107 180
107 187
108 109
108 118
108 136
108 148
108 149
108 152
109 110
109 126
109 136
109 140
109 180
109 196
110 111
110 114
110 129
110 130
110 131
110 132
110 151
111 112
111 123
111 155
111 158
111 159
111 184
112 113
112 131
112 140
112 191
113 114
113 132
113 150
113 172
113 181
113 182
114 115
114 124
114 128
114 160
114 176
114 179
114 182
115 116
115 121
115 138
115 162
116 117
116 129
116 145
116 162
116 163
117 118
117 126
117 146
117 163
117 198
118 119
118 123
118 152
119 120
119 124
119 153
119 156
119 171
120 121
120 137
120 151
120 158
120 185
121 122
121 136
121 157
121 164
121 177
121 192
122 123
122 148
122 154
122 165
122 192
122 194
123 124
123 167
123 180
123 181
124 125
124 143
124 157
124 166
124 179
124 191
125 126
125 127
125 176
125 184
125 192
125 197
126 127
126 128
126 152
126 158
126 188
127 128
127 135
127 164
127 191
128 129
128 136
128 158
128 167
128 172
128 174
128 175
129 130
129 160
129 168
129 179
130 131
130 137
131 132
132 133
132 136
132 151
132 176
133 134
133 182
134 135
134 138
134 150
135 136
135 142
135 162
135 177
135 183
135 187
136 137
136 138
136 140
136 166
136 178
136 185
136 189
136 196
137 138
137 139
137 153
137 158
137 159
137 162
137 197
138 139
138 140
138 191
139 140
139 147
139 159
139 171
139 177
139 186
140 141
140 151
140 188
141 142
141 175
142 143
142 155
142 162
142 166
142 168
142 183
142 195
143 144
143 156
143 158
143 166
143 172
143 185
143 187
143 193
143 198
144 145
144 146
144 161
145 146
145 158
145 159
145 161
145 181
145 186
145 192
146 147
146 175
147 148
147 149
147 150
147 171
148 149
148 168
148 183
148 185
149 150
149 153
149 164
149 191
150 151
150 155
150 198
151 152
151 177
152 153
152 161
152 168
152 189
153 154
153 175
153 177
153 189
153 195
154 155
154 183
154 185
155 156
155 161
155 182
156 157
156 166
156 174
157 158
157 162
157 185
157 194
158 159
158 167
158 173
158 175
159 160
159 170
159 196
159 197
159 199
160 161
160 169
160 196
161 162
162 163
162 174
162 180
162 195
162 198
163 164
163 193
163 199
164 165
164 169
164 185
165 166
165 183
165 184
166 167
166 179
166 190
167 168
167 191
167 197
168 169
168 174
169 170
169 180
170 171
170 197
171 172
171 198
172 173
172 174
173 174
173 181
173 182
174 175
175 176
175 181
175 184
176 177
176 196
177 178
177 182
177 195
178 179
179 180
179 188
179 192
180 181
181 182
181 191
182 183
183 184
183 189
184 185
184 194
184 199
185 186
186 187
186 198
187 188
188 189
189 190
189 194
189 196
190 191
191 192
192 193
193 194
194 195
195 196
196 197
197 198
198 199
