0 106.19657954035175
1 20.64427582982137
2 25.125898842914044
3 89.4219229323442
4 85.00512743861819
5 25.99091192416309
6 97.58286084526056
7 86.43955518256736
8 51.627511882219366
9 80.79938165707338
10 82.0104325821649
11 108.28681309168104
12 103.43338700271036
13 79.08112304599908
14 47.711428393913465
15 70.66783490686686
16 52.32392989080313
17 23.176638268692923
18 53.726914967336604
19 82.93757719118395
20 116.77663975447804
21 91.92270830714106
22 33.2078080712011
23 67.14874605931105
24 100.6624043489995
25 56.868869053435425
26 29.0621827211254
27 26.919521899560444
28 44.506809968512826
29 62.41533358267691
30 80.27104727552862
31 47.66812965367181
32 69.34034255211085
33 55.37345958792781
34 119.30036755691867
35 68.45164513631991
36 45.8798213050417
37 22.203781827989925
38 30.19741400301727
39 77.46288982663637
40 112.50599153786683
41 68.06550917664963
42 34.24457071299723
43 48.180650888674975
44 34.34992009156471
45 50.81530196804424
46 115.45393577241364
47 51.23487567488719
48 42.773468677973696
49 65.22205757382693
50 71.72119946393289
51 48.23987848225534
52 119.62679140221617
53 57.91833158314544
54 79.11743772179472
55 98.16502742986494
56 93.88840535848264
57 41.98793093784518
58 86.58259799573425
59 84.25378693439136
60 99.64114847077933
61 71.59313539287298
62 116.19467147169195
63 100.06836296518435
64 103.80986137437174
65 31.673867670373262
66 30.22358901254388
67 116.9286368813693
68 49.68438991907707
69 95.5050837065761
70 40.339181856083734
71 91.83048680244735
72 77.9741248228962
73 103.77755536259752
74 76.62755771638155
75 64.86995780929306
76 80.98793306603707
77 22.871092725562097
78 104.48051578186619
79 38.26619984559742
80 117.50602159348871
81 47.11818362140388
82 75.9577042134919
83 25.267464686638192
84 66.00790795117913
85 20.109944159846165
86 28.881422553425367
87 106.54086295229475
88 22.143355944287695
89 63.475152193545505
90 101.70909226350047
91 34.08802290400383
92 52.68075402765543
93 118.06705000301713
94 115.13864321739904
95 78.29512610006964
96 102.64010402790075
97 22.12155033650466
98 82.43709881825289
99 22.41729656188393
100 114.91542576527577
101 73.70429722664377
102 49.64294645988941
103 70.6136457083526
104 62.41401985444212
105 50.64304014856406
106 34.07791387322492
107 50.59070359887963
108 111.58777519568034
109 90.14561795898825
110 25.01399743534402
111 59.97843242151948
112 33.20421073440016
113 62.43276502220263
114 33.87671519494587
115 26.754298645070833
116 51.30276772120192
117 107.96889979288395
118 33.025725255004915
119 28.347439248062642
120 74.5043826675674
121 46.25290326734388
122 101.93911305808442
123 41.49622124907199
124 85.19013572742513
125 105.63484676981543
126 107.53777476908529
127 75.49901373457536
128 71.53732836680797
129 68.25350669502345
130 81.42153053383288
131 75.18931471727103
132 74.99910769453331
133 71.9434362324379
134 20.94870613539947
135 66.78284716646039
136 91.53629952330832
137 61.83923005190079
138 33.37611669841318
139 59.68556736987927
140 108.75784491459856
141 38.40858432774852
142 62.686528553663486
143 110.41804819933968
144 83.09889337155678
145 105.77458886100749
146 87.26582030537922
147 101.00296133572398
148 61.2631780613641
149 84.44166013774041
150 53.25223091313415
151 83.4789478360447
152 28.379078024362574
153 115.9183791263051
154 113.16526226873249
155 94.64540676744345
156 21.666315207751445
157 53.23444855376447
158 72.33190094821015
159 50.709293700544166
160 82.8829694998241
161 100.9778465375555
162 106.6630337554676
163 90.19632797256438
164 35.42010683211914
165 41.23220261648811
166 104.49308149356007
167 45.305415936773386
168 62.63399310619594
169 57.673282591501646
170 102.4810008650933
171 86.82658604764454
172 32.853513331473636
173 49.0874219455209
174 30.980980020316732
175 105.80902640901178
176 63.473063713248486
177 105.70362856033955
178 57.826320925843234
179 66.35730972636667
180 41.638889639922965
181 106.98495998263523
182 21.130148007406227
183 88.2502581186887
184 22.259394479269183
185 87.90374758714378
186 71.49171338715966
187 95.51829295173414
188 105.41773321563218
189 112.229085496781
190 101.90727836704768
191 97.68157298665204
192 54.73755887654485
193 85.98394360405317
194 29.71966426113266
195 54.042571861448366
196 55.850479447190665
197 41.98314950359629
198 109.10072034215658
199 108.24317397304333
0 1
0 26
0 28
0 50
0 70
0 81
0 102
0 104
0 125
0 131
0 188
1 2
1 3
1 4
1 26
1 41
1 47
1 59
1 69
1 86
1 88
1 93
1 104
1 129
1 138
1 177
2 3
2 39
2 43
2 57
2 79
2 87
2 94
2 132
2 133
2 148
2 172
3 4
3 24
3 27
3 48
3 92
3 114
3 141
3 144
3 158
3 166
3 185
4 5
4 26
4 80
4 107
4 145
4 174
4 199
5 6
5 31
5 54
5 83
5 91
5 102
5 108
5 114
5 140
5 150
5 152
5 165
5 177
5 190
6 7
6 27
6 53
6 67
6 110
6 119
6 139
6 175
7 8
7 21
7 55
7 60
7 70
7 84
7 103
7 112
7 115
7 117
7 118
7 124
7 140
7 143
7 151
7 167
7 198
8 9
8 23
8 25
8 26
8 38
8 47
8 54
8 57
8 66
8 70
8 84
8 105
8 138
8 148
8 149
8 156
8 168
8 172
8 183
9 10
9 15
9 33
9 50
9 54
9 67
9 79
9 81
9 85
9 100
9 102
9 105
9 106
9 108
9 130
9 133
9 184
10 11
10 49
10 59
10 75
10 129
10 145
10 155
10 173
10 189
10 193
11 12
11 23
11 33
11 40
11 51
11 115
11 124
11 157
11 166
11 179
12 13
12 40
12 42
12 46
12 47
12 91
12 97
12 111
12 124
12 125
12 144
12 177
12 178
12 186
12 196
12 197
13 14
13 88
13 104
13 118
13 137
13 177
13 184
13 188
14 15
14 53
14 73
14 117
14 141
15 16
15 24
15 55
15 70
15 102
15 103
15 115
15 131
15 144
15 146
15 163
15 173
15 188
15 193
15 197
16 17
16 69
16 73
16 99
16 108
16 110
16 134
16 141
16 170
17 18
17 31
17 119
18 19
18 100
18 109
18 145
18 147
18 189
18 196
19 20
19 25
19 28
19 39
19 56
19 59
19 74
19 95
19 109
19 111
19 125
19 166
19 176
19 182
19 186
19 199
20 21
20 40
20 63
20 97
20 107
20 119
20 126
20 164
20 165
20 191
21 22
21 41
21 62
21 69
21 86
21 87
21 95
21 105
21 134
21 185
21 193
22 23
22 26
22 41
22 45
22 61
22 105
22 125
22 131
22 132
22 133
22 134
22 155
22 186
22 195
23 24
23 43
23 48
23 51
23 101
23 109
23 114
23 120
23 121
23 127
23 186
24 25
24 43
24 46
24 66
24 73
24 101
24 113
24 164
24 183
25 26
25 52
25 53
25 62
25 121
25 136
25 140
25 152
25 166
25 168
25 169
25 180
25 184
26 27
26 59
26 103
26 130
26 132
26 151
27 28
27 97
27 110
27 121
27 126
27 151
27 169
27 178
27 197
27 198
28 29
28 31
28 68
28 110
28 111
28 121
28 134
28 151
28 164
28 192
28 195
29 30
29 82
29 147
29 153
29 162
29 175
30 31
30 55
30 68
30 71
30 88
30 114
30 133
30 136
30 142
30 143
30 147
30 157
30 173
30 191
31 32
31 33
31 44
31 51
31 55
31 81
31 86
31 118
31 127
31 133
31 137
31 159
31 181
31 182
31 192
31 199
32 33
32 38
32 64
32 65
32 87
32 100
32 110
32 125
32 135
32 139
32 147
32 156
32 166
32 190
33 34
33 43
33 75
33 85
33 114
33 172
34 35
34 51
34 57
34 77
34 86
34 106
34 145
34 152
34 163
34 164
34 181
34 185
35 36
35 50
35 53
35 119
35 133
35 134
35 175
35 176
36 37
36 44
36 96
36 107
36 124
36 131
36 152
36 160
36 199
37 38
37 135
37 137
37 146
37 152
37 155
37 158
37 165
37 167
38 39
38 46
38 90
38 115
38 124
38 135
38 141
38 153
38 167
38 171
39 40
39 41
39 42
39 88
39 135
39 140
39 179
39 198
39 199
40 41
40 51
40 69
40 84
40 114
40 119
40 145
40 147
40 165
40 172
40 177
41 42
41 46
41 53
41 65
41 74
41 125
41 135
41 145
41 149
41 161
41 166
41 188
42 43
42 50
42 53
42 54
42 89
42 101
42 110
42 130
42 144
42 157
43 44
43 47
43 60
43 66
43 67
43 79
43 92
43 105
43 106
43 157
43 167
44 45
44 53
44 83
44 107
44 112
44 114
44 150
44 175
45 46
45 47
45 52
45 56
45 92
45 130
45 172
46 47
46 60
46 99
46 121
46 124
46 136
46 148
46 155
46 158
46 194
47 48
47 49
47 96
47 97
47 104
47 105
47 114
47 147
47 177
47 187
47 190
48 49
48 68
48 78
48 80
48 93
48 97
48 106
48 110
48 124
48 147
48 172
48 181
49 50
49 75
49 112
50 51
50 55
50 72
50 90
50 96
50 98
50 101
50 142
50 156
50 157
50 173
50 182
50 183
51 52
51 100
51 111
51 131
51 144
51 161
51 198
52 53
52 66
52 79
52 105
52 113
52 120
52 121
52 128
52 129
52 164
52 172
52 174
52 180
53 54
53 90
53 92
53 97
53 137
53 138
53 149
53 151
53 156
53 196
54 55
54 99
54 112
54 133
54 135
54 159
54 163
54 164
55 56
55 57
55 77
55 106
55 139
55 158
55 180
56 57
56 60
56 87
56 100
56 107
56 155
56 191
57 58
57 77
57 109
57 136
57 143
57 157
57 168
57 170
57 174
58 59
58 84
58 86
58 96
58 172
58 185
58 186
59 60
59 94
59 107
59 125
59 130
59 141
59 157
59 183
59 195
59 199
60 61
60 86
60 162
60 193
61 62
61 74
61 104
61 148
61 168
62 63
62 121
62 128
62 146
63 64
63 116
63 121
63 147
63 149
63 198
64 65
64 134
64 135
64 150
65 66
65 84
65 125
65 132
65 144
65 164
65 193
66 67
66 81
66 132
66 138
66 178
67 68
67 132
67 151
68 69
68 96
68 133
68 142
68 153
68 177
68 186
68 189
68 192
69 70
69 71
69 75
69 92
69 96
69 98
69 111
69 112
69 128
69 151
69 160
69 161
69 164
70 71
70 125
70 136
70 144
70 145
71 72
71 86
71 96
71 97
71 124
71 128
71 149
71 162
71 174
72 73
72 86
72 94
72 96
72 152
72 154
72 157
72 163
72 167
72 169
72 177
72 180
72 182
73 74
73 99
73 100
73 138
73 174
73 184
74 75
74 93
74 98
74 105
74 120
74 129
74 137
74 153
74 160
74 196
75 76
75 87
75 119
75 124
75 154
75 194
76 77
76 97
76 142
76 143
76 164
77 78
77 92
77 97
77 117
77 158
77 159
77 168
77 184
78 79
78 103
78 121
78 157
78 190
78 191
79 80
79 136
79 180
79 185
80 81
80 86
80 111
80 120
80 148
80 156
80 197
81 82
81 101
81 153
81 187
81 196
82 83
82 100
82 110
82 160
82 178
83 84
83 102
83 134
83 136
83 143
83 168
83 194
84 85
84 95
84 120
84 160
84 195
85 86
85 89
85 154
85 156
85 175
85 196
86 87
86 146
86 147
86 155
87 88
87 90
87 98
87 138
87 157
87 158
87 160
87 166
87 172
87 179
88 89
88 129
88 133
88 137
88 145
89 90
89 168
89 190
89 193
90 91
90 98
90 119
90 122
90 123
90 154
90 159
90 177
91 92
91 118
91 148
91 150
91 161
91 165
91 176
91 192
92 93
92 109
92 118
92 135
92 183
92 193
92 196
93 94
93 114
93 127
93 141
93 151
93 192
94 95
94 107
94 175
95 96
95 106
95 176
95 194
96 97
96 108
96 128
96 137
96 158
96 173
96 189
97 98
97 99
97 110
97 133
97 142
97 150
97 174
97 179
97 182
97 184
98 99
98 153
98 162
98 173
98 180
99 100
99 104
99 108
99 125
99 128
99 190
100 101
100 130
100 137
100 170
101 102
101 121
101 125
101 147
101 182
101 197
102 103
102 149
102 157
102 164
102 172
102 179
102 181
102 183
103 104
103 115
103 132
103 144
103 171
104 105
104 122
104 174
105 106
105 108
105 110
105 111
105 124
105 160
105 181
106 107
106 165
107 108
107 156
107 167
107 196
108 109
108 111
108 122
108 123
108 168
108 169
108 186
109 110
109 114
109 174
109 190
110 111
110 168
110 169
111 112
111 117
111 135
111 149
111 159
112 113
112 137
112 157
112 197
112 199
113 114
113 166
113 199
114 115
115 116
115 136
115 138
115 167
115 170
115 172
116 117
116 121
116 179
116 184
116 196
117 118
117 123
117 130
117 192
118 119
118 122
118 125
118 133
118 145
118 147
118 155
118 174
118 175
118 184
118 199
119 120
119 121
119 157
120 121
120 144
120 145
120 176
121 122
121 143
121 154
121 158
121 173
121 193
122 123
122 135
122 160
122 174
122 176
122 177
122 183
122 189
123 124
123 139
123 149
124 125
124 145
124 154
124 159
124 183
124 184
124 190
125 126
125 141
125 143
125 158
125 163
125 183
126 127
126 129
126 133
126 161
127 128
127 166
127 192
127 198
128 129
128 148
129 130
129 132
129 153
129 155
129 162
129 195
130 131
130 151
130 184
130 195
131 132
131 143
131 145
131 151
131 157
131 158
131 176
131 188
132 133
132 141
132 151
132 173
132 191
132 194
133 134
133 165
133 179
134 135
134 166
134 171
134 184
135 136
135 137
135 154
135 170
135 174
136 137
136 143
136 182
136 194
136 197
137 138
137 191
137 199
138 139
138 150
139 140
139 148
139 153
139 154
139 159
139 186
140 141
140 168
140 174
140 175
141 142
141 154
141 197
142 143
142 159
142 178
142 183
143 144
143 175
143 184
143 185
144 145
144 168
144 185
144 194
145 146
145 155
145 167
146 147
146 149
146 158
147 148
147 152
147 164
147 191
147 199
148 149
148 193
149 150
149 171
150 151
150 184
151 152
151 178
152 153
152 159
152 164
152 188
153 154
153 177
153 184
153 194
153 198
154 155
154 163
154 189
155 156
155 175
155 179
155 188
155 190
155 196
155 198
156 157
156 198
157 158
157 189
157 196
158 159
158 183
158 185
159 160
159 175
159 197
160 161
161 162
161 169
161 189
162 163
162 173
163 164
163 194
164 165
164 175
165 166
165 173
166 167
166 197
167 168
167 175
168 169
169 170
169 176
169 199
170 171
171 172
172 173
172 194
172 199
173 174
174 175
174 190
175 176
175 193
176 177
176 183
176 194
177 178
178 179
178 184
178 194
178 197
179 180
180 181
181 182
182 183
183 184
184 185
184 187
184 191
184 196
184 198
185 186
186 187
187 188
188 189
189 190
190 191
191 192
191 199
192 193
193 194
194 195
195 196
196 197
197 198
198 199
