0 21.11292811574145
1 21.047695507381853
2 70.74291218123413
3 114.39922218482401
4 87.96865090449579
5 87.42048145313397
6 64.0508723142517
7 91.89347880305051
8 115.70937016954943
9 114.40772104999297
10 83.7258950728472
11 25.458341268891253
12 87.79656638514527
13 43.02946526790865
14 69.02316492137882
15 113.04156102343585
16 109.22095177750155
17 115.30704999692784
18 114.1520804696513
19 90.52549068943861
20 101.59036798045302
21 52.23685208702696
22 87.07062046149277
23 87.48027426543469
24 104.1213900865626
25 65.18011924923206
26 102.13419009046824
27 105.06754804550918
28 105.75743726612708
29 119.37309362791517
30 93.35489613545722
31 20.785212828487282
32 108.73381412509008
33 103.51559671826638
34 86.68742988086721
35 99.06023008148571
36 77.1327803781291
37 97.77506064219479
38 49.542801343181
39 114.13781052609824
40 55.31938875882825
41 74.04697563352973
42 103.64142906556411
43 72.28176437796057
44 50.62149750918128
45 106.9416091885914
46 23.352142843916862
47 53.99218607344707
48 62.215020013021984
49 21.720732588292904
50 105.8238956017032
51 83.76306021137233
52 103.89812165246309
53 56.28702499756894
54 91.50209678308535
55 74.84378621176123
56 112.28574257536741
57 68.33272618024861
58 34.031623586070566
59 89.53499257534024
60 53.92847155190473
61 75.88300285459022
62 67.08377089208517
63 101.74047725649285
64 44.95744431122561
65 79.72341810947955
66 92.30449450228173
67 47.81344204136275
68 75.0796433293874
69 79.57977806830051
70 117.36653113311374
71 104.17667801433998
72 84.09553233110658
73 62.422563043569916
74 106.01805496186982
75 35.76268582536062
76 73.58375818110947
77 110.89702597234248
78 63.05575982074993
79 118.01117954074738
80 48.99516489446923
81 52.63397816942667
82 66.31035678374269
83 46.97780136418221
84 78.12110327941551
85 47.07516515354968
86 75.01766494086374
87 117.0492752303073
88 20.748694668037697
89 85.45103948669355
90 89.35862343948378
91 63.82667404326059
92 31.28826166566314
93 61.67769004098246
94 109.48671605646429
95 40.92981467419918
96 61.2559230357642
97 57.19350309633753
98 44.02140561216504
99 23.792262183902128
100 91.71690030792213
101 71.13514992210179
102 47.77142710388832
103 110.95781744307612
104 107.14280725334805
105 118.75629630411635
106 26.36184279526931
107 23.955719127034428
108 81.60880838378958
109 115.621403745835
110 31.474004099470214
111 90.52328034610389
112 85.85423132031207
113 62.8608894584937
114 84.56764376050029
115 32.7610173262547
116 39.452813983922525
117 49.652771504119386
118 109.23956390399287
119 71.74676589578696
120 26.186487577952516
121 93.09989855811749
122 22.78343634869007
123 103.2016869529936
124 62.68921823522991
125 42.8007227275486
126 36.05051284557554
127 94.99244650748034
128 60.525071710525026
129 87.66550049116313
130 37.371074825666525
131 106.57030424088055
132 50.08736982391842
133 115.90870128002398
134 91.08170715673772
135 32.88919588851219
136 41.05342251176346
137 95.6523265878765
138 64.113572393626
139 30.91134579741626
140 78.6019824094895
141 63.203732203441966
142 105.13204735623012
143 95.50035520715836
144 117.1982456019389
145 28.82544689599938
146 39.8782448646992
147 113.31803591439945
148 74.47385292761058
149 35.69343289412023
150 113.64808606306217
151 38.2828213757478
152 46.57701892994346
153 36.74405647117291
154 107.25472191138498
155 100.21380981073607
156 63.34057656743566
157 86.23904530472855
158 76.35533490093012
159 79.4760544907599
160 36.71333638194106
161 78.13150961961541
162 115.68341860606236
163 54.75903101494939
164 109.12291120589134
165 101.69511368860158
166 29.51283731448815
167 58.56164505867039
168 39.7856865860119
169 26.382302209298796
170 97.5901348401265
171 55.52356719456707
172 76.45239229991043
173 72.50644618688365
174 61.80666985886626
175 92.43406114720612
176 47.675307588113675
177 72.09666363313883
178 23.042362668971766
179 55.56587530569093
180 76.40582345198078
181 75.15297359951111
182 29.89797380160676
183 110.92321683582388
184 59.57873907570214
185 110.53334587443722
186 61.44295650738087
187 96.05917876324203
188 80.31230101946173
189 67.83313246461213
190 54.64116842255187
191 78.3094396367641
192 119.45070313857917
193 26.87124965140633
194 103.77677676892334
195 93.60542103279897
196 111.39835104437861
197 24.776398453316034
198 63.987941145331675
199 32.47153861019707
0 1
0 8
0 18
0 30
0 38
0 41
0 66
0 79
0 85
0 94
0 142
0 149
0 168
0 173
0 181
0 189
0 194
1 2
1 4
1 25
1 36
1 41
1 49
1 59
1 63
1 93
1 96
1 97
1 116
1 128
1 145
1 157
1 176
2 3
2 11
2 12
2 19
2 25
2 34
2 46
2 56
2 68
2 72
2 84
2 91
2 99
2 106
2 142
2 162
2 177
2 192
3 4
3 6
3 10
3 11
3 53
3 77
3 90
3 102
3 104
3 109
3 114
3 130
3 141
3 145
3 166
3 172
3 186
3 193
4 5
4 12
4 14
4 16
4 31
4 35
4 44
4 45
4 52
4 71
4 111
4 130
4 141
4 143
4 172
4 175
4 187
4 195
4 196
4 198
5 6
5 8
5 10
5 47
5 72
5 75
5 76
5 82
5 99
5 115
5 137
5 139
5 159
5 182
5 191
6 7
6 11
6 26
6 35
6 37
6 52
6 54
6 71
6 74
6 123
6 135
6 151
6 152
6 153
6 193
7 8
7 11
7 26
7 29
7 32
7 43
7 67
7 74
7 103
7 137
7 140
7 142
7 157
7 165
7 182
7 196
8 9
8 19
8 23
8 42
8 50
8 57
8 70
8 75
8 81
8 83
8 94
8 112
8 114
8 169
8 190
9 10
9 12
9 20
9 23
9 34
9 40
9 69
9 120
9 127
9 146
9 149
9 171
9 177
9 188
10 11
10 17
10 40
10 42
10 45
10 72
10 82
10 110
10 115
10 117
10 133
10 134
10 165
10 174
10 178
10 182
10 196
11 12
11 20
11 51
11 55
11 57
11 59
11 89
11 100
11 111
11 123
11 127
11 143
11 145
11 146
11 175
11 177
11 180
11 187
11 193
12 13
12 15
12 16
12 34
12 40
12 54
12 57
12 58
12 68
12 79
12 108
12 112
12 114
12 117
12 121
12 129
12 131
12 142
12 157
12 164
12 187
13 14
13 27
13 35
13 41
13 50
13 55
13 60
13 97
13 99
13 103
13 104
13 110
13 113
13 119
13 122
13 139
13 141
13 143
13 177
13 178
13 183
13 194
14 15
14 23
14 24
14 33
14 68
14 75
14 105
14 111
14 122
14 125
14 139
14 173
14 181
14 196
14 198
14 199
15 16
15 21
15 30
15 35
15 63
15 89
15 109
15 114
15 120
15 122
15 146
15 175
16 17
16 23
16 28
16 43
16 50
16 61
16 64
16 76
16 78
16 93
16 102
16 116
16 117
16 129
16 157
16 164
16 173
16 177
16 179
16 188
16 196
17 18
17 29
17 44
17 54
17 58
17 71
17 86
17 106
17 116
17 128
17 162
17 167
17 173
17 182
17 188
17 189
17 195
17 196
18 19
18 22
18 39
18 40
18 56
18 64
18 68
18 76
18 81
18 85
18 90
18 91
18 93
18 100
18 106
18 126
18 129
18 133
18 139
18 159
18 167
18 169
18 179
18 183
18 190
18 195
18 196
19 20
19 21
19 22
19 30
19 36
19 48
19 50
19 53
19 60
19 69
19 86
19 93
19 102
19 106
19 110
19 111
19 120
19 124
19 126
19 132
19 139
19 186
19 190
19 194
20 21
20 23
20 37
20 39
20 55
20 62
20 89
20 117
20 134
20 139
20 140
20 146
20 151
20 166
20 176
20 196
21 22
21 31
21 38
21 44
21 45
21 51
21 59
21 63
21 77
21 93
21 112
21 115
21 125
21 131
21 141
21 144
21 145
21 148
21 154
21 171
21 180
21 194
21 195
22 23
22 30
22 31
22 33
22 40
22 53
22 58
22 63
22 65
22 85
22 95
22 103
22 142
22 151
22 169
22 182
22 191
22 193
23 24
23 35
23 36
23 42
23 58
23 77
23 92
23 94
23 97
23 112
23 117
23 121
23 135
23 143
23 160
23 175
23 181
23 186
23 189
23 199
24 25
24 26
24 31
24 52
24 55
24 56
24 72
24 86
24 89
24 94
24 109
24 116
24 122
24 131
24 148
24 159
24 170
24 171
24 190
24 192
25 26
25 61
25 66
25 67
25 71
25 73
25 102
25 107
25 109
25 115
25 134
25 163
25 164
25 177
25 186
25 187
25 198
25 199
26 27
26 52
26 61
26 64
26 66
26 67
26 73
26 77
26 91
26 99
26 115
26 122
26 128
26 132
26 142
26 155
26 161
26 162
27 28
27 36
27 40
27 51
27 74
27 77
27 79
27 97
27 115
27 120
27 121
27 158
27 164
27 165
27 170
27 185
27 190
28 29
28 42
28 44
28 81
28 101
28 120
28 138
28 156
28 168
28 172
28 181
28 186
28 192
28 199
29 30
29 47
29 49
29 52
29 57
29 63
29 70
29 74
29 86
29 113
29 135
29 141
29 160
29 174
29 199
30 31
30 36
30 53
30 58
30 66
30 70
30 71
30 78
30 80
30 87
30 98
30 106
30 125
30 126
30 132
30 137
30 141
30 144
30 149
30 154
30 175
30 176
30 186
31 32
31 45
31 48
31 49
31 84
31 88
31 122
31 144
31 148
31 199
32 33
32 39
32 72
32 81
32 89
32 92
32 100
32 102
32 105
32 122
32 126
32 128
32 131
32 133
32 139
32 147
32 188
32 194
33 34
33 42
33 57
33 73
33 95
33 98
33 114
33 126
33 137
33 143
33 155
33 177
33 197
33 199
34 35
34 40
34 48
34 57
34 66
34 74
34 86
34 92
34 93
34 119
34 120
34 130
34 141
34 152
34 154
34 168
34 171
34 172
34 175
35 36
35 52
35 95
35 99
35 134
35 141
35 154
35 158
35 161
35 169
35 170
35 175
35 181
35 183
36 37
36 66
36 67
36 85
36 99
36 103
36 104
36 110
36 113
36 125
36 139
36 161
36 174
36 180
36 186
36 194
36 197
37 38
37 58
37 64
37 67
37 69
37 76
37 100
37 105
37 110
37 126
37 131
37 137
37 163
37 176
37 183
38 39
38 49
38 56
38 67
38 88
38 89
38 103
38 123
38 134
38 135
38 136
38 139
38 141
38 147
38 148
38 156
38 176
38 192
39 40
39 55
39 64
39 91
39 97
39 102
39 104
39 109
39 126
39 156
39 177
39 182
39 189
39 193
40 41
40 51
40 54
40 69
40 75
40 81
40 83
40 94
40 106
40 121
40 149
40 164
40 182
41 42
41 47
41 48
41 78
41 105
41 110
41 121
41 124
41 127
41 137
41 145
41 152
41 154
41 176
41 190
42 43
42 46
42 57
42 61
42 68
42 72
42 73
42 95
42 112
42 154
42 184
42 195
43 44
43 51
43 57
43 72
43 74
43 76
43 90
43 104
43 106
43 108
43 124
43 132
43 138
43 156
43 164
43 189
44 45
44 49
44 53
44 54
44 77
44 81
44 87
44 94
44 113
44 116
44 134
44 137
44 143
44 150
44 157
44 159
44 176
44 180
44 186
44 192
45 46
45 58
45 63
45 83
45 87
45 89
45 93
45 102
45 110
45 119
45 130
45 139
45 146
45 167
45 174
45 196
46 47
46 48
46 72
46 73
46 97
46 112
46 125
46 135
46 138
46 140
46 154
46 156
46 164
46 169
46 174
46 179
47 48
47 54
47 68
47 83
47 88
47 113
47 129
47 137
47 146
47 147
47 148
47 182
47 194
47 195
48 49
48 67
48 102
48 117
48 155
48 190
49 50
49 56
49 67
49 68
49 74
49 75
49 80
49 81
49 95
49 111
49 128
49 134
49 137
49 139
49 157
50 51
50 59
50 76
50 84
50 92
50 132
50 133
50 140
50 153
50 164
50 176
50 179
50 181
50 187
50 188
50 192
50 194
50 195
50 196
51 52
51 55
51 56
51 57
51 64
51 67
51 81
51 89
51 97
51 108
51 113
51 116
51 117
51 119
51 124
51 140
51 142
51 145
51 149
51 161
51 168
52 53
52 56
52 60
52 69
52 70
52 73
52 78
52 87
52 101
52 107
52 113
52 120
52 143
52 150
52 161
52 175
52 178
53 54
53 82
53 89
53 103
53 112
53 116
53 120
53 139
53 164
53 174
53 177
53 185
53 196
54 55
54 67
54 73
54 75
54 79
54 121
54 159
54 169
54 193
55 56
55 82
55 94
55 95
55 116
55 119
55 140
55 164
55 180
55 190
55 194
56 57
56 58
56 59
56 62
56 74
56 79
56 102
56 118
56 122
56 161
56 164
56 168
56 174
56 186
56 190
56 195
56 197
57 58
57 73
57 74
57 78
57 90
57 92
57 93
57 103
57 155
57 156
57 172
58 59
58 63
58 69
58 72
58 77
58 105
58 154
58 164
58 184
58 196
59 60
59 63
59 73
59 101
59 102
59 125
59 126
59 132
59 139
59 146
59 147
59 164
59 171
59 175
59 177
59 181
59 183
59 196
60 61
60 81
60 92
60 97
60 106
60 120
60 122
60 123
60 132
60 140
60 147
60 166
60 169
61 62
61 70
61 75
61 92
61 94
61 113
61 114
61 115
61 128
61 162
61 170
61 179
61 185
62 63
62 68
62 85
62 96
62 97
62 102
62 113
62 127
62 175
62 176
62 190
62 192
62 196
63 64
63 87
63 98
63 103
63 110
63 147
63 167
63 175
63 180
63 186
63 190
64 65
64 72
64 88
64 89
64 95
64 123
64 142
64 151
64 152
64 182
64 192
64 197
64 199
65 66
65 107
65 109
65 135
65 157
65 173
65 175
65 194
65 197
66 67
66 72
66 80
66 125
66 147
66 161
66 162
66 191
66 192
67 68
67 81
67 82
67 96
67 97
67 100
67 105
67 114
67 141
67 150
67 168
67 182
67 187
68 69
68 70
68 88
68 115
68 118
68 193
68 196
69 70
69 103
69 104
69 119
69 135
69 143
69 165
69 181
69 182
69 185
69 186
70 71
70 86
70 96
70 118
70 127
70 150
70 170
70 185
70 190
70 191
70 192
71 72
71 73
71 75
71 78
71 81
71 105
71 109
71 121
71 123
71 146
71 161
71 174
71 176
71 189
71 190
71 199
72 73
72 99
72 128
72 136
72 141
72 145
72 152
72 167
72 169
72 174
72 176
72 188
72 197
73 74
73 88
73 92
73 104
73 105
73 115
73 134
73 148
73 156
73 161
73 162
73 185
73 188
73 192
73 194
74 75
74 105
74 120
74 133
74 146
74 147
74 148
74 177
74 188
75 76
75 77
75 80
75 83
75 99
75 101
75 110
75 128
75 129
75 141
75 148
75 151
75 167
75 170
75 173
75 181
75 188
76 77
76 90
76 100
76 115
76 117
76 120
76 135
76 162
76 176
76 183
76 196
76 198
77 78
77 84
77 102
77 108
77 124
77 127
77 131
77 135
77 139
77 141
77 154
77 167
77 173
77 175
77 176
77 179
77 190
78 79
78 80
78 81
78 83
78 88
78 99
78 109
78 132
78 133
78 137
78 181
78 188
78 190
78 194
79 80
79 81
79 87
79 102
79 105
79 107
79 115
79 134
79 140
79 145
79 148
79 161
79 169
79 172
79 178
79 180
79 190
79 194
79 197
80 81
80 114
80 122
80 124
80 125
80 135
80 166
81 82
81 83
81 85
81 105
81 119
81 120
81 135
81 139
81 140
81 145
81 154
81 177
81 183
81 192
81 198
82 83
82 88
82 89
82 108
82 122
82 124
82 142
82 143
82 161
82 163
82 167
82 176
82 199
83 84
83 103
83 111
83 117
83 121
83 136
83 145
83 151
83 153
83 154
83 159
83 168
83 183
84 85
84 86
84 90
84 98
84 102
84 108
84 110
84 122
84 146
84 155
84 156
84 157
84 174
84 176
85 86
85 97
85 104
85 116
85 118
85 159
85 172
85 184
85 187
85 189
85 190
85 195
85 198
86 87
86 126
86 131
86 133
86 162
86 164
86 176
86 189
87 88
87 111
87 117
87 128
87 130
87 135
87 179
87 187
87 191
88 89
88 111
88 139
88 140
88 142
88 155
88 162
88 167
88 181
89 90
89 100
89 108
89 111
89 119
89 142
89 164
89 168
89 184
89 199
90 91
90 102
90 104
90 111
90 135
90 149
90 158
91 92
91 97
91 106
91 107
91 115
91 127
91 128
91 130
91 138
91 142
91 152
91 155
92 93
92 104
92 110
92 115
92 120
92 147
92 149
92 161
92 164
92 166
92 170
92 191
93 94
93 112
93 128
93 174
93 183
93 186
94 95
94 150
94 151
94 171
94 175
94 179
94 182
94 195
94 198
95 96
95 136
95 139
95 142
95 166
95 170
95 172
95 184
96 97
96 111
96 113
96 114
96 149
96 154
96 161
96 167
96 169
96 177
96 194
97 98
97 109
97 112
97 118
97 128
97 130
97 142
97 156
97 173
97 175
97 179
97 180
97 181
97 198
98 99
98 104
98 117
98 150
98 156
98 158
98 168
98 177
98 183
98 185
99 100
99 126
99 134
99 135
99 143
99 164
99 172
99 178
99 188
99 191
99 197
99 199
100 101
100 124
100 150
100 160
100 169
100 182
100 189
100 195
101 102
101 114
101 127
101 132
101 145
101 156
101 164
101 178
101 181
101 188
101 190
102 103
102 122
102 126
102 146
102 152
102 181
102 182
102 186
102 198
103 104
103 125
103 126
103 134
103 148
103 179
103 181
103 186
103 189
103 197
104 105
104 106
104 115
104 116
104 121
104 124
104 145
104 161
104 164
104 184
104 187
105 106
105 111
105 136
105 137
105 141
105 145
105 149
105 188
105 194
105 199
106 107
106 112
106 124
106 141
106 142
107 108
107 116
107 120
107 123
107 125
107 126
107 134
107 150
107 155
107 172
107 182
107 186
107 188
107 191
107 193
108 109
108 110
108 123
108 135
108 164
108 172
108 175
108 181
108 183
109 110
109 117
109 118
109 121
109 124
109 134
109 136
109 172
109 183
110 111
110 120
110 130
110 139
110 179
110 191
110 193
111 112
111 114
111 123
111 124
111 135
111 138
111 150
111 168
111 180
111 186
111 187
111 189
111 191
111 193
112 113
112 117
112 122
112 127
112 150
112 163
112 165
112 174
112 178
112 182
113 114
113 117
113 126
113 133
113 137
113 140
113 147
113 155
113 175
113 181
113 198
114 115
114 132
114 137
114 147
114 151
114 177
114 180
114 186
114 189
115 116
115 143
115 144
115 150
115 167
115 184
115 187
115 192
116 117
116 118
116 122
116 127
116 131
116 139
116 154
116 194
116 197
117 118
117 121
117 141
117 144
117 169
118 119
118 129
118 136
118 139
118 141
118 159
118 177
118 179
118 190
119 120
119 127
119 152
119 174
120 121
120 139
120 148
120 151
120 170
120 178
120 181
120 182
120 194
121 122
121 135
121 153
121 172
121 196
122 123
122 129
122 153
122 180
122 183
122 185
122 187
123 124
123 130
123 137
123 140
123 146
123 164
124 125
124 128
124 129
124 140
124 157
124 166
124 171
124 172
124 179
124 191
125 126
125 163
126 127
126 144
126 155
127 128
127 141
127 144
127 157
127 158
127 165
127 181
128 129
128 131
128 136
128 140
128 152
128 153
128 157
128 164
128 199
129 130
129 134
129 143
129 154
129 160
129 161
129 181
130 131
130 140
130 157
130 185
130 190
130 193
130 194
130 197
131 132
131 135
131 138
131 152
131 173
131 189
132 133
132 138
132 151
132 155
132 161
132 163
132 169
132 174
132 188
132 192
132 199
133 134
133 140
133 142
133 143
133 162
133 167
133 170
133 172
133 174
134 135
134 145
134 146
134 149
134 155
134 158
134 159
134 162
134 185
134 198
135 136
135 147
135 168
135 185
135 198
136 137
136 140
136 143
136 163
136 166
136 169
136 173
136 182
136 195
136 199
137 138
137 142
137 157
137 181
137 185
137 195
138 139
138 144
138 158
138 164
138 168
138 186
138 198
139 140
139 147
139 150
139 158
139 178
139 181
139 187
140 141
140 163
140 166
140 169
140 173
140 194
141 142
141 143
141 148
141 161
141 179
141 186
141 199
142 143
142 145
142 148
142 150
142 169
142 172
142 178
142 181
142 191
142 192
142 193
143 144
143 153
143 175
143 177
143 192
144 145
144 148
144 150
144 164
144 168
144 174
145 146
145 155
145 186
145 196
145 199
146 147
146 159
146 169
146 172
146 187
146 190
146 194
146 196
147 148
147 149
147 152
147 157
147 161
147 168
147 173
147 190
147 192
148 149
148 166
148 184
148 192
149 150
149 160
149 163
150 151
150 159
150 168
150 173
150 181
150 188
150 195
151 152
151 156
151 157
151 163
151 182
151 190
151 195
152 153
152 164
152 184
152 196
153 154
153 186
153 189
154 155
154 156
154 174
154 176
154 179
154 181
154 196
155 156
155 157
155 162
155 170
155 173
155 177
155 178
155 186
156 157
156 158
156 161
156 163
156 199
157 158
157 162
157 163
157 177
157 189
157 191
157 197
157 199
158 159
158 164
158 165
158 166
158 178
158 189
159 160
159 174
159 179
159 191
160 161
160 188
161 162
161 188
162 163
162 183
162 186
163 164
163 173
163 174
164 165
164 179
164 190
164 191
164 194
165 166
166 167
166 170
166 179
167 168
167 176
167 180
168 169
168 170
168 179
168 181
168 187
169 170
169 177
169 189
169 198
170 171
170 194
171 172
171 183
172 173
172 175
172 190
172 191
173 174
173 179
173 180
173 189
173 198
174 175
175 176
175 180
175 187
175 194
176 177
176 179
177 178
177 188
177 195
178 179
178 182
178 193
179 180
179 192
179 198
180 181
180 197
181 182
181 191
182 183
182 185
183 184
183 194
184 185
185 186
185 192
185 199
186 187
186 193
187 188
188 189
188 197
189 190
189 195
190 191
191 192
192 193
192 194
193 194
194 195
194 196
194 197
195 196
195 197
196 197
197 198
198 199
