0 84.26278403362734
1 51.48796744996374
2 73.1470821848906
3 61.49739371921059
4 99.54996045590386
5 97.7172347332089
6 30.401721833015532
7 82.46244841726921
8 24.098555469925724
9 117.90861964245498
10 105.6336410844977
11 23.568697162655898
12 116.12506867321603
13 100.68689502765221
14 30.95297388965807
15 49.502872023561196
16 61.586505891766656
17 79.3625428269697
18 28.03230748646433
19 34.47998425803354
20 25.82989700398029
21 46.604372896199166
22 29.378658702100836
23 20.795685466525832
24 114.39105194885795
25 51.904127291111344
26 40.274782982964666
27 61.18534537652889
28 78.66342684017197
29 77.8322422372161
30 79.11262172718173
31 76.1940446487605
32 25.693049610674763
33 112.2752890488813
34 108.93929514058601
35 93.0156229980262
36 43.01565975046333
37 108.16207888651188
38 26.258762965608778
39 70.63785201983052
40 29.23734831577188
41 49.62676647871336
42 104.4798551932927
43 57.63460515726785
44 28.97016316810567
45 24.123761714527863
46 98.87413218606298
47 73.57494378046275
48 106.76925412970087
49 33.70058114756495
50 107.50458108276153
51 52.772832174185375
52 58.87836116442938
53 65.45126581424292
54 48.308896749251986
55 39.98015555099305
56 53.87553355302643
57 81.11432058615887
58 56.36871646312812
59 81.62960858898872
60 113.72116562787575
61 78.84558114423402
62 27.368813580276758
63 113.36293088155023
64 95.24558999346486
65 26.38783707800241
66 33.347973679480376
67 104.83385431838023
68 108.77359569506741
69 64.17535907142417
70 115.06584913113092
71 86.154073278995
72 115.36843187765191
73 29.353016501986783
74 111.65783208219617
75 46.854411540395795
76 77.08799640005036
77 57.25594327475803
78 22.72255578489482
79 67.86227707083219
80 95.68104579011164
81 75.58722246706564
82 110.58438913908105
83 119.75044951987815
84 64.3114812914146
85 118.3473941598596
86 41.195823956528116
87 36.39105193721788
88 74.18382267219746
89 51.51104519189872
90 30.992433705364288
91 52.152578666678835
92 63.35324500115524
93 20.51211779737056
94 113.98565484966797
95 72.90667568622172
96 68.53864078282268
97 100.79098495487584
98 68.47632177717347
99 36.36530039237412
100 42.417331026903774
101 56.97276143414586
102 45.994563438581864
103 105.64781171014963
104 28.66524972846128
105 93.68770031246524
106 26.419303971978508
107 31.48142119392671
108 44.916520827959246
109 111.61096051297326
110 82.70324247857852
111 113.06736981873281
112 109.85156000929409
113 65.99041440345663
114 76.22693051016684
115 85.39905380478874
116 64.7829466330841
117 61.747579133425575
118 119.52810381954933
119 61.697302766342965
120 82.39348313403937
121 109.17815796581654
122 37.000159844440866
123 63.631837567167565
124 25.691048611952787
125 107.34508923921533
126 26.126343472162354
127 79.12690599316817
128 118.77992600528485
129 118.44841928692682
130 71.91376318358674
131 97.80297925926665
132 117.70853319745683
133 45.77266862484151
134 95.4141325452783
135 87.48526893908434
136 24.438588353150543
137 30.25386555782074
138 23.56570544654372
139 91.71378303906768
140 69.89090478197974
141 36.27469061404631
142 52.06356634800771
143 47.81851474055607
144 103.05817362462193
145 105.98773788968377
146 35.56308520756878
147 47.87724913178231
148 62.33525216176182
149 23.28318177758141
150 80.24400283224247
151 90.75243122076009
152 72.5026285787701
153 43.45856285655006
154 32.61026722976769
155 102.40738235539204
156 106.2088716382234
157 112.71493171867255
158 55.373407022862516
159 33.8311202975104
160 72.33306893385617
161 22.794780587287505
162 56.36485198760606
163 81.15486089191995
164 45.2683790931015
165 20.393823098043043
166 89.64533633674021
167 110.92231416772
168 28.952986199969104
169 118.41993748620867
170 79.32707926782703
171 114.97964008868513
172 57.38492200353326
173 36.73903388938862
174 26.097182692685863
175 64.07995931594623
176 69.39235653534922
177 33.73906968243265
178 44.02830503398248
179 77.05116628410012
180 59.591111676444605
181 76.85973889675114
182 40.98529215735352
183 73.25469062872219
184 99.7463220109105
185 40.17687536844524
186 99.78418664196538
187 30.06679108848121
188 45.165324666337995
189 110.19692899707049
190 39.2326011260501
191 24.242848071228046
192 89.2840047714113
193 27.208335655594936
194 34.27817610367316
195 96.27903205716746
196 106.2689705590387
197 88.85298035476886
198 52.714416488990096
199 40.264638091436495
0 1
0 69
0 120
1 2
1 86
1 113
2 3
2 89
2 172
3 4
3 35
4 5
5 6
5 37
5 53
6 7
6 65
6 135
7 8
7 56
7 122
7 188
8 9
8 148
9 10
10 11
10 77
11 12
11 47
11 53
12 13
12 25
12 41
12 98
12 133
13 14
14 15
14 24
14 106
14 154
14 197
15 16
15 85
15 135
15 164
16 17
17 18
17 22
17 141
18 19
18 127
19 20
19 24
19 165
20 21
20 150
21 22
21 26
21 48
21 60
21 72
21 88
22 23
22 37
22 91
23 24
23 41
23 99
23 142
23 165
24 25
24 53
24 66
24 171
25 26
25 95
25 132
26 27
26 29
26 33
26 56
26 133
26 170
27 28
27 74
28 29
28 125
29 30
29 73
29 124
30 31
30 70
31 32
31 45
31 72
31 83
32 33
32 79
32 157
33 34
33 74
33 134
34 35
34 80
34 93
35 36
35 101
36 37
36 147
37 38
37 72
37 158
37 164
37 198
38 39
38 126
38 158
39 40
39 156
40 41
41 42
41 123
42 43
42 106
43 44
43 49
43 82
44 45
44 105
44 184
45 46
45 105
46 47
46 181
47 48
47 159
48 49
48 56
48 109
48 187
49 50
49 71
49 122
49 147
50 51
51 52
51 172
52 53
53 54
53 61
53 94
54 55
54 73
54 78
54 113
55 56
55 138
55 198
56 57
56 186
57 58
57 145
58 59
58 65
59 60
59 87
59 160
60 61
60 114
60 175
61 62
61 187
61 198
62 63
62 72
62 174
62 178
63 64
63 94
64 65
64 125
64 135
65 66
66 67
66 123
66 185
66 198
67 68
67 84
68 69
68 125
68 144
69 70
69 103
70 71
70 122
70 149
71 72
72 73
72 96
73 74
73 179
74 75
74 141
75 76
75 87
76 77
76 133
76 136
77 78
77 167
78 79
79 80
79 180
80 81
81 82
81 136
82 83
83 84
83 129
84 85
84 174
85 86
85 144
86 87
87 88
87 121
87 167
88 89
89 90
89 110
89 196
90 91
91 92
91 101
92 93
93 94
94 95
94 100
95 96
96 97
96 118
96 199
97 98
97 101
97 152
98 99
98 130
99 100
99 142
100 101
100 126
100 153
101 102
102 103
102 193
103 104
104 105
104 114
104 149
105 106
106 107
106 170
107 108
107 176
107 187
108 109
109 110
110 111
110 120
111 112
112 113
113 114
114 115
115 116
115 159
115 177
116 117
116 181
117 118
117 154
117 186
118 119
119 120
119 162
120 121
120 163
120 177
121 122
121 143
122 123
122 176
123 124
124 125
125 126
126 127
126 168
127 128
128 129
128 148
128 163
128 174
129 130
129 153
129 160
130 131
131 132
131 189
132 133
132 177
133 134
133 154
134 135
135 136
135 187
136 137
137 138
137 155
138 139
138 157
139 140
140 141
140 159
141 142
141 164
141 172
142 143
142 164
143 144
143 169
144 145
145 146
146 147
146 168
147 148
148 149
148 192
149 150
150 151
151 152
151 172
152 153
153 154
153 190
154 155
155 156
156 157
157 158
158 159
159 160
160 161
161 162
162 163
162 182
163 164
163 192
164 165
165 166
166 167
167 168
168 169
169 170
169 186
170 171
171 172
172 173
172 182
173 174
173 181
174 175
175 176
175 185
175 199
176 177
177 178
178 179
178 193
179 180
179 186
180 181
180 185
181 182
182 183
183 184
184 185
185 186
186 187
187 188
188 189
189 190
190 191
191 192
192 193
193 194
194 195
194 198
195 196
196 197
197 198
198 199
