0 31.24127760709831
1 82.74319663251086
2 116.32117882420117
3 79.53813536030975
4 85.42567017635791
5 75.58477040587246
6 21.879076989931193
7 72.37699855068942
8 77.64367505942444
9 28.098270777823497
10 114.9028773878939
11 102.42333728782947
12 89.21302774200916
13 40.98918563532401
14 85.4939453731751
15 84.52613603152587
16 57.62461038963429
17 45.09575494317457
18 42.18618493181131
19 94.31503253484334
20 99.85999368639277
21 111.42195751421052
22 68.61591021980895
23 62.185709238506455
24 102.1519746265018
25 31.67612921086859
26 77.66649798890955
27 37.536037222811
28 28.119808919941807
29 67.46276321724915
30 26.3965101631236
31 40.98071933786757
32 89.49612418902511
33 106.21652979091007
34 98.90768616224787
35 76.27593542404868
36 44.07253232620401
37 55.03384581894693
38 86.28179890454771
39 30.814487849507117
40 34.02620564139164
41 49.748867618042276
42 92.8130956099173
43 53.80584018409423
44 54.44980647339509
45 55.91706411339217
46 75.98562740552923
47 64.63431020473742
48 46.69227851369791
49 90.81099437122734
50 83.99249939077812
51 110.39261893399897
52 44.02824536152672
53 101.0993339661578
54 89.0666680856113
55 61.216902762775746
56 58.208849575996375
57 89.57154797615735
58 27.490612994587597
59 104.80318825164919
60 84.60702872168103
61 96.08705395709299
62 47.87483604439416
63 77.36423129500399
64 20.9554516972791
65 102.86912045472704
66 38.142814614253865
67 47.28954588862494
68 40.08536226233838
69 52.33014569821167
70 48.632701602841
71 49.90036594297069
72 30.609890362724844
73 36.80634367421274
74 53.823675817810305
75 56.9451174545513
76 21.155409986014032
77 43.89634703399639
78 98.41756333772243
79 52.86000206817276
80 33.52977235436825
81 118.53953213479856
82 54.85395931418178
83 81.32308195015915
84 68.1263423248914
85 33.536375842338884
86 78.80976174855478
87 20.259242080700297
88 110.89796127520128
89 43.90451336592247
90 86.83167233400162
91 41.20728259827458
92 65.39509355272021
93 37.28057060593929
94 95.97288261425871
95 109.83928288018818
96 55.64756771634316
97 82.51926495351584
98 59.15281816344751
99 88.42634171541332
100 116.07949531846715
101 21.707675391275508
102 101.93146817685488
103 108.1736256028414
104 83.18210310106974
105 47.00397461250667
106 116.48748129101315
107 89.60162854150772
108 30.329361132536107
109 53.026344857583865
110 96.81187254343592
111 102.52943815187511
112 41.90643555271879
113 57.9591698938073
114 105.4768477269904
115 73.71966971317877
116 105.8312057873806
117 42.11004065825327
118 46.81186528762824
119 69.87369838100685
120 114.58415074323014
121 61.34251382358964
122 83.91680266110134
123 106.4196729047646
124 104.02216783780318
125 54.625904542828565
126 77.66462485718952
127 58.414729781890514
128 26.536953834163228
129 79.88492722017214
130 44.693733095086955
131 78.88673469606606
132 50.52879602596455
133 80.39825791534149
134 28.362742905290787
135 62.06975680007163
136 101.70174750444717
137 105.18662281045005
138 51.738132167150575
139 24.241414366892016
140 113.34631769528703
141 81.14734072431338
142 74.90785805532886
143 113.24913260854669
144 32.56099162932561
145 62.13370369555499
146 110.26167229313951
147 99.31624989277122
148 37.27400164950137
149 60.743934224741395
150 58.85155884326976
151 44.34782101496429
152 54.96198183992598
153 102.27595077575243
154 118.54333862595685
155 94.70987325499746
156 38.122255107705286
157 27.120455900496616
158 80.39316615173013
159 93.33478607660926
160 43.8406711543662
161 107.8064062357213
162 73.53027133163528
163 61.00933337687146
164 85.20707689743746
165 39.97919120401317
166 40.8000162533459
167 53.8309076070522
168 70.86565179326138
169 112.7833918563277
170 27.51890147804236
171 64.07125325192578
172 25.647483439835295
173 63.438261577567836
174 43.91589724594435
175 95.06604709134113
176 90.01793850687898
177 73.2355908607204
178 118.18207895353937
179 107.25246757395712
180 28.981534884287093
181 67.7559583953005
182 91.52323093980475
183 102.1058933694891
184 42.12215339046931
185 42.79079704313158
186 119.20772729267259
187 83.48072049599466
188 55.61660700391089
189 49.274087738816206
190 32.32464329376894
191 111.73919546879843
192 94.34476320077462
193 35.46898000477805
194 83.81473500209052
195 45.056104845757645
196 77.62949523107721
197 62.72090423651363
198 49.309550478215634
199 44.41603504157578
0 1
0 14
0 25
0 39
0 55
0 74
0 97
0 107
0 127
0 131
0 146
0 155
1 2
1 66
1 103
1 107
1 108
1 137
1 167
1 175
2 3
2 23
2 41
2 76
2 130
2 160
2 163
2 178
3 4
3 28
3 35
3 39
3 51
3 95
3 124
3 150
3 154
3 190
3 197
4 5
4 14
4 33
4 49
4 72
4 74
4 122
4 134
5 6
5 50
5 78
5 98
6 7
6 40
6 60
6 91
6 176
7 8
7 32
7 79
7 158
8 9
8 41
8 124
8 135
8 156
9 10
9 129
10 11
10 20
10 69
10 99
11 12
11 53
11 138
11 155
11 167
12 13
12 54
12 60
12 160
12 195
13 14
13 31
13 57
13 72
13 80
13 107
13 187
13 199
14 15
14 95
14 147
15 16
15 98
15 120
15 134
15 160
15 162
15 163
16 17
16 27
16 50
16 74
16 130
16 190
17 18
17 27
17 54
17 127
17 131
17 153
18 19
18 57
18 91
18 111
18 183
19 20
19 54
19 98
19 107
19 164
19 168
19 172
19 181
19 190
20 21
20 72
20 135
20 145
20 177
21 22
21 82
21 91
21 94
21 135
21 148
21 149
22 23
22 42
22 57
22 74
22 75
22 119
22 131
22 138
22 149
22 172
22 174
23 24
23 39
23 54
23 136
23 178
24 25
24 27
24 48
24 72
24 80
24 100
24 114
24 192
25 26
25 113
25 169
26 27
26 29
26 125
26 185
26 187
27 28
27 74
27 87
27 114
27 141
27 190
28 29
28 31
28 35
28 59
28 106
28 109
28 161
28 164
28 177
28 184
28 195
29 30
29 31
29 33
29 43
29 46
29 50
29 119
29 146
29 157
29 171
29 175
29 177
29 197
30 31
30 79
30 142
30 146
30 157
30 159
30 185
30 192
31 32
31 53
31 60
31 67
31 143
32 33
32 47
32 54
32 66
32 75
32 78
32 110
32 152
32 161
32 181
32 183
33 34
33 110
33 188
33 190
34 35
34 92
34 125
34 153
35 36
35 138
35 165
36 37
36 46
36 92
36 112
36 115
36 130
37 38
37 66
37 92
37 93
37 94
37 95
37 97
37 103
37 124
38 39
38 81
38 125
38 185
38 191
39 40
39 67
39 80
39 137
39 186
40 41
40 62
40 80
40 82
40 93
40 133
40 179
40 193
41 42
41 43
41 70
41 143
41 192
42 43
42 76
42 119
42 128
42 139
42 183
42 194
43 44
43 104
43 121
43 131
43 143
43 169
44 45
44 61
44 89
44 120
44 141
44 187
44 199
45 46
45 47
45 50
45 55
45 62
45 81
45 112
45 178
46 47
46 86
46 112
46 157
46 161
46 194
47 48
47 60
47 75
47 95
47 149
47 179
47 198
48 49
48 113
48 124
48 181
49 50
49 112
49 129
50 51
50 53
50 74
50 104
50 115
50 152
50 162
50 170
50 172
50 184
51 52
51 71
51 118
51 157
51 187
52 53
52 89
52 116
52 122
53 54
53 62
53 82
53 87
53 103
53 134
53 141
53 142
53 143
53 152
53 171
53 182
54 55
54 93
54 115
54 167
55 56
55 101
55 192
56 57
56 124
57 58
57 98
57 114
57 121
57 135
57 141
57 160
57 180
57 188
58 59
58 69
58 192
59 60
59 62
59 98
59 112
59 128
59 134
59 172
59 178
60 61
60 80
60 189
61 62
61 103
61 109
61 125
61 159
62 63
62 84
62 96
62 124
62 148
62 191
63 64
63 107
63 115
63 147
63 158
63 160
64 65
64 98
64 112
64 113
64 135
64 143
65 66
65 96
65 115
65 118
65 138
65 160
65 168
65 182
65 186
66 67
66 129
66 172
66 190
66 192
67 68
67 103
67 113
67 142
68 69
68 94
68 97
68 110
68 143
68 164
69 70
69 108
69 192
70 71
70 89
70 101
70 110
70 158
71 72
71 95
71 112
71 154
72 73
72 93
72 185
73 74
73 109
73 139
73 147
73 182
74 75
74 100
75 76
75 87
75 122
75 153
75 158
75 164
75 184
76 77
76 97
76 151
76 152
76 172
76 188
76 191
77 78
77 89
77 91
77 116
77 165
78 79
78 111
78 139
78 173
78 189
79 80
79 94
79 119
79 122
79 141
80 81
80 109
80 129
80 153
81 82
81 104
81 112
81 129
81 168
82 83
82 136
83 84
83 106
83 125
83 162
84 85
84 110
84 119
85 86
85 93
85 151
86 87
87 88
87 117
87 145
87 158
88 89
88 101
88 175
89 90
89 103
89 109
89 163
90 91
90 102
90 116
90 121
90 174
90 176
90 194
91 92
91 111
91 182
91 191
92 93
92 100
92 109
92 144
92 155
92 199
93 94
93 101
93 127
93 142
93 143
94 95
94 117
94 136
94 176
94 177
95 96
95 106
95 147
95 157
95 189
95 195
96 97
96 112
96 143
96 159
96 164
96 190
97 98
97 107
97 117
97 153
97 174
97 185
98 99
98 132
98 137
98 139
99 100
99 118
99 165
99 198
100 101
100 140
100 181
100 191
101 102
101 107
101 149
101 158
101 179
101 190
102 103
102 117
102 122
103 104
103 183
103 187
104 105
104 179
104 194
105 106
105 133
105 155
105 161
105 172
106 107
106 113
106 122
106 130
106 143
106 168
106 180
107 108
107 186
107 188
108 109
108 129
108 166
108 182
108 199
109 110
109 122
109 173
110 111
110 113
110 136
111 112
111 118
111 126
111 142
111 146
111 157
111 174
112 113
112 166
112 185
113 114
114 115
114 117
114 162
114 184
115 116
116 117
116 128
116 155
116 171
116 194
117 118
117 172
117 176
117 178
117 193
118 119
118 122
118 127
118 141
119 120
119 146
120 121
120 140
121 122
121 135
121 150
121 194
122 123
122 178
123 124
123 151
123 159
123 168
124 125
124 176
125 126
125 130
125 132
125 135
125 159
126 127
126 143
126 163
127 128
127 149
128 129
128 135
128 150
128 153
128 156
128 190
129 130
129 144
129 167
130 131
130 152
130 154
130 158
131 132
131 141
131 144
131 148
131 188
132 133
132 185
133 134
133 135
133 167
134 135
134 161
134 196
135 136
135 199
136 137
136 162
137 138
137 198
138 139
138 157
138 183
138 187
139 140
139 171
139 179
140 141
140 196
141 142
141 162
142 143
142 155
142 184
143 144
143 148
143 150
143 160
144 145
144 172
144 180
145 146
145 177
146 147
146 156
146 157
147 148
147 180
148 149
148 188
149 150
149 163
149 192
150 151
150 154
150 156
150 187
151 152
152 153
152 160
152 162
153 154
154 155
155 156
156 157
157 158
157 171
157 177
158 159
159 160
159 174
159 198
160 161
161 162
162 163
162 182
163 164
164 165
165 166
166 167
166 194
167 168
168 169
169 170
169 197
170 171
170 173
171 172
171 191
172 173
173 174
174 175
175 176
175 189
175 191
176 177
177 178
178 179
179 180
180 181
181 182
182 183
183 184
183 193
184 185
185 186
186 187
187 188
188 189
189 190
190 191
191 192
192 193
193 194
194 195
194 199
195 196
196 197
197 198
198 199
