0 61.017306594809355
1 32.82983930339119
2 89.02326614625092
3 98.57617540511914
4 49.83035811242542
5 40.44634954299518
6 22.732241588428806
7 114.60626496963884
8 63.71998193252087
9 76.6226941737383
10 111.7281582054077
11 31.05576648198456
12 42.264753178735376
13 68.21811473044457
14 104.55577719995065
15 27.02644215096916
16 29.37350237478217
17 39.08565281243642
18 106.01520307287959
19 118.28607736831043
20 86.05500929432687
21 110.01464842496111
22 42.66481880530835
23 91.3975742954199
24 63.21432439319089
25 69.68392066945728
26 71.79969169647924
27 99.8881055395604
28 111.16335369472777
29 89.13845052856895
30 80.56372331486358
31 66.89492832557033
32 49.506001782710214
33 34.431297732837535
34 95.38905172974792
35 109.91596431398976
36 46.155786339247726
37 117.3263533290179
38 23.616333648920744
39 27.609559616153472
40 57.46653267719373
41 112.33651305716583
42 78.93469922783875
43 66.02932614066194
44 62.80437745545995
45 59.875651491456
46 100.19033694319037
47 112.24628793701952
48 86.36200177290698
49 69.93181375167457
50 59.14780619722562
51 47.002070818885514
52 36.613643981798454
53 38.4228152991208
54 66.94834786300115
55 24.853154078112777
56 109.5320997620468
57 89.27446647242569
58 31.294599249454922
59 40.20772935893791
60 95.53661317356755
61 59.265437178164724
62 86.80132575721962
63 80.72301436276064
64 102.11314258392363
65 49.811785132125024
66 119.4868288235438
67 65.72236672053647
68 54.146222243325866
69 80.11799187880015
70 33.04000777105525
71 116.6078650629933
72 62.22424029609112
73 89.5003048740933
74 59.28303689322843
75 108.68550978514283
76 55.527639204142375
77 53.19208046444741
78 98.15991523970305
79 109.38653678685758
80 60.38220464547509
81 95.56972868991511
82 83.61622611582143
83 116.55977199419952
84 68.1571932747631
85 107.4917466767105
86 110.8955968555506
87 72.32639182963675
88 76.9108697287028
89 100.32228237351356
90 28.06358292579823
91 42.92977281374653
92 110.03346499745777
93 58.214512731063245
94 89.97973075095261
95 23.07963550167519
96 112.1104036458135
97 82.35808854495251
98 96.47386423539345
99 44.48099228164513
100 97.32622368252699
101 56.14875365845135
102 88.14269460006159
103 42.55486771919766
104 78.95225051882207
105 98.6171917114237
106 52.96806224736629
107 62.799180404541225
108 39.80880777878015
109 114.95803564100932
110 104.86825642909805
111 68.8045074775055
112 113.06534559936834
113 97.62886968563693
114 31.329012921570556
115 47.63096091573712
116 30.339563513333907
117 79.24303373180769
118 71.42097214174908
119 95.0687157478814
120 59.779213779659365
121 89.35881788052863
122 77.7955037409017
123 103.24621861372326
124 100.65800072997592
125 21.271676013512867
126 36.66095660518199
127 66.11643079113372
128 22.989566663788988
129 72.04489618974557
130 68.27659921737839
131 64.54294183003583
132 40.761261152875775
133 79.2681169198881
134 107.16161802865174
135 92.02414664451841
136 85.61204800171936
137 41.41199144520625
138 66.00170923655067
139 34.5351010505529
140 104.12652596739206
141 75.15116814856657
142 20.14600087350576
143 23.533071871769177
144 36.38972848690536
145 32.656685906254765
146 110.62210601500551
147 39.864227043256534
148 46.04501382411117
149 74.61283086721821
150 52.75736949487342
151 58.1252687855938
152 62.8199930143242
153 70.59229594758074
154 54.779461707819195
155 85.97528218256004
156 67.33315666979026
157 77.42753305462548
158 96.17962187449024
159 70.95941693788961
160 94.96642661529745
161 28.344961714665168
162 89.15706848230197
163 118.59747118689317
164 60.68661717732653
165 50.8827059930347
166 48.12319768244005
167 89.80682716406797
168 109.9213563219711
169 119.99137352060957
170 22.029342152148683
171 23.17060507621154
172 81.94274039383177
173 44.221320889633645
174 102.19209312406488
175 58.12831197878001
176 31.68462314034428
177 77.52877328479886
178 104.32523021014772
179 118.85764891990382
180 93.51707581178644
181 46.98701889846396
182 37.64758646012376
183 55.4325676666977
184 86.22426597162779
185 87.5678696863776
186 116.2211901736129
187 28.78407239716973
188 52.27960644077724
189 79.16244732498042
190 38.08434253580384
191 69.05665076884256
192 96.4847028366947
193 88.1392583943323
194 56.279295750755715
195 33.14464044586457
196 39.13629798799297
197 25.9914464604366
198 92.53446369882052
199 36.50923038514826
0 1
0 75
0 86
0 92
0 99
0 104
0 134
0 175
0 179
1 2
1 7
1 14
1 22
1 128
1 136
1 138
1 142
1 145
1 163
1 178
1 179
2 3
2 11
2 28
2 39
2 53
2 60
2 87
2 118
2 160
2 189
3 4
3 7
3 25
3 33
3 42
3 95
3 113
4 5
4 11
4 19
4 44
4 53
4 69
4 85
4 86
4 88
4 101
4 131
4 139
4 167
4 192
5 6
5 16
5 21
5 27
5 56
5 69
5 90
5 97
5 114
5 150
5 157
5 159
6 7
6 16
6 20
6 57
6 73
6 105
6 107
6 130
6 131
6 187
7 8
7 18
7 48
7 49
7 50
7 67
7 73
7 98
7 112
7 122
7 163
7 170
7 194
8 9
8 30
8 38
8 42
8 85
8 88
8 99
8 159
8 163
8 178
9 10
9 48
9 56
9 57
9 93
9 116
9 136
9 162
10 11
10 20
10 29
10 100
10 119
10 120
10 139
10 156
10 176
10 179
11 12
11 28
11 45
11 50
11 53
11 82
11 87
11 147
11 165
12 13
12 27
12 50
12 79
12 90
12 99
12 105
12 106
12 107
12 142
12 160
13 14
13 25
13 38
13 45
13 61
13 62
13 80
13 116
13 120
13 140
13 142
13 162
14 15
14 37
14 46
14 96
14 152
14 191
15 16
15 22
15 61
15 83
15 90
15 150
15 155
16 17
16 18
16 69
16 108
16 116
16 139
16 163
17 18
17 19
17 32
17 56
17 58
17 60
17 80
17 87
17 102
17 107
17 108
17 120
17 162
17 163
17 172
18 19
18 34
18 35
18 39
18 100
18 119
18 128
18 175
18 187
18 191
19 20
19 30
19 31
19 55
19 73
19 98
19 103
19 126
19 153
20 21
20 83
20 95
20 143
20 151
20 195
21 22
21 80
21 106
21 120
21 150
21 169
21 183
21 191
21 193
22 23
22 53
22 153
23 24
23 26
23 39
23 46
23 48
23 64
23 98
23 117
23 131
23 135
23 181
24 25
24 27
24 36
24 37
24 40
24 58
24 72
24 92
24 109
24 133
24 146
24 157
24 159
24 188
25 26
25 109
25 161
25 162
25 178
25 194
26 27
26 86
26 114
26 115
26 128
26 144
26 147
26 148
26 157
26 163
26 195
27 28
27 39
27 57
27 74
27 83
27 102
27 123
27 160
27 170
28 29
28 50
28 75
28 94
28 100
28 119
28 156
28 168
28 192
28 199
29 30
29 62
29 84
29 115
29 163
29 168
30 31
30 36
30 41
30 82
30 107
30 121
30 139
30 164
30 179
31 32
31 50
31 88
31 93
31 99
31 100
31 109
31 168
32 33
32 36
32 54
32 58
32 61
32 65
32 67
32 90
32 96
32 116
32 134
32 149
32 180
32 193
33 34
33 40
33 61
33 88
33 94
33 102
33 112
33 127
33 136
33 175
33 179
34 35
34 36
34 47
34 81
34 185
35 36
35 65
35 76
35 86
35 120
35 149
35 161
35 166
35 176
35 193
36 37
36 58
36 62
36 101
36 116
36 143
36 162
36 189
36 191
36 194
37 38
37 54
37 57
37 61
37 62
37 87
37 91
37 98
37 132
37 145
37 178
38 39
38 69
38 108
38 117
38 132
38 170
38 171
39 40
39 44
39 62
39 109
39 135
39 153
39 175
39 178
40 41
40 54
40 84
40 85
40 98
40 124
40 130
40 178
40 192
40 195
41 42
41 44
41 48
41 69
41 70
41 87
41 91
41 115
41 166
41 181
41 185
41 198
42 43
42 67
42 85
42 88
42 109
42 156
42 171
43 44
43 46
43 51
43 60
43 80
43 90
43 127
43 129
43 152
43 164
44 45
44 76
44 92
44 99
44 107
44 150
44 167
44 180
45 46
45 55
45 123
45 139
45 148
45 164
45 173
45 196
46 47
46 52
46 60
46 85
46 115
46 128
46 135
46 177
46 179
46 180
47 48
47 125
47 130
47 147
47 160
47 167
47 168
47 192
48 49
48 50
48 96
48 98
48 99
48 107
48 116
48 128
48 140
48 141
48 145
48 180
49 50
49 57
49 65
49 101
49 119
49 171
49 183
50 51
50 71
50 88
50 91
50 132
50 149
50 176
50 178
50 185
51 52
51 58
51 87
51 94
51 114
51 133
51 148
51 155
51 166
51 168
52 53
52 56
52 76
52 93
52 109
52 110
52 141
52 165
53 54
53 55
53 61
53 63
53 140
53 141
53 148
53 161
53 181
54 55
54 63
54 83
54 85
54 92
54 95
54 120
54 149
54 153
55 56
55 99
55 110
55 144
55 153
55 155
55 175
55 196
56 57
56 76
56 81
56 85
56 86
56 97
56 135
56 138
56 150
56 173
56 199
57 58
57 71
57 72
57 80
57 94
57 95
57 113
57 117
57 180
58 59
58 72
58 74
58 88
58 106
58 128
58 183
58 189
59 60
59 89
59 123
59 124
59 146
59 155
59 172
59 175
60 61
60 88
60 92
60 116
60 168
60 174
60 179
60 181
60 184
61 62
61 76
61 114
61 129
61 146
61 150
61 152
61 197
62 63
62 67
62 113
62 116
62 142
62 159
62 160
62 165
62 174
63 64
63 69
63 73
63 85
63 100
63 110
63 122
63 147
64 65
64 73
64 99
64 100
64 119
64 134
64 169
64 192
65 66
65 74
65 76
65 77
65 101
65 103
65 111
65 129
65 149
65 179
65 184
65 186
66 67
66 83
66 100
66 101
66 162
67 68
67 101
67 159
67 167
67 171
67 176
67 193
68 69
68 72
68 104
68 116
68 132
68 134
68 169
68 184
68 193
69 70
69 137
69 148
69 160
69 170
69 194
70 71
70 93
70 104
70 105
70 115
70 120
70 196
71 72
71 74
71 90
71 93
71 105
71 114
71 119
71 191
71 195
72 73
72 75
72 105
72 109
72 159
72 172
73 74
73 85
73 96
73 98
73 100
73 102
73 108
73 114
73 120
73 133
73 171
74 75
74 85
74 92
74 119
74 120
74 134
74 135
74 176
74 195
75 76
75 77
75 84
75 111
75 156
75 161
75 182
76 77
76 143
76 161
76 170
76 178
76 189
76 196
77 78
77 80
77 117
77 137
77 171
77 190
77 191
77 197
77 199
78 79
78 82
78 86
78 188
79 80
79 85
79 100
79 115
79 118
79 147
80 81
80 117
80 131
80 134
80 154
81 82
81 136
81 138
81 172
82 83
82 97
82 103
82 109
82 112
82 128
82 129
82 169
82 173
82 187
83 84
83 103
83 131
83 145
83 150
83 180
83 185
84 85
84 101
84 131
84 132
84 170
84 171
84 181
85 86
85 88
85 93
85 99
85 122
85 126
85 145
85 175
85 177
85 187
85 195
86 87
86 92
86 113
86 123
86 163
86 165
86 170
86 182
86 187
87 88
87 99
87 115
87 143
87 154
88 89
88 116
88 136
88 154
88 158
88 173
88 176
88 178
88 188
89 90
89 91
89 103
89 108
89 134
89 141
89 155
90 91
90 148
90 190
91 92
91 95
91 135
91 141
91 149
91 199
92 93
92 123
92 130
92 161
92 177
92 178
92 192
93 94
93 107
93 115
93 122
93 133
93 144
93 162
93 178
94 95
94 104
94 113
94 114
94 125
94 134
94 171
94 181
95 96
95 115
95 139
95 146
95 157
95 168
96 97
96 111
96 146
96 153
96 159
96 169
96 188
97 98
97 128
97 131
97 153
97 178
97 179
97 181
98 99
98 121
98 126
98 142
98 155
98 160
99 100
99 109
99 146
99 171
99 175
99 181
99 185
100 101
100 193
100 197
101 102
101 119
101 125
101 142
101 144
101 172
102 103
102 131
102 152
102 160
102 164
102 165
102 175
102 179
102 191
103 104
103 169
103 189
104 105
104 139
104 194
104 198
104 199
105 106
105 137
105 170
105 172
105 184
105 189
106 107
106 127
106 138
106 160
106 194
107 108
107 125
107 131
107 161
107 166
107 182
107 185
108 109
108 140
108 145
108 163
108 176
108 190
109 110
109 137
109 154
109 163
110 111
110 142
110 170
110 182
110 193
111 112
111 158
111 167
111 168
111 181
111 193
112 113
112 119
112 125
112 175
113 114
113 141
113 168
114 115
114 120
114 147
114 149
114 163
114 172
114 180
115 116
115 128
115 177
115 198
116 117
116 118
116 131
116 175
116 184
117 118
117 124
117 129
117 134
117 144
117 147
117 153
117 165
117 177
118 119
118 136
118 147
119 120
119 127
119 137
119 159
120 121
120 144
120 145
120 153
121 122
121 124
121 130
121 134
121 138
121 152
121 154
121 166
122 123
122 127
122 150
122 157
122 182
123 124
123 129
123 147
123 167
123 168
123 198
124 125
124 145
124 153
124 166
124 174
124 190
125 126
125 154
125 188
126 127
126 184
126 194
126 195
127 128
127 142
127 173
127 176
128 129
128 130
128 134
128 147
128 184
128 196
129 130
129 157
129 174
129 181
129 182
130 131
130 160
131 132
131 155
131 163
131 180
132 133
132 156
133 134
133 158
133 165
133 171
134 135
134 151
134 157
134 199
135 136
135 187
136 137
136 154
136 162
136 166
136 199
137 138
137 155
137 190
138 139
138 159
138 164
138 174
138 175
138 197
139 140
139 141
139 183
140 141
140 177
141 142
141 143
141 149
141 155
141 182
142 143
142 144
143 144
143 152
143 178
144 145
144 185
144 187
144 199
145 146
145 165
145 168
145 180
145 189
145 197
146 147
146 162
146 163
146 166
146 170
146 194
146 196
147 148
147 172
147 188
147 189
147 194
148 149
148 156
148 172
148 184
149 150
149 175
149 187
149 192
150 151
150 169
150 182
150 184
151 152
151 157
151 158
151 184
151 199
152 153
152 178
153 154
153 158
153 162
153 175
153 187
154 155
154 185
155 156
155 171
155 180
155 183
156 157
156 165
156 170
156 177
157 158
157 170
157 190
158 159
158 177
158 189
158 191
159 160
159 177
160 161
160 193
161 162
161 182
161 196
162 163
162 170
162 193
163 164
164 165
164 167
164 174
164 177
164 188
165 166
165 175
166 167
167 168
167 171
167 180
167 189
168 169
168 196
169 170
169 194
170 171
170 179
170 180
171 172
171 192
172 173
172 174
172 181
173 174
174 175
174 196
174 199
175 176
175 186
176 177
176 183
177 178
177 180
178 179
179 180
179 198
180 181
181 182
182 183
182 184
182 186
182 191
183 184
183 192
184 185
184 191
185 186
185 187
185 192
186 187
187 188
187 194
188 189
188 197
189 190
189 196
190 191
190 193
191 192
192 193
193 194
193 196
193 197
194 195
195 196
196 197
197 198
198 199
