0 107.79129554850005
1 23.739732730033396
2 104.21526236253823
3 112.26255735097946
4 81.67648350033119
5 71.20553420748033
6 76.42356204920213
7 96.90365468431371
8 33.72011452133755
9 51.760517446865066
10 75.89249442841465
11 58.895734579385056
12 21.091402866502634
13 58.64263023154657
14 117.41161059562792
15 53.86289681603591
16 108.60141121472482
17 51.18749596441673
18 27.604680931392277
19 35.588294813119305
20 50.836599059977246
21 109.51153270308626
22 94.18404180925863
23 87.60388778589476
24 97.5911315225023
25 80.33819774655744
26 111.64975408235581
27 80.16556424823624
28 51.336309427178044
29 101.81221802576448
30 29.955136625925302
31 32.694831626051325
32 93.06322861562852
33 42.900552760918856
34 76.82049792866985
35 48.58464040929609
36 58.55733456616797
37 43.857744016257385
38 116.66192888204702
39 29.208336945321804
40 91.01128300053277
41 98.23724737789772
42 29.51226817694364
43 67.03714663054976
44 117.8551144725534
45 74.05918426412546
46 41.84646684491044
47 63.96297144005753
48 99.78043341956646
49 31.99891902512164
50 117.8837065076957
51 20.23973483277462
52 78.15793656363978
53 61.83973534510238
54 24.72387709278832
55 91.89786513131803
56 103.3952708172761
57 24.93681355546135
58 117.58604693700622
59 20.052951333751462
60 61.25490340391108
61 60.0685889946512
62 52.451833701655616
63 94.22100183950701
64 26.749285383873072
65 82.8055266789691
66 22.57665983648998
67 23.569110605222992
68 65.95328534720126
69 84.40519301360564
70 32.61707481081045
71 54.97181642842841
72 74.92152560514589
73 115.24646310258048
74 69.53245426347738
75 94.8097611669431
76 91.87087772299067
77 119.94456528337922
78 102.95458368026159
79 62.63871572324848
80 43.886074976408544
81 76.5426295125535
82 49.378738764194864
83 29.173429508850884
84 92.62900789876345
85 80.55422878320624
86 64.31506513631868
87 68.47216820146946
88 24.879977742583197
89 106.13539876877225
90 84.4492097306063
91 84.77420909564276
92 93.21178427871055
93 71.29344465288412
94 27.89632185225999
95 58.13396620529776
96 49.695229007765576
97 31.793844309553524
98 74.79264884725477
99 89.81184681716461
100 31.257236296004503
101 29.30532981993234
102 92.75419935847499
103 118.3232990689892
104 49.160470262125514
105 23.327308213116066
106 42.14198902301172
107 20.113966209528684
108 107.04597396677578
109 43.57251015760589
110 94.60866623099537
111 105.02025506565788
112 22.078010884897996
113 109.73179967917639
114 25.061343010060206
115 65.99100455951304
116 51.952966144126904
117 78.9269202795941
118 91.96071250891502
119 44.98738386160851
120 36.881781653588064
121 97.66084639863777
122 103.78665037972843
123 32.54454419534208
124 50.12809211734594
125 54.70437635092692
126 80.53564247536742
127 27.169936637620378
128 113.28187434575776
129 54.11144251349393
130 58.275552703719804
131 42.56963519297296
132 73.17106643971375
133 53.434557607835416
134 52.06842324587701
135 65.6354148201855
136 56.1612756986924
137 41.215717870088255
138 87.98210120134965
139 36.191717530355
140 112.56638194431201
141 59.95699837917253
142 38.446691375785264
143 40.69305277776699
144 38.99042075605048
145 116.02892979954083
146 46.87197301150195
147 86.37881516965093
148 119.64388945767752
149 56.35374790882489
150 107.22705583376829
151 49.833849778861264
152 59.02519100312935
153 33.204420754935256
154 72.19376682230381
155 74.46957359204194
156 87.83062415298153
157 23.089297536547264
158 99.5403122191334
159 25.131790723033525
160 111.5539949858383
161 113.44617507657452
162 110.52204284135968
163 94.85781550027963
164 36.95953207030776
165 21.748396028805487
166 26.401196884156803
167 98.7468746669998
168 55.459530737979165
169 65.62957723670438
170 69.58770838692398
171 82.97419440924568
172 84.4006925896051
173 59.76241892722694
174 64.43831744583373
175 23.170566070009684
176 67.36089378895782
177 75.48100707018752
178 49.411376084892915
179 85.70560370334672
180 112.78069261906306
181 62.5148583170061
182 117.05986376138715
183 77.85431087740253
184 106.60160101926279
185 98.70691532072067
186 31.255347361000045
187 118.39295738885018
188 69.05574157896282
189 103.21660856861878
190 32.07073063649976
191 118.86172864130084
192 38.34921723263386
193 21.462957639607165
194 27.9097953139745
195 77.54795020109874
196 54.70418070857813
197 65.94164351245703
198 91.75670476938944
199 53.18512205225594
0 1
0 15
0 30
0 61
0 96
0 100
0 103
0 115
0 130
0 171
1 2
1 3
1 19
1 48
1 51
1 62
1 65
1 116
1 117
1 122
1 124
1 136
1 141
1 181
2 3
2 19
2 22
2 34
2 71
2 93
2 106
2 124
2 125
2 144
2 151
2 190
3 4
3 24
3 60
3 63
3 114
3 139
3 148
3 176
3 183
3 189
3 193
4 5
4 54
4 58
4 62
4 84
4 98
4 146
4 155
4 161
4 196
5 6
5 9
5 34
5 35
5 60
5 74
5 100
5 102
5 137
5 139
5 147
5 157
5 164
6 7
6 16
6 28
6 96
6 126
6 178
6 183
7 8
7 18
7 30
7 51
7 58
7 72
7 106
7 112
7 116
7 123
7 124
7 157
7 189
8 9
8 65
8 103
8 119
8 134
8 148
8 195
9 10
9 33
9 65
9 98
9 99
9 107
9 119
10 11
10 22
10 35
10 58
10 68
10 83
10 118
10 124
11 12
11 14
11 35
11 67
11 93
11 133
11 155
11 177
12 13
12 66
12 75
12 78
12 93
12 132
12 142
12 169
12 184
12 190
12 192
12 197
13 14
13 15
13 29
13 37
13 57
13 58
13 82
13 104
13 112
13 117
13 124
13 127
13 166
13 168
13 188
14 15
14 16
14 20
14 33
14 42
14 54
14 82
14 90
14 93
14 111
14 145
14 169
15 16
15 24
15 59
15 68
15 77
15 78
15 98
15 128
15 164
15 170
15 189
15 198
16 17
16 44
16 46
16 67
16 84
16 89
16 140
16 183
16 194
16 199
17 18
17 26
17 37
17 44
17 61
17 76
17 84
17 85
17 114
17 117
17 179
18 19
18 30
18 43
18 53
18 56
18 80
18 109
18 112
18 117
18 119
18 126
18 137
18 140
18 154
18 161
18 165
18 172
19 20
19 26
19 37
19 41
19 51
19 70
19 90
19 133
19 184
20 21
20 57
20 93
20 156
20 196
21 22
21 32
21 61
21 92
21 154
21 159
22 23
22 45
22 85
22 93
22 97
22 131
22 143
22 181
22 188
23 24
23 89
23 96
23 128
23 134
23 160
23 183
23 185
24 25
24 41
24 64
24 73
24 82
24 86
24 160
24 178
24 189
24 199
25 26
25 44
25 52
25 60
25 73
25 74
25 79
25 99
25 128
25 131
25 169
25 172
25 182
25 196
26 27
26 38
26 53
26 58
26 62
26 91
26 95
26 98
26 104
26 124
26 132
26 149
26 173
26 188
26 199
27 28
27 55
27 60
27 92
27 119
27 164
27 171
27 180
27 194
28 29
28 39
28 51
28 73
28 94
28 95
28 156
29 30
29 31
29 39
29 57
29 64
29 83
29 90
29 96
29 115
29 126
29 139
29 146
29 171
29 178
29 182
29 196
30 31
30 79
30 85
30 172
30 176
30 198
31 32
31 71
31 107
31 122
31 130
31 157
31 168
31 187
32 33
32 68
32 71
32 74
32 79
32 100
32 118
32 125
32 130
32 134
32 142
32 149
32 151
32 164
32 174
32 190
33 34
33 38
33 145
33 147
33 149
33 187
34 35
34 45
34 87
34 159
34 161
34 184
34 190
35 36
35 45
35 55
35 129
35 139
35 173
35 179
35 188
36 37
36 38
36 44
36 54
36 56
36 76
36 80
36 133
36 139
36 160
36 161
37 38
37 43
37 88
37 89
37 186
38 39
38 61
38 76
38 114
38 134
38 147
38 174
38 188
38 191
38 198
39 40
39 52
39 57
39 72
39 118
39 136
39 138
39 151
39 158
39 180
40 41
40 103
40 110
40 130
40 131
40 160
40 181
40 195
40 198
41 42
41 62
41 76
41 80
41 90
41 160
41 168
41 195
41 196
42 43
42 64
42 129
42 137
42 151
43 44
43 58
43 71
43 107
43 111
43 125
43 137
43 148
44 45
44 78
44 98
44 102
44 126
44 192
44 195
44 199
45 46
45 57
45 106
45 135
45 141
45 162
45 176
45 180
46 47
46 55
46 58
46 63
46 71
46 84
46 129
46 131
46 152
46 169
46 195
47 48
47 74
47 83
47 118
47 121
47 168
47 197
48 49
48 85
48 103
48 106
48 140
48 172
48 178
49 50
49 56
49 66
49 121
49 147
49 155
49 169
49 174
50 51
50 65
50 77
50 78
50 85
50 97
50 101
50 124
50 133
50 142
50 151
50 162
50 165
50 178
50 184
50 186
50 194
51 52
51 57
51 93
51 99
51 121
51 124
51 140
51 147
51 152
51 156
51 157
51 166
52 53
52 68
52 101
52 112
52 162
53 54
53 69
53 135
53 183
53 188
54 55
54 93
54 145
54 153
54 173
54 188
55 56
55 66
55 69
55 79
55 84
55 85
55 90
55 100
55 103
55 106
55 142
55 143
55 163
55 170
55 190
55 192
56 57
56 64
56 66
56 90
56 123
56 138
56 156
56 169
56 173
56 174
56 192
57 58
57 65
57 84
57 98
57 109
57 150
57 181
57 187
58 59
58 71
58 82
58 118
58 121
58 154
58 159
59 60
59 93
59 113
59 146
59 160
59 165
59 195
60 61
60 124
60 135
60 141
60 144
60 169
60 198
61 62
61 70
61 72
61 125
61 146
61 155
61 184
62 63
62 69
62 79
62 98
62 166
62 189
63 64
63 118
63 124
63 136
63 137
63 142
63 165
63 194
63 199
64 65
64 69
64 83
64 85
64 88
64 105
64 107
64 135
64 190
65 66
65 105
65 110
65 194
66 67
66 71
66 103
66 124
66 132
66 140
66 194
67 68
67 74
67 98
67 150
67 173
68 69
68 116
68 136
68 145
68 151
68 162
68 168
68 175
68 185
68 193
69 70
69 86
69 89
69 92
69 93
69 115
69 119
69 122
69 127
69 196
70 71
70 128
70 184
71 72
71 91
71 117
71 146
71 183
71 187
71 194
72 73
72 83
72 84
72 96
72 125
72 152
72 156
72 169
72 174
72 186
73 74
73 87
73 100
73 124
73 148
73 150
73 163
73 177
73 178
73 181
73 191
73 199
74 75
74 81
74 87
74 117
74 124
74 138
74 139
74 155
74 193
75 76
75 146
75 147
76 77
76 102
76 118
76 154
76 175
76 193
77 78
77 107
78 79
78 85
78 91
78 102
78 103
78 113
78 143
78 145
78 155
78 158
78 159
78 174
78 176
78 180
78 197
79 80
79 87
79 101
79 139
79 183
79 189
79 194
80 81
80 98
80 107
80 118
80 132
80 142
80 196
81 82
81 105
81 109
81 117
81 150
81 152
81 155
82 83
82 91
82 98
82 114
82 143
82 167
82 172
82 178
83 84
83 91
83 95
83 115
83 128
83 159
83 161
83 183
83 189
84 85
84 105
84 145
84 172
84 185
84 197
85 86
85 104
85 128
85 158
85 164
85 171
85 184
85 196
86 87
86 108
86 115
86 161
86 172
86 194
86 199
87 88
87 91
87 96
87 148
87 198
88 89
88 100
88 116
88 136
88 196
89 90
89 105
89 117
89 187
89 190
90 91
90 118
90 125
90 131
90 177
91 92
91 124
91 142
91 147
91 180
92 93
92 99
92 113
92 114
92 119
92 132
92 146
92 166
92 189
93 94
93 108
93 141
93 152
94 95
94 108
94 133
94 168
94 198
95 96
95 110
95 160
95 196
95 198
96 97
96 112
96 114
96 118
96 155
96 156
96 171
96 196
97 98
97 99
97 113
98 99
98 104
98 130
98 163
98 183
99 100
99 102
99 109
99 151
99 162
99 189
99 191
100 101
100 132
100 144
100 193
100 195
101 102
101 135
101 148
101 163
101 165
101 168
101 171
102 103
102 138
102 194
103 104
103 118
103 120
103 158
103 161
103 166
103 171
103 199
104 105
104 116
104 167
104 174
104 199
105 106
105 146
105 151
105 159
105 170
105 175
105 193
106 107
106 162
106 164
106 181
107 108
107 132
107 138
107 170
107 189
107 191
108 109
108 119
108 122
108 135
108 148
108 199
109 110
109 131
109 133
109 142
109 144
109 155
110 111
110 114
110 128
111 112
111 125
111 135
111 174
111 178
112 113
112 146
112 148
112 158
113 114
113 132
113 156
113 162
113 182
113 191
113 196
114 115
114 155
114 185
115 116
115 145
115 148
115 193
116 117
116 120
117 118
117 131
117 191
118 119
118 137
118 156
118 169
118 199
119 120
119 135
119 138
119 139
119 148
119 169
119 193
120 121
120 125
120 134
120 161
120 182
121 122
121 135
121 151
121 159
121 161
121 172
121 188
121 192
122 123
122 154
123 124
123 128
123 138
123 146
123 158
123 166
123 174
123 184
123 198
124 125
124 141
124 155
124 179
124 193
125 126
125 137
125 153
125 177
125 194
126 127
126 138
126 141
126 168
126 187
127 128
127 131
127 139
127 196
128 129
128 132
128 137
128 162
128 168
128 185
129 130
129 156
129 164
129 183
130 131
130 139
130 144
130 152
130 155
130 163
130 177
130 194
131 132
131 148
131 152
131 194
132 133
132 149
132 185
132 199
133 134
133 181
133 196
134 135
134 138
134 142
134 147
134 175
134 182
135 136
135 140
135 144
135 162
135 174
135 190
136 137
136 157
136 158
136 190
136 196
136 199
137 138
137 142
137 181
137 184
137 195
137 199
138 139
138 149
138 195
139 140
139 179
140 141
141 142
141 149
141 175
141 185
142 143
142 171
142 192
143 144
143 153
143 156
143 168
144 145
144 186
144 198
145 146
145 165
145 173
146 147
146 187
147 148
147 155
147 158
147 159
147 161
147 173
148 149
148 165
148 173
148 196
149 150
149 184
149 191
150 151
150 157
150 159
150 161
150 192
151 152
151 168
151 180
151 183
151 194
152 153
152 164
152 196
153 154
153 167
153 179
153 189
154 155
154 162
154 192
155 156
155 175
156 157
156 172
156 178
156 194
157 158
157 160
157 162
157 169
157 188
157 192
158 159
158 172
158 177
158 190
159 160
159 163
160 161
160 172
161 162
161 178
161 192
162 163
162 189
162 198
163 164
163 166
163 179
164 165
164 194
165 166
165 172
166 167
166 169
166 181
166 192
167 168
167 177
168 169
168 170
168 194
168 196
169 170
169 182
169 188
170 171
170 176
170 197
171 172
171 186
172 173
172 181
172 182
173 174
173 185
174 175
174 179
174 186
175 176
175 180
175 187
176 177
176 179
177 178
177 181
177 182
177 188
178 179
179 180
180 181
181 182
181 191
182 183
182 190
183 184
183 190
183 198
184 185
184 187
185 186
186 187
187 188
187 199
188 189
189 190
189 197
190 191
190 192
191 192
192 193
193 194
194 195
195 196
196 197
197 198
198 199
