0 64.83388535059686
1 98.42499464524249
2 94.00118363396604
3 65.9773406584806
4 95.00644966098666
5 63.06771152227885
6 114.85989433261312
7 38.71476576423353
8 40.599125899148945
9 36.48045211269271
10 70.57725650454105
11 112.22136191744917
12 92.71001291865669
13 106.97847755231751
14 90.9621695554067
15 37.03827236152331
16 47.789548862959805
17 114.94706139896869
18 21.44095495975819
19 31.615358856115265
20 62.43737547600126
21 55.23827032579982
22 29.218797117286126
23 71.2734328994305
24 56.47963358323478
25 46.91326596824967
26 85.26219171478591
27 40.18003433396724
28 47.16665924012533
29 38.83904609310726
30 98.35057356762401
31 47.70899553620685
32 66.17868773424576
33 98.65242062121519
34 22.855468551413654
35 28.620462749490027
36 58.099853762313266
37 114.7329869007672
38 35.44064016568958
39 117.6893780104897
40 84.11843959017656
41 26.080696537921003
42 77.53685947278362
43 113.72694313567605
44 57.93392264827008
45 83.37256871702103
46 90.23010123556428
47 25.380866691877007
48 22.19910055225664
49 35.97698025681068
50 26.1121247645448
51 21.666717081973125
52 33.298196980720824
53 34.3329041335646
54 108.67752484727079
55 93.87401534751629
56 59.859474536513616
57 34.85532684548161
58 24.011537498768867
59 72.30718745481317
60 116.12363179590469
61 95.40700874725387
62 71.79800216909274
63 31.262838804922286
64 45.136782092086364
65 53.380663491920245
66 73.08706548425718
67 58.71125488988565
68 38.70959739546072
69 85.56455129112943
70 30.797360252205603
71 63.341438787019456
72 31.181794476880533
73 59.2182955761864
74 65.58753266788825
75 40.94538642161581
76 32.25377184948694
77 97.16480292871994
78 104.51718298591248
79 24.558695097585407
80 70.49493438463762
81 96.2078943149263
82 82.82739479499625
83 98.3410756913206
84 103.61082807895365
85 57.81431821383039
86 30.206234239547186
87 63.871627395594395
88 114.1489214138637
89 112.75257689828074
90 52.064718315701036
91 109.3502785521225
92 50.045475167729755
93 47.2600489736719
94 83.63392228311892
95 47.138068932276155
96 88.26363908925681
97 67.31367849035564
98 90.10404577395407
99 53.13547233622335
100 96.74553760664877
101 69.70846608584827
102 109.56143899083824
103 62.68927462572413
104 44.9988082316018
105 23.901893322988915
106 87.13970462872429
107 52.03497252150728
108 66.86064478585965
109 106.96133154746933
110 28.586182372218175
111 61.723083240184856
112 110.33012188008742
113 75.45534178567122
114 109.35525541007523
115 99.044091733141
116 118.83219581143808
117 102.75875466649312
118 111.37509966018038
119 90.15825529980452
120 75.87443326853725
121 57.995256387574
122 23.794632434267232
123 39.45281728544981
124 110.78020101976769
125 53.720148696534835
126 36.302569186615116
127 93.59063109088022
128 107.0296617452643
129 43.44986510122607
130 74.02067223557788
131 100.78059592502677
132 76.71264216886661
133 107.27370013856066
134 71.50844262860558
135 101.99170132512799
136 64.69501037321466
137 24.037119515250254
138 60.07659262472921
139 90.14887292309055
140 24.32295491534339
141 91.964997578085
142 47.391897893261905
143 25.790260895046686
144 62.83712061203282
145 26.09687685308222
146 101.26609294469932
147 103.23197939345481
148 89.14128077156404
149 30.535444947276464
150 110.55668026594998
151 119.97771370697431
152 109.16783157946242
153 116.2631750894441
154 85.26767047130289
155 113.92704106115694
156 104.80510481770105
157 111.16105467158447
158 75.2234081668924
159 97.87770721855442
160 101.19909404285063
161 87.86723033806264
162 32.09880937321523
163 38.88348373165816
164 74.21488836528519
165 117.2422820981373
166 113.12452486621693
167 101.22068925312468
168 74.94073867566655
169 40.46175327409494
170 26.445615572141193
171 96.03279750979056
172 51.340358295472896
173 41.13549890069734
174 47.89756877713968
175 58.164024739552694
176 28.506685237646884
177 90.35724431213254
178 96.87359638611223
179 101.25915811516428
180 68.44303917184948
181 32.21676164301794
182 44.99232505090675
183 85.89828804683076
184 67.89520653180207
185 75.0608665384205
186 45.43513072946505
187 72.35155616733906
188 68.48067867511091
189 54.6684486084717
190 113.107549719633
191 119.48037079712824
192 47.2089179884575
193 39.508541962059034
194 56.18932055684677
195 34.378030552298604
196 27.459178536475907
197 55.37946056587185
198 58.1728313458359
199 73.5340111408593
0 1
0 73
0 80
0 101
0 141
0 146
0 164
0 166
0 173
0 196
1 2
1 14
1 35
1 55
1 84
1 100
1 109
1 114
1 119
1 120
1 139
1 185
1 187
2 3
2 4
2 7
2 45
2 67
2 81
2 91
2 148
2 158
2 159
2 176
2 179
2 186
2 188
2 192
3 4
3 10
3 14
3 15
3 17
3 40
3 42
3 44
3 46
3 107
3 108
3 113
3 136
3 144
3 149
3 152
3 167
3 180
3 190
4 5
4 11
4 28
4 32
4 34
4 41
4 44
4 55
4 59
4 69
4 74
4 114
4 139
4 152
5 6
5 9
5 22
5 31
5 100
5 108
5 129
5 150
5 184
6 7
6 26
6 65
6 112
6 147
6 168
6 176
7 8
7 10
7 12
7 15
7 19
7 31
7 49
7 50
7 55
7 69
7 80
7 90
7 91
7 102
7 107
7 117
7 140
7 171
7 176
7 186
7 187
8 9
8 21
8 35
8 41
8 56
8 97
8 102
8 107
8 111
8 112
8 117
8 121
8 122
8 150
8 167
8 170
8 174
9 10
9 11
9 46
9 47
9 54
9 57
9 64
9 69
9 87
9 109
9 114
9 144
9 147
9 150
9 161
9 194
9 197
10 11
10 19
10 47
10 53
10 76
10 109
10 129
10 141
10 142
10 143
10 167
10 170
10 195
11 12
11 14
11 16
11 62
11 95
11 99
11 101
11 107
11 108
11 109
11 116
11 118
11 130
11 133
11 141
11 145
12 13
12 42
12 53
12 58
12 59
12 115
12 123
12 143
12 153
12 171
12 177
12 183
13 14
13 19
13 35
13 64
13 68
13 135
13 160
13 182
14 15
14 27
14 28
14 38
14 41
14 45
14 77
14 95
14 99
14 106
14 109
14 145
14 152
14 157
14 164
14 188
14 196
15 16
15 34
15 40
15 41
15 48
15 130
15 152
15 156
15 158
15 164
15 167
15 168
15 172
15 176
15 184
16 17
16 35
16 39
16 67
16 68
16 74
16 93
16 96
16 120
16 124
16 125
16 130
16 177
16 179
16 190
17 18
17 23
17 29
17 36
17 37
17 39
17 83
17 94
17 96
17 110
17 115
17 126
17 150
17 159
17 188
18 19
18 21
18 26
18 51
18 66
18 72
18 102
18 111
18 144
18 175
18 186
18 195
18 199
19 20
19 39
19 48
19 54
19 95
19 98
19 105
19 139
19 148
19 156
19 163
19 164
19 173
19 184
19 198
20 21
20 47
20 125
20 126
20 138
20 141
20 143
20 153
20 177
21 22
21 24
21 42
21 61
21 72
21 84
21 101
21 108
21 112
21 130
21 154
21 168
22 23
22 49
22 83
22 94
22 118
22 145
22 150
22 171
22 172
22 177
23 24
23 26
23 29
23 55
23 64
23 85
23 99
23 113
23 117
23 120
23 155
23 157
23 176
23 194
24 25
24 29
24 32
24 42
24 55
24 77
24 87
24 90
24 103
24 109
24 166
24 180
24 181
24 192
25 26
25 27
25 36
25 47
25 61
25 91
25 96
25 100
25 102
25 105
25 108
25 113
25 116
25 119
25 128
25 130
25 131
25 138
25 152
25 175
25 176
25 184
25 196
26 27
26 28
26 62
26 103
26 117
26 122
26 134
26 148
26 150
26 163
26 197
27 28
27 69
27 73
27 86
27 89
27 91
27 94
27 103
27 122
27 124
27 125
27 132
27 134
27 157
27 189
27 195
28 29
28 39
28 45
28 48
28 51
28 65
28 81
28 98
28 116
28 120
28 143
28 155
28 186
28 189
28 191
29 30
29 31
29 58
29 67
29 73
29 75
29 83
29 96
29 102
29 109
29 113
29 151
29 153
30 31
30 65
30 68
30 78
30 92
30 97
30 105
30 113
30 123
30 128
30 198
31 32
31 52
31 61
31 63
31 90
31 138
31 146
31 148
31 150
31 157
31 198
31 199
32 33
32 43
32 105
32 131
32 177
32 195
33 34
33 40
33 53
33 58
33 60
33 78
33 87
33 90
33 92
33 98
33 99
33 101
33 116
33 119
33 170
34 35
34 48
34 50
34 97
34 155
34 161
34 183
35 36
35 46
35 84
35 87
35 113
35 143
35 155
35 156
35 195
35 198
36 37
36 59
36 67
36 68
36 93
36 136
36 137
36 139
36 169
36 174
36 195
37 38
37 55
37 78
37 110
37 139
37 142
37 143
37 147
37 152
38 39
38 44
38 47
38 59
38 77
38 83
38 91
38 98
38 108
38 114
38 117
38 149
38 152
38 160
38 197
39 40
39 49
39 53
39 62
39 103
39 146
39 165
39 168
39 172
40 41
40 43
40 47
40 70
40 123
40 133
40 150
40 153
40 170
40 188
41 42
41 43
41 44
41 62
41 67
41 88
41 90
41 116
41 121
41 128
41 135
41 140
41 155
41 164
41 165
42 43
42 45
42 58
42 93
42 111
42 114
42 119
42 134
42 143
42 146
42 149
42 153
42 165
42 184
42 199
43 44
43 46
43 57
43 68
43 74
43 80
43 88
43 106
43 132
43 135
43 152
43 159
43 171
43 175
44 45
44 56
44 60
44 97
44 161
44 172
45 46
45 47
45 48
45 73
45 78
45 95
45 97
45 99
45 141
45 142
45 147
45 166
45 176
45 181
45 190
45 194
46 47
46 48
46 70
46 82
46 85
46 90
46 105
46 107
46 111
46 113
46 125
46 138
46 141
46 190
46 199
47 48
47 79
47 81
47 89
47 93
47 100
47 111
47 129
47 142
47 146
47 149
47 175
47 177
47 180
47 191
48 49
48 60
48 73
48 74
48 94
48 125
48 151
48 169
48 191
49 50
49 51
49 53
49 65
49 70
49 112
49 116
49 177
49 179
50 51
50 82
50 94
50 98
50 113
50 138
50 141
50 144
50 146
50 161
50 165
50 171
50 186
51 52
51 62
51 83
51 95
51 97
51 98
51 136
51 137
51 139
51 142
51 144
51 145
51 153
51 177
51 195
52 53
52 63
52 94
52 95
52 105
52 134
52 138
52 146
52 147
52 158
52 162
52 163
53 54
53 69
53 84
53 85
53 94
53 115
53 140
53 153
53 164
53 166
53 167
53 173
53 175
53 199
54 55
54 58
54 63
54 64
54 73
54 92
54 95
54 139
54 165
54 185
55 56
55 92
55 97
55 102
55 112
55 122
55 131
55 133
55 139
55 148
55 156
55 158
55 172
55 179
55 180
55 185
55 195
56 57
56 65
56 80
56 84
56 98
56 99
56 121
56 170
56 173
56 188
56 194
57 58
57 66
57 79
57 82
57 95
57 102
57 113
57 149
57 157
57 169
58 59
58 67
58 91
58 112
58 114
58 116
58 128
58 180
58 197
59 60
59 62
59 72
59 73
59 80
59 117
59 120
59 123
59 129
59 157
59 162
59 165
59 174
59 191
59 195
60 61
60 72
60 74
60 89
60 92
60 104
60 111
60 115
60 143
60 150
60 157
60 163
60 188
60 190
60 192
61 62
61 74
61 77
61 82
61 111
61 116
61 122
61 169
61 174
62 63
62 65
62 78
62 107
62 118
62 155
62 192
62 193
62 195
62 198
63 64
63 66
63 80
63 84
63 101
63 115
63 116
63 138
63 156
63 167
63 192
63 198
64 65
64 69
64 82
64 120
64 125
64 131
64 140
64 168
64 177
64 192
65 66
65 82
65 87
65 95
65 114
65 122
65 125
65 132
65 139
65 143
65 177
66 67
66 91
66 107
66 127
66 134
66 151
66 171
66 175
66 193
67 68
67 138
67 160
68 69
68 78
68 101
68 104
68 116
68 124
68 125
68 147
68 152
68 170
68 171
68 179
68 188
69 70
69 71
69 72
69 92
69 122
69 125
69 129
69 141
69 142
69 158
69 169
69 174
69 184
69 188
70 71
70 76
70 77
70 91
70 95
70 107
70 118
70 139
70 149
70 167
70 180
70 182
70 190
70 197
71 72
71 80
71 85
71 94
71 114
71 126
71 146
71 157
71 158
71 186
71 197
72 73
72 105
72 106
72 112
72 116
72 121
72 134
72 154
72 167
72 174
72 179
72 182
72 199
73 74
73 120
73 123
73 126
73 137
73 146
74 75
74 80
74 100
74 133
74 174
74 176
75 76
75 92
75 96
75 139
75 147
75 154
75 168
75 178
75 180
75 186
75 189
75 198
76 77
76 87
76 100
76 150
76 156
76 166
76 189
76 197
77 78
77 144
77 159
77 178
77 185
77 188
78 79
78 102
78 113
78 120
78 127
78 163
78 178
78 179
78 183
78 195
79 80
79 91
79 97
79 100
79 106
79 122
79 130
79 142
79 189
79 199
80 81
80 92
80 107
80 108
80 115
80 117
80 150
80 159
80 181
80 186
81 82
81 91
81 94
81 134
81 154
81 168
81 174
81 187
81 198
82 83
82 100
82 107
82 116
82 127
82 141
82 157
82 190
83 84
83 94
83 141
83 168
83 175
83 184
83 185
84 85
84 96
84 106
84 110
84 112
84 134
84 136
84 164
84 166
84 170
84 175
84 176
84 177
84 183
84 185
84 193
84 195
85 86
85 95
85 131
85 144
86 87
86 141
86 154
86 168
86 172
86 175
87 88
87 91
87 95
87 105
87 130
87 135
87 137
87 147
87 160
87 193
88 89
88 104
88 107
88 125
88 141
88 145
88 181
88 189
89 90
89 96
89 116
89 142
89 143
89 153
89 164
89 178
90 91
90 118
90 127
90 158
90 159
90 177
90 180
91 92
91 105
91 115
91 117
91 125
91 126
91 150
91 152
91 155
91 159
91 162
91 177
91 194
91 195
92 93
92 138
92 140
92 158
92 167
92 168
92 169
92 187
92 199
93 94
93 110
93 114
93 154
93 160
94 95
94 107
94 112
94 118
94 159
94 179
94 185
94 187
94 195
94 197
95 96
95 99
95 148
95 183
95 185
96 97
96 115
96 120
96 139
96 163
96 166
96 167
96 179
97 98
97 103
97 111
97 123
97 124
97 127
97 141
97 144
97 148
97 157
97 176
97 182
97 186
97 190
98 99
98 160
98 168
98 176
98 183
99 100
99 114
99 118
99 133
99 147
99 178
99 180
99 184
99 192
100 101
100 111
100 134
100 140
100 147
100 171
100 183
101 102
101 111
101 119
101 126
101 143
101 144
101 166
101 175
101 185
101 195
101 196
102 103
102 113
102 143
102 147
102 161
102 166
102 170
102 172
102 190
102 194
103 104
103 111
103 115
103 125
103 138
103 152
103 159
103 185
103 190
104 105
104 146
104 160
104 164
105 106
105 131
105 143
105 157
105 158
105 164
105 199
106 107
106 116
106 122
106 130
106 150
106 178
106 179
106 182
107 108
107 124
107 135
107 147
107 153
107 169
107 173
108 109
108 115
108 134
108 152
108 165
108 179
108 192
108 194
108 199
109 110
109 120
109 158
109 163
109 177
109 197
110 111
110 115
110 134
110 137
110 138
110 154
110 168
110 172
110 177
110 184
110 190
110 193
111 112
111 149
111 158
111 167
111 171
111 195
111 199
112 113
112 126
112 136
112 171
112 172
113 114
113 116
113 118
113 122
113 123
113 145
113 179
113 183
113 185
113 199
114 115
114 126
114 144
114 171
114 190
115 116
115 129
115 130
115 152
115 154
115 156
115 162
115 170
115 172
115 196
116 117
116 123
116 129
116 140
116 141
116 151
116 152
116 159
116 163
116 188
117 118
117 128
117 134
117 150
117 170
117 183
117 186
117 189
118 119
118 136
118 188
119 120
119 126
119 128
119 130
119 135
119 193
120 121
120 133
120 137
120 148
120 158
120 161
120 191
121 122
121 153
121 198
122 123
122 128
122 139
122 149
123 124
123 130
123 138
123 150
123 154
123 168
123 172
123 179
124 125
124 133
124 166
124 194
125 126
125 146
125 147
125 162
125 167
125 172
125 176
125 187
126 127
126 139
126 154
126 171
126 183
126 190
126 194
126 197
127 128
127 143
127 148
127 159
127 160
127 166
127 179
128 129
128 132
128 172
128 173
128 179
128 185
128 186
129 130
129 181
130 131
130 144
130 147
130 155
130 161
130 196
131 132
131 144
131 163
131 198
132 133
132 160
132 164
132 188
133 134
133 146
133 166
134 135
134 137
134 141
134 154
134 170
134 174
134 186
134 199
135 136
135 138
135 151
135 160
135 162
135 163
135 170
135 191
136 137
136 158
136 198
137 138
137 139
137 140
137 142
137 144
137 154
137 169
137 175
138 139
138 143
138 147
138 148
138 155
138 160
138 187
138 199
139 140
139 150
139 176
140 141
140 145
140 188
140 196
141 142
141 144
141 154
141 157
141 163
141 173
141 185
141 190
141 193
142 143
142 155
142 164
142 166
142 173
142 178
142 187
143 144
143 151
143 153
143 158
143 181
144 145
144 147
144 158
144 199
145 146
145 148
145 154
145 156
145 159
145 165
145 174
145 189
146 147
146 148
147 148
147 151
147 178
147 185
148 149
148 152
148 176
149 150
149 154
149 164
149 169
149 195
149 196
150 151
151 152
151 162
151 166
151 175
151 195
152 153
152 163
152 166
152 172
152 175
152 186
152 192
153 154
153 173
153 191
153 195
154 155
154 167
154 188
155 156
155 166
155 176
155 177
156 157
156 176
156 177
156 190
157 158
157 179
157 183
157 186
157 190
158 159
158 180
158 190
159 160
159 166
159 173
159 190
160 161
160 162
160 177
160 183
160 197
161 162
161 181
161 199
162 163
162 164
162 198
163 164
164 165
164 196
165 166
165 179
165 186
165 190
165 199
166 167
166 185
166 189
166 196
167 168
168 169
168 171
168 174
168 178
168 181
168 184
168 187
168 188
169 170
169 179
169 197
170 171
171 172
172 173
172 180
172 192
173 174
174 175
175 176
175 179
175 194
176 177
176 187
176 196
177 178
177 192
177 199
178 179
179 180
179 184
179 193
179 197
180 181
180 189
180 192
180 198
181 182
182 183
182 188
182 189
182 195
183 184
183 188
183 194
184 185
184 187
184 198
185 186
185 196
186 187
186 188
186 198
187 188
188 189
188 199
189 190
189 199
190 191
190 194
191 192
191 195
191 196
192 193
193 194
194 195
195 196
196 197
197 198
198 199
