0 78.8988300948654
1 115.62238484416153
2 80.92778527445331
3 66.78651067835916
4 46.560028625464376
5 65.50334778640304
6 99.49807857353363
7 45.93823370518135
8 33.04854041678928
9 23.520731483463248
10 71.73462275257579
11 64.74281707972153
12 91.84375462789114
13 28.42474859293503
14 87.76835894431215
15 105.04608103026035
16 116.28620404645389
17 74.50485966488958
18 36.358149498560515
19 77.05507938322685
20 103.31779953716493
21 48.05962481036095
22 115.77499200925051
23 94.52489197507403
24 45.00078704400281
25 94.15761819494602
26 70.41569778953661
27 118.97090855799625
28 73.03819602642702
29 32.39366540054327
30 99.90202203074449
31 77.59720499639194
32 56.61622287199286
33 75.59850576412067
34 39.08137841632261
35 33.94792269575993
36 107.11165133200649
37 43.838912390482015
38 87.13043535667774
39 117.73006443578635
40 74.55502308004134
41 107.54925757129598
42 71.87302509093028
43 100.82242517441917
44 30.21300645881261
45 38.26430307053528
46 71.45901093582538
47 40.17687685028254
48 117.25098276663829
49 93.17702995864215
50 79.710838863674
51 95.13457155956193
52 117.15958698465913
53 110.62413498784818
54 93.72970366024705
55 66.62104719837902
56 23.476578652608335
57 47.60577646769447
58 22.76341578665017
59 98.75065562814078
60 36.3080516799075
61 47.575031685738
62 65.87318360799597
63 29.562072390567526
64 91.25068628544223
65 86.98647019460708
66 82.59672073347488
67 76.92314825128284
68 114.53938278424964
69 112.47208138962749
70 85.59018741455371
71 98.08467173834968
72 52.592244756363044
73 47.016806833478846
74 117.14170029779947
75 66.92909195329244
76 58.597632352656206
77 113.13473329579708
78 32.484259397775986
79 71.6516102041972
80 31.38549619440512
81 93.80096505464725
82 101.9960865046209
83 47.42749307945492
84 92.54806478702017
85 27.77310205686366
86 61.661563251674984
87 23.560824533831898
88 56.62242022373216
89 114.94010107515562
90 86.57608798219715
91 82.67634791731464
92 96.12029431930279
93 89.46530162810221
94 35.81333224806871
95 100.70748060612503
96 28.28799437376282
97 103.74417567497352
98 118.63353448468753
99 60.74989180491351
100 53.70205830776965
101 54.57641809032428
102 61.79662758555204
103 111.29159219855948
104 58.153890942575316
105 74.45574059728511
106 115.65414235606382
107 69.89672619711492
108 48.74926460020115
109 105.50977316080997
110 22.729006352432663
111 57.11181087710279
112 32.746265890075705
113 71.37631462392223
114 86.65249588267652
115 82.17944625111156
116 63.37790688700729
117 63.18107087167242
118 21.612736705590102
119 92.0860358348862
120 70.75322865471719
121 59.78598296977965
122 32.879389028222334
123 38.53637547346848
124 67.90350492458255
125 109.60608732278969
126 77.50416545719102
127 113.63944370278281
128 72.13763580426836
129 111.54681377944395
130 80.95715006564518
131 54.40606053718021
132 110.09366429688885
133 45.99249077327713
134 40.24389280755463
135 118.6005834309899
136 81.22083392226259
137 23.280752937021802
138 26.958551131407464
139 90.05510971429338
140 38.899405890080004
141 36.72645719404093
142 114.76335271057884
143 80.24614446034673
144 111.00298495487166
145 30.012605128502624
146 94.94497215532192
147 54.75005708983821
148 22.430881354838977
149 114.64467823114116
150 110.98343647368556
151 28.135048497899927
152 100.98557185268788
153 102.16872287956369
154 38.47939958469682
155 38.91382035640069
156 44.9430882233969
157 47.98238274407939
158 60.32078415572783
159 37.372441077950725
160 105.76173486849268
161 38.822034604952734
162 38.62990625918502
163 93.4074157286278
164 92.59723448351762
165 94.38803368879023
166 64.8173716790624
167 58.94427867163795
168 36.64006093241221
169 95.07404307811099
170 76.97924128386352
171 100.07753726507421
172 62.76334466973278
173 92.39527457079434
174 69.9089966125469
175 47.763070389955644
176 103.56742803676431
177 106.46439779002341
178 87.15614570955364
179 102.71063656953505
180 56.629766959866394
181 65.74279394381463
182 76.84832555939384
183 70.06543055518205
184 29.61657101042228
185 98.29869421264276
186 113.40401765250202
187 92.53410792409906
188 39.885187493236955
189 40.932709746461455
190 35.7980934406535
191 96.80207047601856
192 35.30394602808427
193 92.78510120070007
194 29.702565759232364
195 67.4052319624013
196 81.23876595003415
197 103.4181009740953
198 85.61010792250347
199 114.66085068368622
0 1
0 10
0 25
0 27
0 34
0 45
0 49
0 59
0 71
0 82
0 89
0 93
0 97
0 116
0 122
0 130
0 134
0 149
0 159
0 170
0 174
0 176
0 177
0 179
0 180
0 183
0 188
1 2
1 10
1 30
1 47
1 59
1 62
1 66
1 70
1 75
1 80
1 82
1 94
1 99
1 100
1 101
1 105
1 109
1 115
1 124
1 127
1 137
1 147
1 151
1 155
1 175
1 185
2 3
2 36
2 39
2 60
2 71
2 74
2 85
2 87
2 97
2 100
2 149
2 161
2 162
2 167
2 168
2 169
2 175
3 4
3 47
3 52
3 63
3 80
3 82
3 84
3 89
3 91
3 117
3 139
3 146
3 154
3 159
3 176
3 177
3 191
4 5
4 22
4 30
4 51
4 62
4 63
4 68
4 83
4 88
4 93
4 127
4 142
4 146
4 151
4 158
4 160
4 163
4 164
4 172
4 194
5 6
5 14
5 24
5 48
5 62
5 78
5 80
5 85
5 97
5 109
5 111
5 113
5 130
5 134
5 145
5 150
5 165
5 180
6 7
6 8
6 13
6 23
6 25
6 38
6 56
6 57
6 62
6 71
6 86
6 115
6 123
6 132
6 134
6 165
6 192
6 198
7 8
7 16
7 21
7 25
7 32
7 44
7 53
7 60
7 79
7 89
7 93
7 96
7 125
7 133
7 155
7 161
7 169
7 175
7 176
8 9
8 22
8 34
8 45
8 58
8 76
8 95
8 98
8 102
8 113
8 124
8 136
8 140
8 144
8 149
8 161
8 169
8 186
9 10
9 28
9 35
9 36
9 42
9 52
9 59
9 63
9 68
9 70
9 74
9 80
9 103
9 113
9 140
9 145
9 151
9 178
9 188
9 192
9 199
10 11
10 12
10 22
10 23
10 35
10 42
10 43
10 78
10 97
10 103
10 112
10 114
10 131
10 171
10 172
11 12
11 20
11 50
11 73
11 114
11 127
11 173
11 180
12 13
12 40
12 51
12 69
12 90
12 116
12 124
12 125
12 134
12 135
12 141
12 142
12 157
12 159
12 171
12 176
13 14
13 16
13 70
13 86
13 132
13 141
13 143
13 155
13 170
13 178
13 193
14 15
14 17
14 27
14 32
14 40
14 59
14 61
14 80
14 98
14 153
14 157
14 162
14 183
15 16
15 19
15 29
15 34
15 36
15 56
15 68
15 93
15 100
15 106
15 123
15 130
15 131
15 151
15 152
15 159
15 162
15 170
15 175
15 177
15 178
15 182
15 196
16 17
16 25
16 42
16 47
16 62
16 64
16 68
16 69
16 82
16 119
16 143
16 146
16 148
16 153
16 157
16 162
16 164
16 168
16 175
16 178
16 198
17 18
17 21
17 22
17 48
17 53
17 84
17 137
17 156
17 157
17 169
17 183
17 199
18 19
18 23
18 50
18 66
18 79
18 84
18 85
18 121
18 132
18 133
18 141
18 146
18 149
18 164
18 176
18 187
18 196
18 197
19 20
19 26
19 28
19 32
19 52
19 58
19 74
19 83
19 86
19 91
19 110
19 113
19 118
19 125
19 134
19 140
19 166
19 167
20 21
20 26
20 27
20 29
20 34
20 48
20 49
20 63
20 65
20 81
20 83
20 86
20 87
20 100
20 104
20 118
20 119
20 123
20 151
20 166
20 168
20 174
20 184
20 197
21 22
21 28
21 35
21 36
21 37
21 42
21 75
21 92
21 104
21 142
21 149
21 155
21 156
21 172
21 174
22 23
22 29
22 35
22 43
22 60
22 69
22 71
22 115
22 118
22 120
22 154
22 155
22 162
22 175
22 193
23 24
23 25
23 41
23 70
23 81
23 91
23 100
23 107
23 117
23 120
23 128
23 134
23 147
23 169
23 179
23 189
23 190
24 25
24 54
24 62
24 72
24 74
24 83
24 90
24 91
24 109
24 115
24 118
24 127
24 133
24 134
24 138
24 149
24 152
24 158
24 176
24 197
25 26
25 29
25 33
25 48
25 79
25 84
25 87
25 89
25 107
25 131
25 155
25 165
25 176
25 180
25 192
25 198
26 27
26 39
26 48
26 51
26 55
26 67
26 99
26 101
26 127
26 138
26 197
27 28
27 31
27 32
27 41
27 58
27 62
27 69
27 70
27 78
27 86
27 92
27 97
27 112
27 129
27 133
27 139
27 157
27 167
27 183
27 189
27 198
28 29
28 67
28 77
28 79
28 80
28 82
28 87
28 97
28 121
28 166
28 173
28 174
28 176
28 185
29 30
29 37
29 51
29 60
29 72
29 75
29 89
29 95
29 103
29 107
29 109
29 150
29 183
29 187
30 31
30 43
30 51
30 52
30 53
30 59
30 60
30 73
30 74
30 80
30 95
30 97
30 98
30 109
30 116
30 119
30 147
30 154
30 155
31 32
31 33
31 46
31 49
31 58
31 63
31 65
31 67
31 74
31 83
31 105
31 113
31 120
31 121
31 131
31 135
31 136
31 139
31 143
31 144
32 33
32 43
32 45
32 55
32 65
32 73
32 75
32 79
32 127
32 141
32 145
32 149
32 151
32 153
32 169
32 182
32 199
33 34
33 80
33 94
33 103
33 117
33 129
33 137
33 149
33 150
33 158
33 160
33 179
33 191
33 199
34 35
34 50
34 61
34 72
34 87
34 94
34 98
34 109
34 134
34 140
34 144
34 147
34 155
34 157
34 160
34 175
34 180
34 181
34 199
35 36
35 49
35 63
35 69
35 100
35 106
35 123
35 124
35 146
35 148
35 153
35 159
35 167
35 178
35 180
35 186
35 192
35 197
36 37
36 66
36 88
36 91
36 103
36 107
36 128
36 141
36 142
36 155
36 170
36 178
36 181
37 38
37 53
37 63
37 68
37 82
37 91
37 102
37 114
37 127
37 149
37 156
37 168
37 171
38 39
38 42
38 48
38 54
38 66
38 72
38 77
38 124
38 133
38 135
38 153
38 155
38 159
38 170
38 171
38 181
38 193
39 40
39 51
39 55
39 57
39 58
39 73
39 83
39 86
39 89
39 112
39 126
39 129
39 135
39 138
39 143
39 158
39 176
39 177
39 180
39 186
39 190
39 191
39 192
40 41
40 44
40 50
40 54
40 61
40 62
40 96
40 102
40 103
40 105
40 111
40 124
40 126
40 140
40 156
40 166
40 180
40 188
41 42
41 45
41 49
41 52
41 55
41 66
41 70
41 80
41 92
41 100
41 103
41 108
41 115
41 125
41 127
41 135
41 143
41 149
41 162
41 168
41 174
41 184
42 43
42 53
42 78
42 86
42 93
42 107
42 111
42 125
42 153
42 157
42 158
42 160
42 172
42 180
42 196
42 199
43 44
43 53
43 55
43 95
43 99
43 110
43 129
43 132
43 142
43 164
43 196
44 45
44 56
44 68
44 80
44 90
44 91
44 104
44 106
44 121
44 122
44 132
44 143
44 169
44 176
44 186
44 195
44 197
44 198
45 46
45 52
45 66
45 67
45 71
45 96
45 109
45 116
45 132
45 138
45 143
45 150
45 153
45 155
45 172
45 187
45 195
46 47
46 54
46 60
46 79
46 95
46 97
46 102
46 139
46 177
46 186
46 192
47 48
47 50
47 51
47 60
47 65
47 99
47 101
47 107
47 113
47 116
47 120
47 123
47 129
47 132
47 145
47 156
47 160
47 165
47 195
47 197
48 49
48 59
48 68
48 79
48 81
48 104
48 120
48 121
48 126
48 157
48 158
48 170
48 189
48 197
48 198
49 50
49 54
49 61
49 64
49 93
49 98
49 108
49 112
49 120
49 134
49 139
49 163
49 165
49 175
49 179
49 189
49 190
49 195
50 51
50 60
50 75
50 80
50 90
50 105
50 108
50 112
50 113
50 116
50 119
50 129
50 143
50 155
50 179
50 195
50 198
51 52
51 53
51 84
51 90
51 92
51 109
51 112
51 118
51 133
51 135
51 139
51 141
51 151
51 172
51 177
51 178
51 182
51 189
52 53
52 66
52 75
52 82
52 84
52 103
52 113
52 114
52 122
52 124
52 139
52 158
52 172
52 180
52 187
52 188
52 189
52 196
53 54
53 57
53 61
53 62
53 78
53 82
53 96
53 100
53 125
53 141
53 149
53 152
53 153
53 155
53 158
53 165
53 169
53 187
53 190
54 55
54 61
54 75
54 83
54 95
54 120
54 135
54 167
54 171
54 172
54 189
55 56
55 60
55 71
55 93
55 102
55 113
55 119
55 124
55 152
55 154
55 155
55 197
55 198
56 57
56 79
56 95
56 98
56 110
56 143
56 152
56 153
56 173
56 183
57 58
57 80
57 100
57 106
57 115
57 127
57 129
57 135
57 168
57 181
57 190
58 59
58 61
58 62
58 84
58 88
58 101
58 140
58 143
58 150
58 177
58 189
58 190
59 60
59 92
59 96
59 136
59 153
59 171
59 179
59 181
59 183
60 61
60 73
60 85
60 96
60 107
60 125
60 127
60 132
60 138
60 146
60 148
60 154
60 160
60 184
60 186
60 187
60 190
60 198
61 62
61 73
61 99
61 105
61 112
61 120
61 124
61 136
61 140
61 145
61 149
61 151
62 63
62 75
62 78
62 82
62 89
62 98
62 100
62 114
62 119
62 126
62 129
62 135
62 161
62 170
62 182
62 199
63 64
63 67
63 70
63 71
63 85
63 95
63 107
63 123
63 169
63 181
63 186
64 65
64 85
64 89
64 100
64 103
64 111
64 113
64 135
64 145
64 155
64 156
64 175
64 179
64 188
64 194
64 197
65 66
65 69
65 81
65 95
65 120
65 126
65 136
65 163
65 180
65 190
65 191
65 194
65 198
66 67
66 68
66 69
66 85
66 96
66 104
66 116
66 118
66 124
66 131
66 143
66 151
66 166
66 170
66 173
66 196
66 198
66 199
67 68
67 82
67 88
67 91
67 107
67 115
67 116
67 154
67 172
67 187
67 188
67 190
68 69
68 75
68 77
68 99
68 100
68 105
68 107
68 115
68 117
68 125
68 161
68 190
68 192
68 198
69 70
69 74
69 79
69 86
69 91
69 111
69 113
69 134
69 162
69 166
69 169
69 170
69 184
69 190
70 71
70 72
70 81
70 107
70 147
70 155
70 169
70 183
71 72
71 73
71 74
71 85
71 91
71 96
71 109
71 147
71 160
71 167
71 171
72 73
72 77
72 85
72 87
72 94
72 95
72 118
72 148
72 152
72 157
72 161
72 172
72 173
73 74
73 85
73 100
73 102
73 139
73 148
73 159
73 177
73 179
73 181
74 75
74 90
74 96
74 130
74 135
74 147
74 160
74 172
74 173
74 175
75 76
75 101
75 105
75 106
75 127
75 139
75 168
75 179
75 192
76 77
76 90
76 117
76 121
76 180
76 182
76 184
77 78
77 138
77 141
77 147
77 167
77 175
77 183
78 79
78 93
78 104
78 109
78 110
78 117
78 130
78 134
78 137
78 148
78 150
78 190
79 80
79 111
79 114
79 115
79 157
79 163
79 164
79 193
80 81
80 85
80 86
80 111
80 115
80 124
80 126
80 130
80 162
80 164
80 171
81 82
81 86
81 88
81 89
81 103
81 126
81 143
81 162
81 183
81 187
81 193
81 196
82 83
82 85
82 110
82 136
82 138
82 146
82 155
82 163
82 175
82 176
82 183
82 194
83 84
83 86
83 105
83 107
83 108
83 131
83 136
83 153
83 177
83 179
83 192
83 195
83 197
84 85
84 96
84 107
84 126
84 133
84 136
84 141
84 148
84 156
84 177
84 192
84 194
85 86
85 89
85 103
85 107
85 129
85 136
85 138
85 150
85 161
85 164
85 174
85 180
85 198
86 87
86 91
86 103
86 127
86 144
86 174
86 184
86 189
87 88
87 97
87 101
87 110
87 111
87 139
87 144
87 145
87 147
87 156
87 173
87 180
87 186
87 188
87 191
88 89
88 94
88 125
88 134
88 140
88 141
88 158
88 162
88 166
88 167
88 172
89 90
89 94
89 108
89 110
89 111
89 121
89 125
89 158
89 199
90 91
90 97
90 100
90 131
90 138
90 146
90 150
90 164
90 182
90 186
90 189
91 92
91 107
91 115
91 127
91 144
91 146
91 153
91 155
91 182
91 187
91 191
92 93
92 112
92 116
92 121
92 146
92 150
92 154
92 165
92 172
92 182
92 191
93 94
93 99
93 104
93 116
93 120
93 135
93 136
93 140
93 142
93 144
93 147
94 95
94 111
94 120
94 124
94 138
94 143
94 156
94 161
94 162
94 180
94 181
94 187
94 189
94 198
95 96
95 110
95 125
95 136
95 139
95 159
95 172
95 190
96 97
96 104
96 112
96 121
96 127
96 154
96 158
96 182
96 185
96 192
97 98
97 134
97 142
97 147
97 152
97 158
97 174
97 193
98 99
98 105
98 115
98 138
98 140
98 154
98 167
98 180
98 184
98 185
98 192
98 195
99 100
99 110
99 134
99 140
99 173
99 189
100 101
100 103
100 108
100 112
100 148
100 150
100 157
100 163
100 165
100 171
100 173
100 177
100 190
100 191
101 102
101 124
101 134
101 150
101 157
101 177
101 182
101 186
102 103
102 104
102 105
102 110
102 129
102 131
102 134
102 138
102 158
102 161
102 174
103 104
103 132
103 138
103 156
103 164
103 166
104 105
104 117
104 119
104 126
104 143
104 155
104 195
104 197
105 106
105 120
105 123
105 125
105 143
105 157
105 163
105 169
105 179
105 196
105 198
106 107
106 108
106 127
106 161
106 174
106 181
106 188
106 198
106 199
107 108
107 111
107 116
107 136
107 140
107 147
107 156
107 161
107 173
107 187
107 192
108 109
108 120
108 122
108 130
108 149
108 166
109 110
109 126
109 132
109 134
109 140
109 147
109 149
109 171
109 175
109 192
109 194
109 197
110 111
110 118
110 127
110 141
110 150
110 153
110 182
111 112
111 131
111 132
111 149
111 156
111 157
111 159
111 161
111 166
111 176
111 187
112 113
112 114
112 155
112 160
112 167
112 169
112 182
112 188
113 114
113 119
113 121
113 142
113 157
113 160
113 183
113 184
113 188
114 115
114 138
114 141
114 144
114 148
114 171
114 174
115 116
115 123
115 125
115 160
115 161
115 179
115 185
116 117
116 122
116 127
116 131
116 149
116 156
116 158
116 161
116 167
116 170
116 189
117 118
117 119
117 143
117 147
117 181
117 183
117 185
117 190
118 119
118 131
118 137
118 138
118 141
118 142
118 157
118 161
118 170
118 184
118 188
119 120
119 126
119 168
119 175
119 180
120 121
120 137
120 144
120 157
120 159
120 188
120 195
120 197
121 122
121 134
121 140
121 144
121 148
121 149
121 156
121 180
121 188
121 196
122 123
122 124
122 163
122 182
123 124
123 126
123 129
123 164
123 165
123 166
123 177
123 183
123 189
123 198
124 125
124 133
124 136
124 188
124 193
124 195
125 126
125 131
125 139
125 159
125 168
125 197
126 127
126 138
126 172
126 179
126 192
126 198
126 199
127 128
127 131
127 136
127 157
127 158
127 178
127 181
127 192
128 129
128 140
128 142
128 160
128 162
128 166
128 170
128 172
128 175
128 177
128 183
128 192
129 130
129 147
129 167
129 171
129 175
129 178
129 193
129 197
130 131
130 138
130 143
130 145
130 148
130 163
130 178
130 199
131 132
131 157
131 167
131 169
131 173
131 177
131 186
131 199
132 133
132 151
132 152
132 153
132 159
132 163
132 175
132 194
133 134
133 147
133 149
133 163
134 135
134 147
134 149
134 160
134 177
134 179
135 136
135 150
135 166
135 178
135 192
135 198
136 137
136 151
136 155
136 167
136 172
136 181
136 189
136 190
137 138
137 142
137 178
137 191
137 195
137 197
138 139
138 140
138 157
138 158
138 172
138 174
138 175
138 176
138 178
138 193
139 140
139 147
139 169
139 171
139 173
139 178
139 181
140 141
140 145
140 147
140 185
140 188
140 195
141 142
141 159
141 162
141 165
141 176
141 181
141 194
142 143
142 166
142 171
142 178
142 179
142 185
142 199
143 144
143 154
143 162
143 176
143 183
143 191
144 145
144 163
144 164
144 168
144 172
144 178
145 146
145 152
145 156
145 163
145 182
145 186
145 199
146 147
146 160
146 183
147 148
147 187
147 195
148 149
148 153
148 158
148 192
149 150
149 156
149 173
149 181
149 194
150 151
150 154
150 179
150 190
150 192
151 152
151 157
151 164
151 166
151 169
151 182
151 184
151 186
152 153
152 176
152 183
152 188
152 195
153 154
153 156
153 173
153 180
153 181
154 155
154 162
154 167
154 170
154 171
154 177
154 191
155 156
155 157
155 168
156 157
157 158
157 178
157 194
157 197
158 159
158 163
158 164
158 179
158 183
158 192
158 194
158 197
159 160
159 167
159 178
159 179
159 187
160 161
160 181
160 186
161 162
161 164
161 172
161 179
161 187
161 195
161 197
162 163
162 167
162 178
163 164
163 172
163 182
163 192
164 165
164 169
164 170
164 180
164 187
165 166
165 182
165 186
166 167
166 173
166 184
166 189
166 196
166 198
167 168
167 177
168 169
168 170
168 182
168 192
168 196
168 199
169 170
169 171
169 174
169 190
169 192
169 197
169 198
170 171
170 181
170 187
170 188
171 172
171 188
171 198
172 173
172 190
173 174
174 175
174 198
175 176
175 183
175 199
176 177
176 185
176 187
176 192
176 193
176 195
177 178
177 180
177 185
177 189
177 199
178 179
179 180
179 196
180 181
180 197
181 182
181 184
182 183
182 190
182 193
183 184
183 193
183 195
184 185
185 186
186 187
186 190
187 188
187 196
188 189
188 192
188 193
188 194
189 190
189 193
190 191
191 192
192 193
193 194
193 199
194 195
195 196
196 197
197 198
197 199
198 199
