0 72.20573822111507
1 69.78114942731416
2 47.22514896151877
3 62.01623302294512
4 76.7040036470749
5 69.22752770259174
6 111.36992544385919
7 112.04494276215772
8 100.45362712317838
9 115.99777914508607
10 32.416793346793874
11 48.79755892592151
12 27.099939282606236
13 101.22886722276398
14 27.59541789688952
15 94.8832165703323
16 63.124691236348404
17 25.718964977269756
18 72.7846829730732
19 83.01856375241672
20 97.44773394463978
21 107.12140573660004
22 93.13895089079644
23 43.77826118074829
24 75.22096977905848
25 109.60500345524038
26 26.59954941441603
27 32.47595118657328
28 54.39676971909452
29 67.41935310876724
30 44.15685635350777
31 96.35067653299109
32 76.25064140182653
33 96.55760442771451
34 49.88847286107203
35 45.05002985249938
36 21.76062061843506
37 114.58811403086678
38 51.08416236671834
39 102.3428232525411
40 44.593510696416885
41 117.73031426048884
42 84.17838012791024
43 85.06038401333679
44 68.420747774446
45 96.37901722552729
46 105.74636890035325
47 76.45705202919558
48 111.38431334692761
49 105.53525336770784
50 109.47998050705212
51 35.49681992358093
52 53.755817172749836
53 44.98073405817361
54 109.84448340527791
55 111.0144964133972
56 96.17945787385506
57 45.536829285646355
58 41.02783089711238
59 110.26615339881039
60 65.36229308411373
61 102.37794886099866
62 55.828995216935354
63 105.07503426896831
64 111.67286401796898
65 44.12304216903814
66 73.29211323550314
67 45.59551033775726
68 108.83190260559115
69 77.30793156304713
70 116.17838166838588
71 91.65906968687912
72 109.72647473685633
73 99.84498506134996
74 99.77777021766333
75 64.73273630825564
76 34.35161180055711
77 34.20565018180352
78 82.09777792677224
79 69.71173240290958
80 65.98109813567689
81 91.31520275768978
82 62.12662926832672
83 35.08455638461932
84 109.89174982887593
85 39.528014910606075
86 117.65344741011087
87 72.45014726889154
88 25.313209204111423
89 119.5555049062261
90 107.03811381003237
91 61.93309401397324
92 75.74787312748657
93 115.84791296396301
94 20.358655741167823
95 28.734374545681742
96 55.4033013708776
97 67.68485916884623
98 54.524191910559146
99 87.87140276507628
100 40.20202912944441
101 79.10863411073147
102 104.22659329095903
103 99.1026683521448
104 80.68145425563974
105 65.83801000581994
106 106.0141814710553
107 92.0985936601283
108 101.06902424769108
109 59.42932445055152
110 46.305966404968395
111 93.11165478335552
112 93.91571284509394
113 74.20543027874554
114 45.82502850893185
115 108.71522907943422
116 102.89332506421138
117 30.852092950411745
118 62.71487330735929
119 99.62206436631266
120 67.70891839602251
121 22.08523261009286
122 114.51268738304609
123 108.15956519435981
124 64.56222352788063
125 100.42139265051955
126 105.1885974422601
127 86.67066879514705
128 113.16961385924742
129 65.83767377065227
130 57.62023218123061
131 110.9253087030462
132 37.100882435674414
133 31.986298821178544
134 94.15694542326993
135 52.569003714994125
136 58.02263656012862
137 53.63287083756589
138 78.33833184298464
139 27.701472059490925
140 76.41489572583453
141 105.11631268536854
142 29.366742233697778
143 34.869523771223385
144 41.42504402633669
145 109.88234674803034
146 47.593678749305674
147 45.074996695753605
148 40.745982092837245
149 34.52132118436925
150 44.06513245536499
151 108.83981863185286
152 47.75298644360381
153 77.2450575189605
154 50.08104880101999
155 100.93672023225561
156 47.60642633619015
157 100.3663302252524
158 93.75928601238108
159 32.085522043737654
160 26.62513959268589
161 79.0984852300904
162 69.75457005160325
163 118.73135345064048
164 49.95793389156117
165 64.87159220182852
166 95.5681370911551
167 116.96250314228351
168 71.42835272643309
169 90.36546468702042
170 43.293851838817304
171 94.69207655177811
172 116.40046303737627
173 75.58876534444066
174 59.18181954310391
175 37.419011563351845
176 53.61110363351795
177 29.587324136396102
178 35.06059990992835
179 57.20037353472128
180 25.136708421028214
181 80.74371749455267
182 75.44435218045564
183 101.90836483204913
184 35.01040715207959
185 110.13401912559902
186 112.06131658571063
187 42.41173284564919
188 106.47785031672251
189 107.03662154527923
190 53.57527973991877
191 49.01282946049902
192 105.4777939667493
193 113.4418272131482
194 22.43175243619368
195 55.28785622940623
196 93.65616949835525
197 75.28992310630848
198 23.045820689441094
199 47.41929987550991
0 1
0 9
0 46
0 55
0 67
0 80
0 85
0 89
0 94
0 122
0 123
0 125
0 186
1 2
1 11
1 107
1 108
1 135
1 136
1 153
1 161
1 162
1 177
1 179
2 3
2 11
2 54
2 68
2 90
2 111
2 116
2 125
2 128
2 171
2 187
3 4
3 43
3 51
3 52
3 66
3 70
3 81
3 129
3 139
3 149
3 151
3 160
3 187
4 5
4 18
4 28
4 30
4 65
4 116
4 118
4 129
4 135
4 149
4 188
4 195
5 6
5 8
5 72
5 79
5 88
5 99
5 108
5 162
5 180
6 7
6 14
6 17
6 19
6 25
6 95
6 101
6 115
6 131
6 143
6 147
6 150
6 172
6 176
7 8
7 20
7 58
7 67
7 73
7 85
7 86
7 89
7 108
7 136
7 145
7 159
7 180
8 9
8 28
8 39
8 59
8 99
8 116
8 161
8 162
8 176
9 10
9 17
9 21
9 25
9 36
9 41
9 51
9 57
9 160
9 188
9 189
9 197
10 11
10 41
10 74
10 93
10 94
10 109
10 117
10 126
10 159
10 172
10 193
10 197
11 12
11 33
11 68
11 101
11 114
11 143
11 145
11 171
11 186
12 13
12 18
12 21
12 29
12 37
12 52
12 88
12 109
12 123
12 161
13 14
13 18
13 38
13 44
13 67
13 76
13 113
13 136
13 137
13 148
13 185
13 189
13 192
14 15
14 57
14 87
14 107
14 198
15 16
15 37
15 48
15 61
15 74
15 85
15 111
15 135
15 146
15 153
15 171
15 194
15 195
16 17
16 34
16 66
16 89
16 90
16 141
16 143
16 176
17 18
17 23
17 31
17 35
17 38
17 51
17 94
17 132
17 151
17 166
18 19
18 20
18 28
18 55
18 69
18 76
18 77
18 105
18 138
18 146
18 148
18 159
18 180
18 198
19 20
19 33
19 41
19 63
19 81
19 86
19 174
19 198
20 21
20 37
20 67
20 74
20 124
20 141
20 175
20 179
20 181
21 22
21 33
21 49
21 51
21 59
21 64
21 77
21 78
21 111
21 124
21 139
21 179
22 23
22 36
22 40
22 45
22 48
22 85
22 87
22 98
22 106
22 107
22 109
22 122
22 123
22 139
22 178
22 189
22 196
23 24
23 42
23 50
23 61
23 81
23 85
23 130
23 186
23 194
23 198
24 25
24 34
24 85
24 112
24 117
24 118
24 119
24 141
24 150
24 161
24 163
25 26
25 28
25 49
25 77
25 79
25 144
25 171
26 27
26 32
26 41
26 50
26 59
26 85
26 92
26 94
26 100
26 107
26 149
26 157
26 177
26 187
27 28
27 31
27 76
27 88
27 132
27 135
27 138
28 29
28 32
28 33
28 35
28 36
28 63
28 77
28 84
28 106
28 108
28 162
28 179
29 30
29 40
29 57
29 111
29 113
29 115
29 118
30 31
30 39
30 48
30 61
30 142
30 149
30 151
30 161
30 188
30 197
31 32
31 50
31 110
31 164
32 33
32 52
32 87
32 98
32 102
32 133
32 134
32 150
32 158
32 183
32 192
33 34
33 41
33 115
33 148
33 152
33 153
33 158
33 199
34 35
34 36
34 47
34 94
34 120
34 123
34 157
34 162
34 176
34 189
34 194
35 36
35 48
35 84
35 85
35 86
35 109
35 131
35 140
35 149
35 150
35 166
36 37
36 107
36 108
36 111
36 185
36 189
37 38
37 99
37 112
37 119
37 136
37 147
37 175
38 39
38 102
38 140
38 155
38 178
39 40
39 41
39 62
39 68
39 94
39 105
39 169
39 188
40 41
40 57
40 62
40 83
40 120
40 121
40 156
40 162
41 42
41 62
41 65
41 106
41 115
41 123
41 131
41 150
41 178
42 43
42 74
42 82
42 89
42 108
42 115
42 117
42 121
42 125
42 126
42 145
42 147
42 174
42 177
42 193
43 44
43 75
43 77
43 85
43 95
43 138
44 45
44 71
44 81
44 86
44 98
44 118
44 130
44 153
44 161
44 182
44 195
44 197
45 46
45 66
45 79
45 82
45 90
45 91
45 96
45 99
45 118
45 125
45 154
45 157
45 161
45 165
45 170
45 172
45 181
46 47
46 131
46 142
47 48
47 58
47 77
47 80
47 82
47 92
47 102
47 103
47 109
47 120
47 130
47 131
47 138
47 177
47 187
48 49
48 52
48 54
48 79
48 85
48 103
48 110
48 138
48 186
48 187
49 50
49 80
49 115
49 135
49 196
50 51
50 54
50 60
50 67
50 80
50 121
50 141
50 151
50 174
50 180
50 199
51 52
51 79
51 145
51 157
51 160
52 53
52 65
52 76
52 113
52 130
52 144
52 157
52 162
52 183
53 54
53 85
53 109
53 135
54 55
54 73
54 112
54 114
54 121
54 157
55 56
55 67
55 86
55 96
55 97
55 118
55 142
55 183
56 57
56 101
56 120
56 140
56 160
56 179
57 58
57 69
57 93
57 113
57 133
57 152
57 154
57 186
57 195
58 59
58 95
58 155
58 165
58 196
59 60
59 72
59 130
59 153
59 155
60 61
60 65
60 73
60 84
60 167
60 188
61 62
61 64
61 68
61 102
61 162
61 167
61 174
61 176
61 183
62 63
62 75
62 84
62 133
62 187
62 191
63 64
63 66
63 146
63 148
63 157
64 65
64 99
64 131
64 152
64 157
64 163
64 166
64 169
65 66
65 90
65 131
65 144
65 169
65 181
66 67
66 69
66 88
66 104
66 106
66 107
66 126
66 165
66 173
67 68
67 88
67 93
67 116
67 127
67 134
67 158
67 178
68 69
68 70
68 189
69 70
69 106
69 109
69 155
69 159
69 186
69 193
69 196
70 71
70 79
70 94
70 119
70 128
70 137
70 187
70 194
71 72
71 144
71 166
71 179
71 186
71 195
72 73
72 95
72 100
72 116
72 152
72 166
72 167
72 174
72 177
72 179
73 74
73 89
73 120
73 155
73 166
73 171
73 179
73 185
73 195
73 197
74 75
74 92
74 116
74 129
74 148
74 149
74 162
74 165
74 177
74 195
74 196
75 76
75 81
75 105
75 156
75 161
75 179
75 184
75 190
76 77
76 96
76 104
76 115
76 123
76 133
76 178
76 184
77 78
77 102
77 139
77 145
77 157
77 161
77 166
78 79
78 116
78 130
78 192
79 80
79 82
79 117
79 133
79 147
79 170
79 171
79 182
80 81
80 120
80 122
80 133
80 139
80 150
80 170
80 184
80 191
80 193
81 82
81 96
81 124
81 150
81 166
81 176
81 183
82 83
82 85
82 129
82 140
82 154
82 155
82 167
82 187
83 84
83 125
83 163
83 176
83 184
84 85
84 107
84 127
84 139
84 141
84 152
84 154
85 86
85 112
85 132
85 148
85 151
85 160
85 178
85 183
86 87
86 99
86 126
86 143
86 166
86 170
86 174
86 180
87 88
87 124
87 134
87 141
87 148
87 162
87 172
87 177
87 181
88 89
88 92
88 103
88 113
88 130
88 150
88 174
88 180
88 194
88 199
89 90
89 138
89 168
89 181
89 197
90 91
90 93
90 126
90 134
90 172
91 92
91 98
91 111
91 112
91 147
91 161
91 183
92 93
92 95
92 134
92 178
92 180
93 94
93 154
93 181
93 182
93 195
93 196
93 198
94 95
94 107
94 115
94 127
94 181
95 96
95 108
95 121
95 161
95 179
95 185
96 97
96 101
96 112
96 114
96 135
96 164
96 166
96 167
96 180
97 98
97 130
97 151
97 185
97 193
98 99
98 116
98 134
98 137
98 149
98 152
98 184
98 199
99 100
99 138
99 153
99 181
100 101
100 105
100 119
100 120
100 128
100 142
100 151
101 102
101 103
101 109
101 118
101 124
101 143
101 157
102 103
102 121
102 167
102 179
103 104
103 143
103 158
103 169
103 199
104 105
104 113
104 117
104 164
104 197
105 106
105 119
105 147
105 151
105 167
105 175
105 186
105 188
105 194
106 107
106 113
106 114
106 118
106 130
106 152
106 159
106 177
106 185
106 195
107 108
107 129
107 160
107 183
108 109
108 117
108 126
108 132
109 110
109 145
109 169
109 175
110 111
110 118
110 142
110 144
110 147
110 153
110 170
110 199
111 112
111 163
111 171
111 182
111 185
112 113
112 116
112 148
112 185
112 192
113 114
113 115
113 119
113 125
113 157
113 178
114 115
114 130
114 138
115 116
115 126
115 129
115 131
115 132
115 143
115 157
115 158
115 172
116 117
116 142
116 151
116 170
116 183
117 118
117 147
117 163
117 185
117 199
118 119
118 195
119 120
119 134
119 146
119 152
119 183
120 121
120 123
120 181
121 122
121 126
121 157
121 160
121 175
121 187
121 196
122 123
122 175
122 190
122 197
123 124
123 174
124 125
124 197
125 126
125 160
125 180
125 187
126 127
126 145
126 153
127 128
127 168
127 171
127 175
128 129
128 139
128 161
129 130
129 150
130 131
130 142
131 132
131 150
131 160
131 165
131 174
131 187
131 199
132 133
132 178
133 134
133 139
133 157
133 176
133 181
133 190
133 199
134 135
134 155
134 164
134 167
134 177
135 136
135 143
135 147
135 179
135 181
135 187
136 137
136 139
136 158
136 159
136 160
136 183
136 184
136 190
137 138
137 158
137 192
138 139
138 169
138 185
139 140
139 167
140 141
140 144
140 154
140 155
140 159
140 182
140 184
140 199
141 142
141 162
141 188
142 143
142 153
142 167
142 186
143 144
143 165
143 166
143 172
143 192
144 145
144 177
144 196
145 146
145 149
145 175
146 147
146 180
147 148
147 155
147 168
147 174
148 149
148 161
149 150
149 160
149 171
150 151
150 157
150 164
150 165
150 167
150 175
151 152
151 175
151 199
152 153
152 162
153 154
153 155
153 159
153 182
153 192
154 155
154 184
154 187
154 189
155 156
155 191
155 197
155 199
156 157
156 183
157 158
157 166
157 198
158 159
158 199
159 160
159 176
160 161
161 162
161 187
162 163
162 170
162 183
163 164
163 167
163 173
163 183
163 194
164 165
164 169
164 180
164 192
165 166
165 196
166 167
166 168
166 183
166 190
166 195
167 168
167 177
168 169
169 170
169 171
169 188
169 189
170 171
170 176
170 181
171 172
171 184
172 173
172 186
173 174
173 192
174 175
174 181
174 185
174 196
175 176
175 185
175 193
176 177
177 178
177 194
178 179
179 180
180 181
180 183
180 194
181 182
182 183
182 189
182 191
183 184
184 185
184 191
185 186
186 187
186 190
186 199
187 188
187 195
188 189
188 190
189 190
190 191
191 192
192 193
193 194
193 199
194 195
195 196
196 197
197 198
198 199
