0 26.282767435163738
1 116.73659657127662
2 57.43507827936471
3 43.99528746960364
4 83.26430152425942
5 66.6992445566009
6 89.96376860088326
7 71.88475491939963
8 63.05062167796056
9 65.48920113076055
10 51.389188661372636
11 70.20915825939188
12 95.54026921027113
13 111.33740715975546
14 54.32006483062302
15 40.61496056423316
16 25.70253810235379
17 44.75013108680151
18 39.79123508751213
19 28.412000478028283
20 110.43095406617057
21 31.766617176195872
22 77.59883984070777
23 84.61992922861609
24 91.04381298757667
25 46.652993353298555
26 64.33001217359913
27 83.8367364206266
28 31.644807468976467
29 71.71129633490315
30 33.17702071239305
31 47.688262752405656
32 30.8418956570739
33 96.82386053924687
34 58.473497728595135
35 102.62153774976841
36 59.732748118857806
37 119.41970890042177
38 84.86303045953834
39 82.93365112731598
40 52.60024638097685
41 116.74097818799477
42 36.108021354503094
43 75.1817941355934
44 78.42169922174054
45 86.60388474514458
46 61.76947608043754
47 88.49900729306509
48 51.080500656387834
49 30.29003389772528
50 61.335872200377885
51 26.844067077593085
52 94.07927613611078
53 81.77039998371872
54 84.85210145653048
55 33.842881166307194
56 61.58853984199998
57 71.15561442328666
58 46.69698356554217
59 78.63261896604936
60 31.82516876745062
61 47.08265859229687
62 104.88060349127343
63 51.99876922358833
64 31.040111709475763
65 72.68946531109721
66 52.08031602835042
67 46.09916145776798
68 116.80488704591042
69 52.895286025333114
70 36.60697731020156
71 98.19795272336901
72 47.82161653433012
73 46.89617842219087
74 81.59055816914015
75 89.08643781096444
76 94.14148604128603
77 69.1012670767771
78 98.8969911506352
79 100.24648461364215
80 96.46167025124461
81 84.176942011696
82 100.63577326923568
83 50.31627505831387
84 66.08090403317541
85 57.43246507539787
86 95.59041578386991
87 51.04695448490035
88 28.129107235216043
89 30.471970524175596
90 20.501632661327477
91 45.692709487151234
92 49.84650699358351
93 53.85412262359411
94 96.85564560614701
95 118.65564788968962
96 62.97299772562153
97 23.442240577482725
98 22.677821644782618
99 94.2108444026335
100 84.71850185711419
101 35.19398022436468
102 105.80432506537338
103 74.26573609402661
104 65.32035661070617
105 94.33115550996551
106 20.202295149054656
107 100.36202799663084
108 41.85383364270173
109 89.14665100375682
110 20.13160787413291
111 63.50712077755532
112 57.74712082474958
113 67.14677464943057
114 78.28895639276134
115 26.926011043216395
116 115.36216845231795
117 31.79385285573708
118 23.54768726287409
119 71.45353771022315
120 65.03805791931462
121 111.80521105224757
122 41.50442305561127
123 21.040672988579892
124 98.15361987891684
125 41.78114441244145
126 66.76620013690007
127 56.72758043019766
128 104.05121807856291
129 32.875855477687416
130 39.75948922847692
131 81.43997392106046
132 71.07382159411071
133 105.29177287227166
134 22.815136685523388
135 55.09423975516527
136 60.50252881010562
137 100.56901469965787
138 70.38089624978912
139 79.75074855627193
140 58.84198204115602
141 90.95826295245925
142 26.43590375555322
143 77.93358811423646
144 118.68620344096098
145 55.60660627470956
146 78.52907806302068
147 73.73895129424255
148 31.307539649962628
149 98.85239448664132
150 32.336126598819455
151 55.98325147125633
152 35.146573825957645
153 44.61655225771442
154 83.22744130431214
155 75.39599158034169
156 53.541047794181246
157 52.69414354483125
158 52.06185146200492
159 103.74127323982975
160 72.31692079554963
161 67.69146257508376
162 21.268880772736548
163 61.75579023359944
164 113.27491610272207
165 29.42027110417321
166 54.2547477845928
167 104.92000774545293
168 33.141026744265105
169 44.752252782101976
170 106.26509123731358
171 41.33316989715988
172 79.20962467977242
173 45.25313489292178
174 38.05995384674935
175 44.34166179116386
176 62.692968007400346
177 32.35732938255255
178 25.104333764960913
179 114.07419164802197
180 68.70104455118832
181 42.410389809584174
182 114.45016388789085
183 36.66610772600066
184 107.81086621177462
185 47.59794198867059
186 119.08328234354454
187 87.70912021120854
188 28.3444890869673
189 45.59616669576926
190 55.231635555483535
191 27.34160966947973
192 50.760146795537686
193 80.72035263593406
194 21.978554594977176
195 38.3985500943051
196 55.971115561573605
197 82.41437176788116
198 94.49766280570348
199 66.16905872423487
0 1
0 25
0 57
0 63
0 70
0 109
0 119
0 142
1 2
1 4
1 20
1 25
1 32
1 33
1 42
1 48
1 56
1 78
1 79
1 120
1 144
1 154
1 174
1 193
1 196
2 3
2 12
2 13
2 16
2 65
2 67
2 69
2 72
2 102
2 103
2 142
2 147
2 149
2 155
2 156
2 187
3 4
3 11
3 28
3 34
3 73
3 91
3 93
3 97
3 108
3 117
3 121
3 123
3 140
3 143
3 146
3 179
3 190
3 197
4 5
4 33
4 49
4 52
4 61
4 67
4 76
4 82
4 84
4 103
4 109
4 126
4 140
4 146
4 147
4 171
4 185
4 187
4 192
4 193
4 196
5 6
5 18
5 35
5 36
5 74
5 136
5 142
5 154
5 156
5 181
5 197
6 7
6 42
6 43
6 53
6 55
6 91
6 102
6 117
6 134
6 152
6 167
6 183
7 8
7 16
7 22
7 24
7 32
7 81
7 95
7 106
7 114
7 140
7 174
8 9
8 14
8 17
8 18
8 29
8 35
8 65
8 71
8 109
8 158
8 172
8 184
9 10
9 14
9 21
9 31
9 83
9 100
9 113
9 148
9 155
10 11
10 45
10 50
10 53
10 62
10 77
10 98
10 100
10 110
10 140
10 145
10 151
10 152
10 168
10 178
10 190
10 193
11 12
11 14
11 25
11 27
11 40
11 49
11 91
11 92
11 110
11 131
11 135
11 140
11 146
11 151
11 159
11 161
11 162
11 164
11 172
11 190
12 13
12 27
12 29
12 49
12 84
12 125
12 154
12 158
12 162
12 187
12 198
13 14
13 23
13 59
13 67
13 68
13 70
13 94
13 96
13 101
13 113
13 126
13 196
14 15
14 18
14 46
14 54
14 63
14 65
14 68
14 70
14 73
14 75
14 87
14 90
14 98
14 131
14 160
14 166
14 169
14 171
14 196
15 16
15 28
15 56
15 83
15 85
15 163
15 175
15 183
15 199
16 17
16 22
16 23
16 41
16 42
16 49
16 59
16 66
16 70
16 88
16 89
16 103
16 106
16 134
16 169
16 187
16 191
16 194
17 18
17 20
17 58
17 99
17 147
17 148
17 165
17 177
17 178
17 181
17 183
17 193
18 19
18 27
18 31
18 32
18 33
18 52
18 60
18 69
18 118
18 132
18 140
18 167
18 171
18 180
18 181
18 192
19 20
19 24
19 31
19 39
19 55
19 57
19 80
19 98
19 152
19 165
19 166
19 167
19 181
19 185
19 194
20 21
20 50
20 51
20 67
20 70
20 100
20 133
20 134
20 157
20 190
20 194
20 199
21 22
21 30
21 31
21 48
21 61
21 65
21 69
21 84
21 112
21 128
21 131
21 143
21 164
21 184
22 23
22 30
22 48
22 56
22 75
22 76
22 79
22 90
22 106
22 112
22 145
22 158
22 173
22 181
22 188
23 24
23 33
23 40
23 50
23 62
23 64
23 80
23 141
23 145
23 174
24 25
24 31
24 35
24 36
24 54
24 65
24 71
24 76
24 79
24 107
24 114
24 144
24 176
25 26
25 34
25 35
25 46
25 48
25 60
25 89
25 122
25 133
25 160
25 176
25 178
25 189
25 194
26 27
26 34
26 38
26 51
26 63
26 85
26 125
26 145
26 162
26 168
26 181
27 28
27 35
27 37
27 47
27 51
27 53
27 57
27 65
27 106
27 131
27 132
27 136
27 145
27 153
27 172
27 183
27 185
27 197
28 29
28 32
28 55
28 56
28 73
28 97
28 111
28 119
28 152
28 154
28 184
29 30
29 31
29 42
29 50
29 55
29 57
29 69
29 79
29 88
29 93
29 120
29 129
29 143
29 150
29 151
29 157
29 183
30 31
30 70
30 103
30 126
30 138
30 170
31 32
31 34
31 43
31 49
31 69
31 85
31 111
31 156
31 160
31 161
31 165
31 176
31 177
31 182
31 191
31 193
32 33
32 34
32 39
32 45
32 100
32 103
32 116
32 118
32 134
32 174
32 175
32 184
33 34
33 53
33 59
33 68
33 99
33 107
33 114
33 120
33 124
33 141
33 150
33 151
33 161
33 168
33 193
34 35
34 58
34 66
34 91
34 110
34 116
34 133
34 134
34 155
34 158
35 36
35 55
35 64
35 68
35 77
35 86
35 92
35 100
35 101
35 105
35 115
35 135
35 137
35 140
35 161
35 195
36 37
36 46
36 75
36 97
36 120
36 127
36 134
36 140
36 143
36 153
36 171
36 172
37 38
37 40
37 71
37 75
37 104
37 108
37 154
37 168
37 189
37 190
38 39
38 44
38 61
38 62
38 75
38 87
38 94
38 96
38 99
38 134
38 143
38 145
38 149
38 155
38 156
38 198
39 40
39 53
39 56
39 77
39 99
39 109
39 132
39 133
39 145
40 41
40 52
40 94
40 99
40 126
40 134
40 136
40 147
40 188
40 196
41 42
41 72
41 85
41 88
41 93
41 97
41 110
41 111
41 124
41 127
41 130
41 148
41 158
41 166
41 172
41 175
41 189
41 191
41 196
42 43
42 46
42 58
42 62
42 69
42 103
42 120
42 134
42 140
42 190
43 44
43 53
43 56
43 82
43 85
43 159
43 165
43 178
43 185
43 191
44 45
44 55
44 76
44 101
44 107
44 113
44 115
44 122
44 133
44 139
44 159
44 167
45 46
45 51
45 57
45 60
45 75
45 96
45 100
45 112
45 117
45 148
45 149
45 150
46 47
46 62
46 107
46 113
46 190
46 191
47 48
47 56
47 78
47 89
47 94
47 101
47 107
47 113
47 120
47 137
47 142
47 149
47 160
47 175
47 182
48 49
48 82
48 122
48 133
48 157
48 160
48 184
48 186
48 189
48 196
49 50
49 96
49 97
49 124
49 136
49 140
49 149
49 160
49 161
49 188
50 51
50 54
50 73
50 114
50 133
50 136
50 138
50 144
50 152
50 164
50 188
50 190
51 52
51 61
51 70
51 79
51 82
51 92
51 95
51 100
51 101
51 107
51 115
51 126
51 130
51 163
51 176
51 178
51 187
52 53
52 58
52 63
52 68
52 82
52 119
52 128
52 147
52 158
52 195
53 54
53 78
53 88
53 102
53 113
53 117
53 128
53 147
53 152
53 175
53 183
53 192
54 55
54 57
54 74
54 87
54 99
54 100
54 103
54 119
54 146
54 147
54 155
54 179
54 186
54 191
54 194
55 56
55 58
55 71
55 88
55 95
55 106
55 107
55 120
55 121
55 131
55 136
55 148
55 172
55 179
55 180
55 183
56 57
56 78
56 90
56 113
56 128
56 134
56 151
56 168
56 169
57 58
57 59
57 65
57 67
57 72
57 102
57 114
57 116
57 123
57 129
57 142
57 147
57 150
57 156
57 166
57 168
57 178
57 189
57 198
57 199
58 59
58 75
58 92
58 107
58 139
58 164
58 192
59 60
59 64
59 87
59 110
59 119
59 123
59 125
59 131
59 143
59 151
59 153
59 163
59 177
59 180
59 181
60 61
60 65
60 76
60 80
60 84
60 86
60 145
60 163
60 178
60 183
61 62
61 69
61 98
61 111
61 133
61 147
61 183
62 63
62 68
62 69
62 80
62 99
62 106
62 118
62 138
62 145
62 154
62 155
62 171
62 190
63 64
63 68
63 76
63 77
63 82
63 90
63 92
63 124
63 139
63 140
63 171
63 180
63 193
63 196
64 65
64 71
64 107
64 130
64 155
64 169
64 186
64 195
65 66
65 75
65 77
65 85
65 108
65 159
65 167
66 67
66 108
66 113
66 127
66 135
66 153
66 159
66 174
66 180
66 183
66 189
67 68
67 77
67 119
67 121
67 138
67 139
67 145
67 150
67 181
67 187
68 69
68 88
68 96
68 110
68 129
68 132
68 138
68 147
68 163
68 167
69 70
69 88
69 90
69 115
69 127
69 144
69 147
69 152
69 171
69 173
69 174
69 195
70 71
70 81
70 82
70 94
70 99
70 115
70 123
70 143
70 168
70 173
70 185
70 189
70 193
71 72
71 82
71 101
71 106
71 134
71 150
71 155
71 158
72 73
72 89
72 103
72 104
72 108
72 115
72 122
72 166
72 181
72 188
73 74
73 77
73 81
73 129
73 132
73 136
73 144
73 165
74 75
74 78
74 85
74 121
74 153
74 167
75 76
75 87
75 97
75 99
75 125
75 128
75 191
75 197
76 77
76 104
76 106
76 107
76 108
76 122
76 123
76 167
76 172
76 173
76 179
76 180
76 193
77 78
77 85
77 108
77 113
77 129
77 137
77 142
77 165
77 167
77 178
78 79
78 83
78 94
78 101
78 117
78 149
78 163
78 167
78 172
79 80
79 84
79 93
79 99
79 106
79 107
79 135
79 139
79 147
79 177
80 81
80 127
80 157
80 159
80 171
80 178
80 197
81 82
81 108
81 113
81 140
81 150
81 158
81 164
81 165
81 191
81 197
82 83
82 89
82 122
82 125
82 129
82 160
83 84
83 98
83 99
83 109
83 111
83 127
83 129
83 134
83 138
83 142
83 143
83 157
83 160
83 166
83 174
84 85
84 90
84 120
84 144
84 170
84 174
84 196
85 86
85 89
85 94
85 96
85 100
85 103
85 114
85 119
85 157
85 159
85 183
86 87
86 91
86 97
86 115
86 133
86 135
86 161
86 164
86 172
86 173
87 88
87 111
87 126
87 127
87 138
87 139
87 161
87 196
88 89
88 120
88 121
88 148
88 170
88 183
88 188
89 90
89 92
89 146
89 152
89 153
89 163
90 91
90 98
90 111
90 118
90 141
90 146
90 174
90 196
91 92
91 93
91 98
91 114
91 116
91 125
91 133
91 162
91 175
91 186
91 188
92 93
92 116
92 150
92 158
92 174
92 187
93 94
93 106
93 125
93 129
93 147
93 158
93 176
94 95
94 114
94 129
94 135
94 138
94 150
94 154
94 155
94 169
94 187
95 96
95 99
95 103
95 116
95 123
95 129
95 139
95 146
95 147
95 152
95 163
95 180
95 183
95 189
95 193
95 199
96 97
96 111
96 117
96 126
96 135
96 136
96 168
96 182
96 187
97 98
97 107
97 108
97 117
97 120
97 121
97 133
97 141
98 99
98 112
98 123
98 143
98 149
98 154
98 158
99 100
99 113
99 119
99 122
99 127
99 130
99 143
99 155
99 160
99 180
100 101
100 109
100 113
100 120
100 123
100 132
100 137
100 149
100 161
100 165
100 173
100 186
100 195
101 102
101 109
101 131
101 133
101 160
101 179
102 103
102 116
102 122
102 125
102 130
102 152
102 154
102 163
102 173
102 185
103 104
103 107
103 117
103 118
103 149
103 160
103 161
103 173
103 182
103 185
103 187
104 105
104 107
104 128
104 148
104 151
104 188
104 190
104 192
105 106
105 117
105 126
105 161
105 164
105 172
106 107
106 118
106 120
106 125
106 135
106 149
106 159
107 108
107 112
107 116
107 122
107 125
107 126
107 129
107 132
107 135
107 149
108 109
108 120
108 127
108 167
108 179
108 197
108 198
109 110
109 114
109 116
109 121
109 125
109 129
109 141
109 143
109 149
109 163
110 111
110 122
110 139
110 153
110 193
111 112
111 131
111 159
111 181
111 188
111 195
112 113
112 122
112 127
112 132
112 135
112 181
112 197
113 114
113 118
113 148
113 157
113 165
113 169
114 115
115 116
115 118
115 130
115 132
115 135
115 138
115 143
115 147
115 172
115 175
115 180
115 182
115 185
115 195
116 117
116 119
116 132
116 135
116 150
116 152
116 156
116 170
116 180
116 182
117 118
117 168
117 181
117 183
118 119
118 122
118 132
118 134
118 178
118 189
119 120
119 123
119 136
119 159
119 170
120 121
120 132
120 153
120 176
120 180
120 199
121 122
121 144
121 150
121 154
121 159
121 164
122 123
122 146
122 147
122 170
122 177
122 185
122 198
123 124
123 127
123 131
123 154
123 166
123 169
123 178
123 193
123 198
124 125
124 154
124 168
125 126
125 136
125 175
125 178
125 187
126 127
126 136
126 150
126 151
126 158
126 183
126 189
126 199
127 128
127 133
127 141
127 144
127 150
127 181
127 193
128 129
128 144
128 156
128 172
128 175
128 185
128 199
129 130
130 131
130 139
130 162
130 182
130 186
131 132
131 134
131 175
131 186
132 133
132 145
133 134
133 146
133 153
133 164
133 182
133 183
133 192
133 193
133 199
134 135
134 148
134 199
135 136
135 158
135 193
135 199
136 137
136 142
136 143
136 152
136 153
136 159
136 164
136 165
136 170
137 138
137 151
137 169
137 180
137 193
138 139
138 167
138 173
139 140
139 147
139 149
139 161
139 180
139 195
139 196
140 141
140 147
140 159
140 168
140 183
140 186
141 142
141 143
141 161
141 172
141 188
142 143
142 161
142 163
143 144
143 149
143 155
143 157
143 160
143 184
144 145
144 167
144 169
144 171
144 184
144 186
144 187
144 189
145 146
145 148
145 160
145 167
145 172
145 175
145 176
146 147
146 165
146 169
146 193
147 148
147 180
148 149
148 151
148 171
148 176
148 198
149 150
149 160
149 168
149 182
150 151
150 186
151 152
151 183
151 198
152 153
152 175
153 154
153 161
153 171
153 189
153 195
154 155
154 164
154 171
154 173
154 195
155 156
155 162
155 173
155 188
155 195
156 157
156 163
156 164
156 189
157 158
157 172
157 189
158 159
158 162
158 163
158 181
159 160
159 182
159 196
160 161
160 164
160 166
160 169
160 180
160 195
161 162
161 169
161 170
161 199
162 163
162 198
163 164
163 177
163 189
163 192
163 193
164 165
164 168
164 171
164 182
165 166
165 172
166 167
166 178
166 193
167 168
167 178
168 169
168 196
169 170
169 176
169 189
169 193
170 171
170 173
170 174
170 180
171 172
171 188
172 173
172 190
172 198
173 174
173 184
174 175
174 179
174 180
174 193
175 176
175 183
175 195
175 199
176 177
177 178
177 197
178 179
178 183
178 198
179 180
180 181
180 183
181 182
182 183
182 187
183 184
184 185
184 191
184 197
184 198
185 186
185 199
186 187
187 188
188 189
188 192
189 190
189 199
190 191
191 192
192 193
192 198
193 194
194 195
195 196
196 197
197 198
198 199
