0 53.10656940385086
1 89.6265198485347
2 97.28164069241795
3 65.67090971388947
4 67.69131546642284
5 89.34282745656792
6 41.675341926880535
7 45.86188339093852
8 57.56134738785024
9 58.66888470900081
10 84.96374720668774
11 114.68885356363877
12 115.40361702069958
13 54.405250904504534
14 59.13940603465275
15 73.16934672963487
16 117.9976277206887
17 71.82244713871118
18 61.43323967739939
19 73.81990381711294
20 64.12891707740803
21 52.867999505853554
22 44.820951708505255
23 88.93472587676348
24 55.93984618790229
25 54.751845047272525
26 116.86079155461312
27 82.02984655896128
28 116.42091679185533
29 33.06352282349451
30 65.78669581861635
31 114.78012503084305
32 95.21852561413866
33 88.20353334264418
34 118.8158696094637
35 105.46770071161436
36 52.53273861917075
37 21.665100770785987
38 51.79006649376614
39 91.77701501742925
40 26.60125206608452
41 49.58149567355032
42 111.55502602814704
43 40.71288702411229
44 84.11346750478305
45 24.957998477405734
46 82.89259653258944
47 91.48453388496138
48 24.871171641549754
49 27.136480061214066
50 30.355317768052963
51 113.38982764990936
52 62.11001013474652
53 87.29445185471408
54 72.01331330907186
55 110.0505359359593
56 28.11862337432101
57 32.15940826926435
58 96.90855708817088
59 103.79059608078603
60 61.139897647548544
61 44.62312570011696
62 20.92171825702897
63 89.51601436237223
64 114.01152713716024
65 59.56952866692419
66 86.7919321355337
67 56.14625545792234
68 87.6006665222572
69 35.98364482918227
70 53.1900015449011
71 35.46350365490146
72 32.81015771878072
73 72.28800043229205
74 85.03071714604512
75 53.18749832174146
76 83.78144080946772
77 60.856863171786195
78 52.62010961251926
79 25.15011452224736
80 81.89193364293035
81 109.78747363541898
82 70.76861486674639
83 62.63522507651878
84 25.242319872525954
85 95.26144673412703
86 60.66129255472346
87 25.265806745044305
88 31.551824338266535
89 46.20834783258627
90 97.06139934886149
91 87.26166901595928
92 33.727232803448416
93 104.487424187012
94 111.33374827843095
95 63.45753407398236
96 36.84404222511354
97 48.43228339724144
98 56.809481439889105
99 75.16271040114493
100 52.87584505456573
101 115.35733984184188
102 107.17400159390631
103 22.759874792518225
104 95.23059576063888
105 109.50362959254583
106 50.84500179414552
107 71.88199861292546
108 59.00019260641232
109 35.90560540522775
110 64.7176388921212
111 53.07279769989327
112 34.802370753596996
113 57.78936372755884
114 99.18910874775527
115 21.027498793122728
116 104.19159866550845
117 35.36668899895548
118 83.03500900180791
119 118.82715403806161
120 42.83832865616409
121 67.26819422614167
122 61.49500725104228
123 45.02109764284081
124 114.02357130935746
125 22.362774344076858
126 113.83554738593895
127 26.978560764465122
128 69.46848541872227
129 119.3394316363601
130 57.69243247902834
131 62.621897458239026
132 87.11625718887201
133 84.18151294962371
134 36.65630372385657
135 104.47024110734228
136 66.20625737994237
137 91.54225582255317
138 104.84917529118461
139 24.863809975260647
140 68.82809084596511
141 75.03446569687927
142 67.65035462570047
143 119.30553623428193
144 44.11582213180458
145 73.57602434604084
146 111.26524983120784
147 76.04807537838369
148 96.34028404691976
149 66.18690955882519
150 55.49065991867385
151 64.37060852216686
152 61.38012031998322
153 36.012207808327695
154 93.81537737662511
155 71.43135902307998
156 37.39973135933764
157 95.84959317971138
158 42.905046486970114
159 48.14804951416046
160 75.03510832127392
161 102.08862472992448
162 109.55536555312771
163 108.2500072686238
164 69.98602480205449
165 81.7230835267545
166 97.35791759297763
167 61.46197042135189
168 116.63590191459268
169 97.97656099358592
170 117.6080413772186
171 51.7211231665741
172 75.16812920890675
173 84.08531937640886
174 39.39430684153378
175 114.39520704338457
176 76.62042908286344
177 81.91142183817112
178 112.34434927957075
179 62.66106798848828
180 40.416413370911435
181 32.31301161204142
182 22.161918673270957
183 62.5192802956182
184 107.1362104556403
185 77.57752452872455
186 93.87523010437141
187 58.362023261159294
188 95.63560424396285
189 52.727506840512454
190 40.6267633729551
191 66.57770472907245
192 78.09590862658061
193 62.13768490439027
194 66.8699272547785
195 63.36723493915295
196 29.184322778763125
197 60.655728227461616
198 73.99803667449791
199 54.76333018912775
0 1
0 37
0 61
0 70
0 77
0 87
0 113
0 160
0 173
1 2
1 10
1 38
1 189
2 3
2 44
2 80
2 85
2 89
2 93
2 146
2 155
2 168
2 176
3 4
3 5
3 91
3 128
3 133
3 189
4 5
4 62
4 82
4 116
4 148
4 182
5 6
5 27
5 61
5 168
5 175
5 192
6 7
6 125
6 148
6 166
6 174
6 181
7 8
7 120
7 140
7 152
8 9
8 22
8 66
8 108
8 115
8 120
8 132
8 159
9 10
9 80
9 136
9 140
9 156
9 168
10 11
10 14
10 41
10 50
10 54
10 104
10 152
11 12
11 82
11 85
11 100
11 118
11 138
12 13
12 121
12 168
13 14
13 45
13 59
13 64
13 78
13 105
13 125
13 165
13 183
14 15
14 54
14 76
14 81
14 194
14 198
15 16
15 20
15 27
15 43
15 94
15 126
15 154
15 192
16 17
16 89
16 105
16 112
16 188
16 189
17 18
17 116
17 144
17 163
17 187
18 19
18 79
18 163
19 20
19 62
19 103
19 129
19 154
19 179
19 182
19 197
20 21
20 46
20 47
20 60
20 114
20 119
20 179
20 192
21 22
21 37
21 72
21 74
21 77
21 95
21 158
21 194
22 23
22 47
22 60
22 85
22 88
22 96
22 112
22 129
22 153
23 24
23 87
23 117
23 188
24 25
24 30
24 68
24 116
24 127
24 182
24 198
25 26
25 36
25 43
25 45
25 53
25 106
25 113
25 153
25 192
26 27
26 50
26 70
26 121
26 138
26 170
26 193
27 28
27 95
27 124
27 141
27 152
28 29
28 35
28 42
28 81
28 96
28 121
28 128
28 196
29 30
29 45
29 71
29 108
29 111
29 119
29 152
29 187
30 31
30 57
30 93
30 106
30 118
30 142
30 166
30 179
31 32
31 39
31 50
31 71
31 78
31 136
31 165
31 170
31 184
32 33
32 40
32 48
32 70
32 104
32 143
32 160
32 182
33 34
33 60
33 107
33 138
33 166
33 168
34 35
34 51
34 87
34 120
34 148
34 152
35 36
35 115
35 138
35 146
35 156
36 37
36 97
36 170
36 180
37 38
37 39
37 113
37 144
37 145
37 152
37 175
38 39
38 66
38 112
38 135
38 176
39 40
39 41
39 49
39 77
39 128
39 193
40 41
40 103
40 131
40 138
40 156
41 42
41 77
41 103
41 108
41 139
41 155
41 196
42 43
42 101
42 110
42 184
43 44
43 55
43 75
43 127
43 130
43 133
43 151
44 45
44 69
44 74
44 77
44 105
44 115
44 149
44 157
44 160
44 172
44 198
45 46
45 52
45 117
45 137
45 167
46 47
46 65
46 88
46 131
47 48
47 91
47 123
48 49
48 60
48 124
48 129
49 50
49 134
49 142
49 173
50 51
50 78
50 134
51 52
51 62
51 74
51 125
51 131
51 148
52 53
52 68
52 79
52 86
52 96
52 115
52 132
52 192
53 54
53 55
53 96
53 115
53 136
53 159
54 55
54 67
54 76
54 186
55 56
55 58
55 127
55 137
55 160
55 180
56 57
56 65
56 102
56 152
56 186
57 58
57 69
57 100
57 122
57 151
57 171
58 59
58 73
58 130
58 137
58 193
59 60
59 74
59 99
59 133
59 167
59 191
59 193
59 195
59 196
59 197
60 61
60 123
60 151
60 155
61 62
61 184
61 186
62 63
62 93
62 165
62 180
63 64
63 82
63 127
64 65
64 81
64 160
65 66
65 73
65 126
65 140
65 190
66 67
66 146
66 159
66 173
67 68
67 128
67 157
67 170
67 173
68 69
68 73
68 86
68 144
68 174
68 185
69 70
69 114
69 127
69 140
69 176
70 71
70 91
70 106
70 117
70 119
70 195
71 72
71 122
71 128
71 133
71 146
71 159
72 73
72 74
72 88
72 103
73 74
73 97
73 113
73 177
74 75
74 90
74 136
74 138
74 192
75 76
75 104
75 107
75 142
75 163
76 77
76 156
76 173
77 78
77 90
77 96
77 117
77 188
78 79
78 92
78 98
78 128
79 80
79 87
79 92
79 96
79 166
79 174
80 81
80 83
80 132
80 160
80 187
81 82
81 92
82 83
82 117
82 127
82 138
82 147
82 194
82 196
83 84
83 140
84 85
84 93
84 120
85 86
85 103
85 143
85 180
85 197
86 87
86 110
86 149
86 154
87 88
87 139
87 174
87 198
88 89
88 132
88 180
89 90
89 107
89 113
89 121
90 91
90 93
90 158
90 175
91 92
91 117
91 122
91 135
91 188
92 93
92 110
92 147
92 179
92 189
93 94
93 97
93 148
93 170
93 190
94 95
94 98
94 108
94 122
94 165
95 96
95 131
95 139
95 155
95 173
95 180
96 97
96 155
97 98
97 99
97 130
97 134
97 144
98 99
98 100
98 103
98 111
98 184
99 100
99 110
99 129
99 162
100 101
100 163
100 188
101 102
101 117
101 121
101 124
101 182
102 103
102 142
102 190
103 104
103 165
103 175
103 189
104 105
104 122
105 106
106 107
106 111
106 120
106 132
106 150
106 157
106 162
107 108
107 137
107 165
108 109
108 140
108 159
108 190
109 110
109 164
109 168
109 172
110 111
110 127
110 149
110 161
111 112
111 153
111 154
111 195
112 113
112 127
112 154
113 114
113 178
114 115
114 188
115 116
115 163
115 190
115 198
116 117
116 188
117 118
117 140
117 143
117 169
118 119
118 136
119 120
119 135
119 164
119 170
119 183
119 188
120 121
120 131
120 190
120 192
121 122
121 145
121 178
122 123
122 172
122 184
122 186
122 188
123 124
123 159
124 125
124 140
124 161
124 183
125 126
126 127
126 149
126 193
127 128
127 157
127 184
127 190
128 129
128 137
128 143
128 144
128 164
128 179
128 187
129 130
129 148
129 160
129 174
129 197
130 131
130 134
130 181
130 183
130 190
131 132
131 151
131 181
132 133
132 182
132 185
132 195
133 134
133 157
133 172
133 178
134 135
135 136
135 147
135 166
136 137
137 138
138 139
138 164
138 194
139 140
139 183
139 195
140 141
140 171
140 184
141 142
141 193
142 143
142 154
142 156
142 174
143 144
143 177
143 182
144 145
144 179
144 192
145 146
145 171
145 196
145 198
146 147
146 163
146 181
147 148
147 155
148 149
148 165
148 179
149 150
149 183
150 151
150 162
150 167
151 152
151 187
151 191
151 196
152 153
153 154
154 155
154 161
154 185
155 156
156 157
156 175
157 158
157 174
158 159
158 173
158 186
159 160
159 179
159 185
159 198
160 161
161 162
161 164
161 166
161 199
162 163
163 164
164 165
164 182
165 166
165 171
166 167
166 175
166 176
167 168
167 174
167 189
168 169
168 198
169 170
170 171
170 179
170 191
171 172
171 187
172 173
172 186
173 174
173 179
174 175
175 176
175 187
175 191
176 177
176 191
177 178
177 184
178 179
179 180
180 181
181 182
182 183
182 184
182 185
182 188
183 184
184 185
185 186
186 187
187 188
188 189
189 190
190 191
191 192
192 193
193 194
194 195
195 196
196 197
197 198
198 199
