0 117.56469877141886
1 64.0141329714996
2 78.13727752611337
3 93.22211734882434
4 37.819281269205675
5 118.99077430222628
6 114.53048654600441
7 103.58193423000323
8 110.42981262202615
9 106.2387542085614
10 39.4855479560477
11 42.7734982408717
12 49.8047937656752
13 87.87115341353989
14 68.07544142743383
15 66.68163718430677
16 32.39040260479234
17 94.4714812569967
18 88.07988028892177
19 92.09752870581235
20 83.44595039231108
21 50.478575316426536
22 29.50962667038316
23 47.768168825851525
24 42.6417859282155
25 61.32621383606538
26 110.415689729828
27 24.665456832759773
28 49.91332962387635
29 83.19008984270278
30 31.32533600411494
31 116.68887718136452
32 36.85260298834159
33 50.19871901079646
34 111.0569669943328
35 36.08216669669564
36 30.891329657980044
37 91.09374732656265
38 105.20112065131754
39 34.03578375835912
40 79.6272190550288
41 27.579056446078486
42 25.21496059170327
43 56.263388614847415
44 80.86785015871197
45 109.97691811700273
46 80.86281144446497
47 115.78191395932232
48 60.31408595066907
49 112.31344318436415
50 101.64544957187339
51 70.6913043810712
52 73.27772615788828
53 78.58436876174329
54 53.895965527151596
55 53.44129701378098
56 119.42566416355453
57 84.70622400085269
58 59.380268738759646
59 109.88911788527454
60 50.26554677985691
61 56.536769298411855
62 38.525346930154264
63 71.39329170322357
64 117.935541973393
65 63.3525392567358
66 46.80865780798183
67 101.25526173522321
68 60.83349033822465
69 88.30019768280773
70 46.37707899670929
71 28.01182151069266
72 46.71838853900502
73 62.592346618616055
74 56.62411364793441
75 102.39784679561183
76 97.13978835388721
77 38.59731653507237
78 57.239086142395564
79 92.24018366566311
80 98.39834399809347
81 68.47639228997409
82 75.1523312383676
83 60.109964912038876
84 63.71344929766609
85 49.65080984026773
86 72.83544280754344
87 52.2520283820081
88 48.871478313712295
89 96.1347814172706
90 69.57587448746226
91 64.12651357458537
92 39.350873233385016
93 95.64972572692277
94 69.63028359540561
95 37.83915115298458
96 20.767956935054237
97 116.43874704185022
98 41.57121544067995
99 89.80311032032843
100 116.4599680481223
101 34.82935095801173
102 91.67685594616474
103 63.166721968188305
104 26.119530851080626
105 64.84627396575527
106 100.87372565290173
107 48.857779785591816
108 27.617400680645847
109 84.55521929949886
110 49.527382006001126
111 21.5365503579844
112 110.49795855723272
113 70.3221731773267
114 37.28629923533034
115 92.31598046220678
116 94.10462607226371
117 69.80191590875772
118 116.21932519739839
119 88.79905855913773
120 45.89001402159299
121 67.22324457824834
122 94.64718315303095
123 34.799648853178894
124 56.18826690139452
125 20.41726724201302
126 36.353711013574554
127 117.05454159058122
128 44.57469338614171
129 78.03916463610517
130 75.27267118778465
131 94.30085713929853
132 69.91053674498019
133 117.56255999666172
134 89.28108785746254
135 25.28437088682722
136 91.2682275508198
137 79.87969572591871
138 28.39027215985914
139 66.58070468261994
140 80.15528196321947
141 114.71941062511758
142 72.41081544608791
143 118.55274635499215
144 115.80256031470108
145 92.59887092106503
146 101.07799317715147
147 78.33408790712079
148 104.75528205162291
149 83.65391477993325
150 95.65923307315535
151 92.41963189625599
152 53.6028865559976
153 51.44675621244554
154 55.22532838873972
155 88.26096813740854
156 89.40643218564128
157 60.72869301143697
158 103.05239897598209
159 104.20550384464214
160 66.22990043944671
161 52.139435720677014
162 79.03162157844643
163 30.184748408173363
164 118.15445887773885
165 93.95345984246441
166 62.49897470627335
167 117.74852873748868
168 119.25234887786145
169 81.23783007580964
170 46.55740127108946
171 117.35839894182132
172 89.21973659280961
173 116.16474222717737
174 89.74890924303327
175 53.29478571439288
176 39.715542471567176
177 69.7259793732367
178 103.84432166929456
179 52.098953482858306
180 90.92588380895552
181 94.72538867465286
182 97.55353921541567
183 99.16218348661226
184 100.47144373942174
185 32.679398645130306
186 85.1193177792996
187 109.89099905012345
188 37.4977473477183
189 33.134451085808564
190 86.04272793631164
191 66.8186923891116
192 103.63594239683319
193 82.91418568484056
194 87.59863710088952
195 92.09978353061628
196 49.49438268026839
197 24.9381200724258
198 115.33467377058115
199 96.0154781273031
0 1
0 31
0 44
0 56
0 102
0 107
0 157
0 184
1 2
1 5
1 45
1 58
1 92
1 98
1 102
1 117
1 119
1 129
1 173
1 178
1 180
1 194
1 198
2 3
2 7
2 8
2 12
2 21
2 30
2 72
2 99
2 136
2 160
2 171
2 182
3 4
3 14
3 72
3 75
3 93
3 105
3 145
3 167
3 182
3 183
4 5
4 23
4 44
4 82
4 85
4 119
4 121
4 142
4 156
4 176
4 179
4 182
5 6
5 22
5 24
5 26
5 51
5 53
5 63
5 83
5 92
5 94
5 127
5 143
5 153
5 171
5 183
6 7
6 24
6 48
6 58
6 60
6 91
6 127
6 158
6 180
7 8
7 24
7 30
7 37
7 66
7 72
7 97
7 102
7 121
7 139
8 9
8 11
8 45
8 82
8 97
8 115
8 151
8 158
8 171
9 10
9 34
9 36
9 52
9 100
9 123
9 132
9 145
9 150
9 162
9 180
9 187
9 191
9 199
10 11
10 16
10 33
10 39
10 83
10 109
10 130
10 152
10 169
10 171
10 189
11 12
11 27
11 31
11 52
11 63
11 64
11 88
11 95
11 120
11 156
11 177
11 192
12 13
12 21
12 58
12 59
12 70
12 101
12 104
12 112
12 145
12 188
13 14
13 29
13 30
13 40
13 44
13 64
13 88
13 127
13 133
13 141
13 164
13 172
13 189
13 198
14 15
14 19
14 31
14 77
14 82
14 100
14 125
14 128
14 142
14 151
14 164
14 176
14 181
15 16
15 26
15 33
15 34
15 42
15 43
15 55
15 79
15 96
15 98
15 112
15 149
15 151
16 17
16 34
16 119
16 124
16 137
16 159
16 169
17 18
17 36
17 49
17 52
17 54
17 59
17 109
17 114
17 145
17 159
17 181
17 182
17 183
17 185
17 189
17 194
17 196
18 19
18 21
18 25
18 29
18 34
18 35
18 59
18 79
18 122
18 139
18 140
18 141
18 147
18 152
18 180
18 192
18 198
19 20
19 24
19 100
19 153
19 161
19 173
19 174
19 188
20 21
20 50
20 104
20 111
20 148
21 22
21 28
21 49
21 76
21 91
21 145
22 23
22 40
22 50
22 65
22 116
22 120
22 143
22 170
22 197
23 24
23 63
23 119
23 121
23 140
23 150
23 160
23 165
23 169
23 174
24 25
24 50
24 67
24 146
24 171
24 185
25 26
25 27
25 55
25 59
25 93
25 100
25 119
25 122
25 124
25 126
25 131
25 165
25 180
25 183
26 27
26 59
26 85
26 93
26 114
26 133
26 180
27 28
27 110
27 138
27 149
27 169
27 171
27 188
27 199
28 29
28 33
28 46
28 120
28 164
28 199
29 30
29 76
29 122
29 127
29 128
29 156
29 192
29 199
30 31
30 83
30 146
30 150
30 157
30 164
30 168
31 32
31 36
31 39
31 57
31 81
31 90
31 110
31 171
31 181
31 182
31 184
32 33
32 41
32 74
32 82
32 119
32 144
32 146
32 162
32 177
32 194
33 34
33 47
33 49
33 101
33 115
33 117
33 164
33 180
34 35
34 54
34 67
34 172
34 186
34 188
34 193
35 36
35 55
35 57
35 100
35 111
35 135
35 141
35 153
35 171
35 181
35 182
36 37
36 48
36 132
36 145
36 149
36 162
36 171
37 38
37 54
37 140
37 144
37 199
38 39
38 63
38 82
38 96
38 97
38 105
38 110
38 123
38 126
38 166
38 193
39 40
39 100
39 101
39 103
39 105
39 106
39 107
39 123
39 130
39 194
40 41
40 53
40 82
40 92
40 124
40 133
40 145
40 198
41 42
41 96
41 106
41 125
41 133
41 157
41 158
41 180
41 185
41 188
41 198
42 43
42 55
42 139
42 174
43 44
43 52
43 92
43 115
43 151
43 157
44 45
44 62
44 77
44 79
44 143
44 159
44 196
45 46
45 68
45 71
45 74
45 79
45 106
45 110
45 119
45 145
45 149
45 157
45 164
45 171
45 175
45 177
45 184
45 191
45 198
46 47
46 65
46 124
46 134
46 157
46 163
46 165
46 179
47 48
47 73
47 77
47 104
47 124
47 134
47 167
48 49
48 56
48 68
48 119
48 144
48 155
48 189
49 50
49 51
49 88
49 90
49 119
49 125
49 143
49 156
49 159
49 165
49 189
50 51
50 73
50 111
50 112
50 124
50 129
50 159
50 167
50 169
51 52
51 58
51 73
51 75
51 84
51 101
51 102
51 145
52 53
52 58
52 82
52 105
52 107
52 118
52 131
52 144
52 148
52 173
53 54
53 63
53 93
53 97
53 126
54 55
54 60
54 61
54 63
54 71
54 72
54 87
54 90
54 106
54 166
54 183
55 56
55 104
55 108
55 127
56 57
56 107
56 109
56 116
56 124
56 136
56 177
56 185
56 195
57 58
57 91
57 92
57 106
57 145
57 169
57 173
58 59
58 63
58 64
58 83
58 124
58 136
58 146
58 195
59 60
59 93
59 126
59 128
59 148
59 149
59 170
59 186
60 61
60 78
60 79
60 99
60 142
60 198
61 62
61 118
61 141
61 156
61 178
61 181
61 188
61 193
61 199
62 63
62 67
62 95
62 101
62 113
62 128
62 146
62 152
63 64
63 89
63 92
63 102
63 122
63 126
63 145
63 181
63 198
64 65
64 82
64 86
64 131
64 147
64 187
64 188
65 66
65 110
65 122
65 135
65 138
65 145
66 67
66 100
66 123
66 138
66 152
66 155
66 159
66 197
67 68
67 79
67 92
67 143
67 152
67 160
67 167
67 187
67 188
68 69
68 71
68 72
68 99
68 134
68 135
68 141
68 145
68 180
69 70
69 79
69 97
69 110
69 126
69 135
69 148
69 190
70 71
70 73
70 79
70 147
70 170
70 175
70 188
71 72
71 82
71 86
71 104
71 127
71 161
71 167
71 191
71 198
72 73
72 77
72 82
72 100
72 127
72 193
73 74
73 78
73 129
73 139
73 181
73 186
73 187
74 75
74 83
74 109
74 135
74 146
74 153
74 164
74 166
74 172
74 175
74 186
75 76
75 96
75 116
75 141
75 191
76 77
76 109
76 133
76 141
76 142
76 191
77 78
77 85
77 111
77 112
77 141
77 164
77 185
77 197
78 79
79 80
79 90
79 107
79 125
79 137
79 158
79 161
79 176
79 182
80 81
80 87
80 88
80 109
80 111
80 136
80 159
80 163
80 183
80 186
81 82
81 83
81 98
81 111
81 114
81 130
81 141
81 147
81 174
82 83
82 116
82 117
82 155
82 176
83 84
83 91
83 100
83 118
83 123
83 157
84 85
84 93
84 97
84 137
85 86
85 87
85 178
86 87
86 176
86 189
87 88
87 111
87 146
87 150
87 157
87 175
87 180
87 194
88 89
88 161
88 180
89 90
89 93
89 113
89 117
89 119
89 130
89 133
89 166
89 168
89 181
89 188
89 192
90 91
90 93
90 96
90 112
90 125
90 149
90 155
90 194
91 92
91 150
91 164
91 183
92 93
92 101
92 109
92 186
93 94
93 165
93 191
93 192
94 95
94 96
94 117
94 164
94 169
94 170
94 175
94 188
95 96
95 106
95 112
95 149
95 166
95 174
95 193
95 197
96 97
96 105
96 114
96 166
96 181
97 98
97 106
97 122
98 99
98 152
98 167
98 171
98 177
98 199
99 100
99 129
99 136
99 146
99 158
99 175
100 101
100 116
100 121
100 134
100 149
100 158
100 166
100 168
100 175
100 176
100 178
101 102
101 105
101 110
101 115
101 119
101 125
101 150
101 179
101 183
102 103
102 188
103 104
103 105
103 118
103 136
104 105
104 108
104 165
104 187
105 106
105 143
105 180
106 107
106 120
106 121
106 156
106 190
107 108
107 109
107 113
107 133
107 149
107 168
107 189
107 198
108 109
108 124
108 173
108 185
109 110
109 144
109 159
109 175
109 177
109 186
110 111
110 164
110 168
111 112
111 113
111 126
111 129
111 187
111 195
112 113
112 139
112 147
112 173
113 114
113 138
113 150
113 153
113 155
113 163
113 173
113 185
113 193
114 115
114 119
114 126
114 133
114 139
114 175
114 190
114 191
114 195
115 116
115 117
115 151
115 196
116 117
116 123
116 126
116 155
116 185
116 197
117 118
117 137
117 156
117 184
118 119
118 173
118 179
119 120
119 138
119 175
119 194
120 121
120 126
120 167
120 168
120 175
120 195
121 122
121 147
121 150
121 159
121 169
121 174
121 193
122 123
122 194
122 196
123 124
123 134
123 137
123 195
124 125
124 145
124 149
124 160
124 168
124 177
124 180
124 185
124 195
125 126
125 148
125 155
125 166
125 174
125 181
125 183
125 188
126 127
126 132
127 128
127 136
127 163
127 193
128 129
128 137
128 182
128 189
128 199
129 130
129 157
129 164
129 174
129 176
129 191
129 194
130 131
130 138
130 167
130 176
130 181
130 197
130 198
131 132
131 170
131 191
131 197
132 133
132 137
133 134
133 144
133 167
133 172
133 180
134 135
134 139
134 141
134 148
134 166
134 188
135 136
135 146
136 137
136 154
136 177
136 178
137 138
137 147
137 153
137 172
137 180
137 195
138 139
138 157
138 172
138 190
138 196
139 140
139 158
139 160
140 141
140 142
140 145
140 170
140 179
140 180
140 185
141 142
141 145
141 154
141 155
141 174
142 143
142 193
142 196
143 144
143 146
143 150
144 145
144 146
144 156
145 146
145 164
145 187
146 147
146 156
146 168
146 179
147 148
147 159
147 170
147 175
147 180
148 149
148 180
148 182
148 190
149 150
149 166
149 172
149 183
150 151
150 183
150 188
151 152
151 158
151 167
152 153
152 154
152 163
152 164
152 173
152 180
152 188
152 192
152 197
153 154
153 175
154 155
154 156
154 163
154 164
155 156
155 159
155 161
155 188
155 199
156 157
156 165
156 196
157 158
158 159
158 167
158 177
159 160
159 163
159 172
159 180
159 185
160 161
160 178
160 197
161 162
161 167
161 193
162 163
162 194
163 164
163 178
163 182
163 190
163 196
164 165
164 189
164 196
165 166
165 174
165 184
166 167
167 168
168 169
168 182
168 183
169 170
169 189
170 171
170 187
170 191
171 172
171 189
171 190
172 173
172 175
172 176
172 181
173 174
173 183
173 184
173 195
174 175
175 176
175 178
175 182
175 190
176 177
176 191
177 178
177 180
178 179
179 180
179 182
180 181
180 196
181 182
181 184
181 186
181 191
182 183
183 184
183 187
184 185
185 186
186 187
187 188
187 189
188 189
188 192
189 190
190 191
191 192
191 196
192 193
193 194
194 195
195 196
196 197
197 198
198 199
