0 92.01232317616486
1 44.53211779704804
2 27.72484993257192
3 114.89660510298864
4 26.685644420915793
5 62.114865262241445
6 117.95631448257868
7 36.9112998665842
8 119.70512396272683
9 42.90986160845413
10 102.31909041746958
11 59.02676510158385
12 79.68119946119529
13 31.366127314549093
14 110.02874236390552
15 58.16033277088332
16 95.43852334208911
17 24.650045651717136
18 54.843175676501474
19 57.7965914701591
20 84.66783540564485
21 98.61591551983858
22 65.34793397778634
23 107.03491573667623
24 74.36959159468911
25 58.87655516960066
26 106.84925398691998
27 94.32109691791324
28 114.38641019544605
29 73.4711315037388
30 59.89256783554171
31 68.03406476067258
32 59.79392048560787
33 113.25631586163169
34 81.459347045041
35 94.79017183303364
36 70.51736272748718
37 98.90079400770192
38 64.05525169277834
39 98.14380198840325
40 67.26391393934168
41 29.241997548804335
42 25.18779743984723
43 85.30462572936423
44 51.708308353627004
45 44.76792951876432
46 105.1418422833753
47 87.55807987385262
48 45.84209797359518
49 62.115754370309
50 24.496383412325862
51 111.2671521807154
52 30.49444440714993
53 100.73281443717354
54 54.48627847450141
55 20.649944437931904
56 66.25504157985206
57 111.22460814777118
58 83.0977362673249
59 50.96884148029506
60 61.37742245048412
61 106.41815548706076
62 117.69647324368754
63 81.33357620564098
64 110.71355660692952
65 90.79811321744943
66 51.022664884803284
67 80.0118894771276
68 67.32827725555735
69 81.72688783506749
70 31.546968203815208
71 71.95781052139193
72 24.164781001259655
73 116.73891458128246
74 21.467013011504303
75 68.20911118072104
76 76.9800550547589
77 45.20316048577067
78 96.0339310947739
79 39.871784017980275
80 111.7417590708661
81 109.77683544206144
82 36.43370220870122
83 115.60086958788823
84 109.77576758172759
85 33.327177242944
86 95.10812471678467
87 30.803330545360964
88 92.17617155555214
89 40.37711863960399
90 67.18554962919953
91 59.230088672684666
92 31.337294323366386
93 58.63449335287988
94 84.60148807384522
95 113.19074427745078
96 41.93981650428232
97 65.79343197617422
98 60.52451424430315
99 107.31591554482762
100 26.32085875724544
101 69.5503906702684
102 50.86294404619055
103 42.60852063712715
104 89.88047660593799
105 34.65628653494095
106 66.91296888956762
107 82.4667282847073
108 61.024686839691384
109 99.82999330267667
110 68.6190631843541
111 60.42775161723172
112 47.11780005146094
113 59.487480214892905
114 91.45265249510531
115 80.57302540309018
116 33.01451151668536
117 20.494686224422047
118 111.57519272831645
119 45.85171833746537
120 81.96481045699835
121 82.53117609792565
122 33.73690955502064
123 77.02093143158649
124 30.032500975487103
125 32.15552191268235
126 94.27271099170719
127 65.46739988329232
128 74.64067814146892
129 85.29227033982853
130 107.59183171366352
131 36.866824044601415
132 45.455281114630594
133 60.61420953413331
134 48.71799162763148
135 89.45344201179799
136 111.54038244426718
137 117.17265994594469
138 56.7219733433297
139 110.61381945401637
140 22.56663665573059
141 43.63230393467288
142 64.29872972044734
143 68.58526081219306
144 103.82687129949346
145 43.59603755608363
146 107.27619415127754
147 22.230647554351627
148 24.910544238410452
149 21.759255270689795
150 44.503243277330284
151 91.17788823584308
152 40.11137084922628
153 39.01181689393751
154 23.349313356676742
155 81.05362301227663
156 54.990153959287106
157 71.10990300682369
158 58.9583864177318
159 64.10718466462635
160 107.9874386462381
161 75.16886294423807
162 56.43519180529393
163 74.21225644420602
164 68.57833171813022
165 40.982060962570486
166 94.30167218834909
167 87.05004554906682
168 44.184418444076925
169 80.04960294575707
170 104.84682150934393
171 21.219211130789667
172 56.90542279055712
173 84.20482109110657
174 32.40327631944133
175 114.08422653998682
176 98.10588639962474
177 67.85516767647138
178 24.119112741059418
179 97.36516207802192
180 93.98980056160637
181 93.10819957588502
182 109.45349228296165
183 21.788420850649064
184 118.51875488169424
185 65.43218307742119
186 54.40995593223422
187 57.55922934616549
188 71.37690479797732
189 79.00472685134545
190 34.431306733166004
191 27.98319613679689
192 98.15860955467127
193 85.53184008489836
194 55.915203059750624
195 117.25558641464073
196 67.5523192371752
197 58.0736386609038
198 70.46970219801287
199 30.253423886504546
0 1
0 11
0 12
0 21
0 23
0 27
0 114
0 128
0 133
0 141
0 143
0 144
0 185
0 195
1 2
1 56
1 65
1 69
1 75
1 84
1 87
1 89
1 96
1 101
1 117
1 134
1 136
2 3
2 9
2 21
2 22
2 47
2 63
2 75
2 78
2 93
2 117
2 152
2 156
2 159
2 162
2 184
2 196
3 4
3 11
3 31
3 55
3 57
3 60
3 68
3 72
3 90
3 96
3 105
3 107
3 143
3 148
3 167
3 182
4 5
4 9
4 18
4 22
4 23
4 31
4 40
4 52
4 58
4 59
4 60
4 71
4 78
4 79
4 89
4 90
4 98
4 102
4 106
4 115
4 132
4 134
4 138
4 149
4 152
4 195
4 198
4 199
5 6
5 9
5 13
5 20
5 21
5 28
5 40
5 46
5 54
5 59
5 80
5 85
5 89
5 108
5 109
5 120
5 130
5 146
5 158
5 193
5 196
6 7
6 10
6 30
6 37
6 48
6 56
6 70
6 86
6 92
6 93
6 102
6 106
6 124
6 134
6 135
6 156
6 169
6 170
7 8
7 15
7 21
7 30
7 47
7 59
7 61
7 84
7 87
7 88
7 96
7 114
7 125
7 136
7 141
7 169
7 194
8 9
8 21
8 25
8 35
8 38
8 67
8 82
8 113
8 115
8 128
8 130
8 141
8 146
8 147
8 181
9 10
9 11
9 18
9 47
9 52
9 76
9 87
9 117
9 133
9 153
9 156
9 158
9 162
9 170
9 197
10 11
10 20
10 21
10 42
10 65
10 91
10 92
10 102
10 106
10 123
10 131
10 132
10 143
10 148
10 159
10 163
10 164
10 175
10 183
10 188
10 189
10 194
10 195
11 12
11 20
11 21
11 44
11 46
11 59
11 61
11 66
11 85
11 88
11 91
11 110
11 112
11 121
11 123
11 128
11 139
11 140
11 155
11 156
11 158
11 167
11 178
11 187
11 192
12 13
12 22
12 31
12 44
12 66
12 71
12 102
12 107
12 109
12 126
12 129
12 134
12 137
12 146
12 147
12 154
12 163
12 175
12 181
12 182
12 184
13 14
13 21
13 31
13 75
13 88
13 120
13 121
13 140
13 159
13 164
13 166
13 182
14 15
14 16
14 43
14 56
14 69
14 83
14 126
14 150
14 153
14 166
14 171
14 192
15 16
15 32
15 88
15 90
15 100
15 104
15 116
15 141
15 145
15 154
15 155
15 172
15 185
15 189
15 193
15 198
16 17
16 20
16 27
16 28
16 30
16 39
16 50
16 55
16 69
16 77
16 104
16 105
16 123
16 126
16 149
16 181
16 193
17 18
17 23
17 32
17 34
17 60
17 64
17 71
17 74
17 79
17 109
17 122
17 149
17 173
17 174
17 182
17 186
17 188
17 190
18 19
18 42
18 45
18 46
18 61
18 82
18 95
18 97
18 100
18 105
18 129
18 144
18 160
18 173
18 186
18 187
18 193
18 197
18 199
19 20
19 28
19 59
19 69
19 87
19 109
19 115
19 132
19 148
19 159
19 170
19 173
19 196
19 197
20 21
20 28
20 35
20 43
20 81
20 85
20 102
20 117
20 123
20 128
20 131
20 133
20 156
20 173
20 180
21 22
21 64
21 75
21 85
21 86
21 91
21 113
21 157
21 173
21 181
21 196
22 23
22 29
22 49
22 61
22 69
22 75
22 91
22 98
22 101
22 102
22 104
22 109
22 113
22 122
22 127
22 130
22 135
22 146
22 158
22 164
22 171
22 176
22 189
23 24
23 40
23 43
23 56
23 58
23 63
23 81
23 83
23 97
23 126
23 151
23 161
23 162
23 189
23 193
23 197
24 25
24 49
24 82
24 84
24 106
24 124
24 129
24 132
24 136
24 142
24 165
24 180
24 189
25 26
25 36
25 47
25 58
25 78
25 96
25 99
25 100
25 114
25 116
25 118
25 128
25 129
25 157
25 165
25 173
25 188
26 27
26 32
26 42
26 60
26 102
26 119
26 123
26 132
26 146
26 150
26 195
27 28
27 30
27 34
27 44
27 47
27 55
27 67
27 96
27 97
27 102
27 110
27 124
27 136
27 146
27 147
27 150
27 153
27 161
27 164
27 167
27 187
28 29
28 32
28 38
28 40
28 63
28 65
28 69
28 92
28 96
28 124
28 126
28 131
28 167
28 169
28 176
28 181
29 30
29 48
29 50
29 57
29 62
29 80
29 115
29 120
29 122
29 137
29 155
29 164
29 177
29 192
29 197
30 31
30 54
30 55
30 60
30 62
30 67
30 72
30 79
30 81
30 84
30 100
30 130
30 165
30 169
30 191
30 193
31 32
31 35
31 38
31 45
31 63
31 66
31 76
31 104
31 108
31 138
31 139
31 151
31 165
31 172
31 179
31 188
31 195
32 33
32 51
32 56
32 67
32 73
32 74
32 79
32 87
32 96
32 118
32 119
32 121
32 125
32 130
32 133
32 143
32 158
32 162
32 166
32 194
32 198
33 34
33 36
33 39
33 44
33 52
33 67
33 69
33 93
33 96
33 104
33 123
33 126
33 145
33 153
33 154
33 159
33 164
33 170
33 185
34 35
34 55
34 62
34 94
34 102
34 116
34 121
34 142
34 163
34 174
34 181
34 190
35 36
35 56
35 68
35 82
35 92
35 101
35 110
35 112
35 122
35 131
35 143
35 149
35 158
35 161
35 175
35 179
35 188
35 189
35 192
35 195
36 37
36 75
36 85
36 87
36 91
36 95
36 102
36 104
36 114
36 116
36 122
36 147
36 159
36 165
36 168
36 171
36 177
36 187
37 38
37 49
37 62
37 73
37 75
37 86
37 97
37 133
37 142
37 153
37 161
37 162
37 167
37 176
38 39
38 45
38 46
38 78
38 100
38 103
38 119
38 135
38 141
38 186
39 40
39 50
39 52
39 53
39 55
39 58
39 74
39 86
39 94
39 95
39 107
39 131
39 142
39 182
39 183
39 194
40 41
40 52
40 54
40 66
40 93
40 105
40 138
40 142
40 154
40 167
40 168
40 170
41 42
41 52
41 62
41 71
41 84
41 98
41 99
41 110
41 126
41 144
41 165
41 169
41 187
41 196
42 43
42 46
42 57
42 80
42 83
42 85
42 98
42 111
42 117
42 130
42 143
42 147
42 165
42 194
42 197
43 44
43 59
43 60
43 61
43 65
43 122
43 136
43 140
43 146
43 164
43 182
43 199
44 45
44 61
44 64
44 83
44 86
44 119
44 125
44 153
44 154
44 161
44 169
44 179
44 185
44 191
44 199
45 46
45 53
45 55
45 67
45 68
45 80
45 93
45 95
45 128
45 130
45 139
45 159
45 183
45 195
46 47
46 48
46 69
46 77
46 84
46 89
46 111
46 117
46 127
46 131
46 137
46 144
46 168
46 185
46 191
47 48
47 58
47 65
47 68
47 69
47 87
47 106
47 123
47 160
47 163
47 169
47 174
47 177
48 49
48 51
48 91
48 125
48 130
48 134
48 146
48 165
48 167
48 198
49 50
49 61
49 70
49 120
49 139
49 148
49 156
49 165
49 185
49 192
50 51
50 68
50 81
50 105
50 115
50 117
50 133
50 134
50 146
50 159
51 52
51 62
51 74
51 80
51 90
51 92
51 108
51 126
51 132
51 135
51 159
51 162
51 194
52 53
52 55
52 64
52 73
52 82
52 87
52 142
52 143
52 144
52 147
52 162
52 164
52 171
52 173
52 180
52 181
52 189
52 195
53 54
53 74
53 77
53 98
53 109
53 127
53 135
53 150
53 160
53 164
53 165
53 186
53 191
54 55
54 59
54 82
54 88
54 90
54 92
54 108
54 117
54 145
54 150
54 151
54 177
54 186
54 188
55 56
55 83
55 103
55 107
55 112
55 117
55 142
55 145
55 149
55 150
55 168
55 174
55 175
55 180
55 187
55 189
55 197
56 57
56 63
56 96
56 109
56 113
56 119
56 137
56 140
56 153
56 159
56 167
56 169
56 170
56 181
56 187
56 192
56 194
57 58
57 67
57 75
57 106
57 139
57 145
57 154
57 156
57 172
57 175
57 191
57 197
57 199
58 59
58 65
58 76
58 85
58 92
58 93
58 115
58 131
58 154
58 174
58 186
58 187
58 188
59 60
59 62
59 80
59 85
59 87
59 94
59 102
59 168
59 175
59 180
59 195
60 61
60 91
60 94
60 111
60 112
60 116
60 120
60 132
60 136
60 139
60 148
60 159
60 162
60 164
60 169
60 194
60 198
61 62
61 66
61 80
61 86
61 91
61 92
61 93
61 102
61 120
61 123
61 131
61 143
61 146
61 158
61 167
61 185
61 190
61 193
61 198
62 63
62 65
62 79
62 82
62 99
62 107
62 108
62 113
62 116
62 123
62 136
62 138
62 146
62 147
62 177
62 178
62 199
63 64
63 72
63 96
63 101
63 121
63 128
63 129
63 156
63 184
63 185
63 189
63 192
64 65
64 68
64 87
64 92
64 102
64 115
64 120
64 122
64 146
64 153
64 154
64 162
64 163
64 177
64 178
64 195
64 199
65 66
65 73
65 81
65 89
65 94
65 100
65 107
65 109
65 110
65 122
65 147
65 162
65 165
65 176
65 185
66 67
66 70
66 82
66 84
66 88
66 93
66 100
66 107
66 110
66 117
66 125
66 130
66 131
66 139
66 144
66 148
66 163
66 168
66 170
66 180
66 181
66 182
66 189
67 68
67 75
67 84
67 91
67 102
67 121
67 125
67 126
67 143
67 190
67 198
68 69
68 72
68 87
68 131
68 134
68 140
68 148
68 151
68 157
69 70
69 78
69 91
69 119
69 125
69 134
69 152
69 157
69 183
69 188
69 195
70 71
70 111
70 121
70 128
70 161
70 170
70 189
70 199
71 72
71 92
71 95
71 107
71 108
71 115
71 118
71 123
71 139
71 150
71 159
71 162
71 174
71 193
72 73
72 78
72 90
72 94
72 99
72 112
72 125
72 126
72 146
72 152
72 170
72 186
72 188
72 199
73 74
73 102
73 109
73 110
73 117
73 120
73 124
73 142
73 158
74 75
74 140
74 151
74 152
74 164
74 198
75 76
75 81
75 82
75 90
75 96
75 102
75 115
75 119
75 123
75 140
75 141
75 147
75 149
75 153
75 156
75 159
75 163
75 176
75 180
75 184
75 194
76 77
76 80
76 82
76 85
76 111
76 116
76 120
76 133
76 153
76 156
76 175
76 182
76 191
77 78
77 90
77 97
77 101
77 104
77 105
77 118
77 121
77 128
77 149
77 154
77 158
77 170
77 176
78 79
78 84
78 118
78 168
78 179
78 196
79 80
79 92
79 99
79 103
79 125
79 134
79 169
79 170
79 171
79 178
79 195
79 198
80 81
80 87
80 99
80 103
80 110
80 113
80 130
80 149
80 154
80 158
80 162
80 169
80 171
80 177
80 180
80 181
81 82
81 83
81 98
81 106
81 108
81 121
81 126
81 129
81 135
81 145
81 148
81 154
81 155
81 169
81 187
82 83
82 96
82 109
82 117
82 148
82 178
82 185
82 187
82 192
83 84
83 91
83 97
83 110
83 121
83 137
83 143
83 169
83 171
83 183
84 85
84 101
84 103
84 129
84 133
84 135
84 142
84 170
84 183
84 190
84 195
85 86
85 89
85 99
85 106
85 112
85 130
85 155
85 158
85 161
85 177
86 87
86 92
86 94
86 99
86 105
86 107
86 123
86 128
86 136
86 146
86 158
86 160
86 177
86 184
87 88
87 90
87 117
87 169
87 179
87 186
87 190
87 191
87 194
87 195
87 198
88 89
88 90
88 97
88 107
88 109
88 121
88 122
88 124
88 140
88 142
88 163
88 169
88 177
88 186
88 193
88 194
89 90
89 108
89 134
89 136
89 137
89 139
89 148
89 158
89 165
89 167
89 171
89 175
89 184
89 193
90 91
90 97
90 108
90 111
90 115
90 119
90 125
90 135
90 142
90 173
90 181
90 182
90 185
90 195
91 92
91 98
91 99
91 106
91 123
91 131
91 136
91 138
91 142
91 144
91 154
91 157
91 166
91 182
91 193
91 195
92 93
92 100
92 108
92 151
92 155
92 170
92 172
92 180
92 197
93 94
93 99
93 108
93 114
93 117
93 125
93 131
93 133
93 144
93 161
93 169
94 95
94 96
94 97
94 122
94 126
94 143
94 153
94 170
94 175
94 181
94 197
95 96
95 111
95 119
95 133
95 139
95 148
95 154
95 161
95 169
95 173
95 176
95 186
95 188
96 97
96 99
96 106
96 107
96 111
96 135
96 148
96 166
96 168
96 181
96 191
96 192
96 197
96 198
97 98
97 102
97 111
97 118
97 119
97 120
97 159
97 193
98 99
98 113
98 115
98 125
98 153
98 163
98 164
98 174
98 178
99 100
99 104
99 117
99 128
99 136
99 142
99 156
99 173
99 188
99 196
99 199
100 101
100 118
100 135
100 136
100 155
100 174
101 102
101 123
101 124
101 161
101 172
101 179
101 187
101 189
101 197
102 103
102 111
102 113
102 122
102 124
102 139
102 172
102 180
102 195
103 104
103 117
103 126
103 130
103 137
103 143
103 148
103 154
103 156
103 165
103 168
103 180
103 190
104 105
104 116
104 125
104 126
104 146
104 154
104 158
104 171
104 178
105 106
105 109
105 134
105 137
105 143
105 144
105 147
105 161
105 180
105 196
106 107
106 112
106 113
106 120
106 144
106 154
106 161
106 164
106 179
106 180
106 187
107 108
107 129
107 171
107 172
107 194
107 199
108 109
108 113
108 120
108 129
108 157
108 158
108 161
108 162
108 186
108 194
108 197
108 198
109 110
109 113
109 122
109 148
109 157
109 176
110 111
110 117
110 119
110 123
110 138
110 143
110 145
110 159
110 161
110 162
110 163
110 164
110 177
110 191
110 198
111 112
111 125
111 128
111 133
111 143
111 145
111 152
111 154
111 155
111 160
111 178
111 181
111 182
111 188
111 194
112 113
112 127
112 131
112 140
112 168
112 184
112 196
113 114
113 129
113 130
113 139
113 144
113 158
113 163
113 179
113 197
114 115
114 122
114 150
114 156
114 180
114 185
114 196
115 116
115 131
115 134
115 137
115 150
115 168
115 178
115 181
115 182
115 183
116 117
116 126
116 130
116 142
116 157
116 161
116 169
116 172
116 194
116 198
117 118
117 125
117 127
117 144
117 161
117 173
117 178
117 179
117 181
118 119
118 124
118 136
118 138
118 141
118 175
119 120
119 123
119 126
119 130
119 169
119 179
119 181
120 121
120 123
120 133
120 138
120 140
120 145
120 150
120 153
120 158
120 168
120 177
120 181
120 183
121 122
121 147
121 149
121 153
121 162
121 163
121 185
122 123
122 128
122 145
122 149
122 166
122 175
122 185
123 124
123 127
123 135
123 146
123 148
123 153
123 154
123 155
124 125
124 126
124 132
124 136
124 154
124 156
124 174
124 177
124 183
124 189
124 194
125 126
125 142
125 147
125 151
125 156
125 159
125 179
126 127
126 142
126 161
126 166
126 173
127 128
127 129
127 134
127 140
127 147
127 150
127 169
127 189
128 129
128 162
128 166
128 173
128 176
128 197
129 130
129 135
129 139
129 146
129 180
129 185
129 189
129 190
129 191
130 131
130 141
130 170
130 182
130 191
130 194
131 132
131 151
131 158
131 178
131 182
131 186
131 197
132 133
132 134
132 136
132 157
132 161
132 172
132 174
132 181
132 185
132 186
132 196
133 134
133 149
133 160
133 177
133 180
133 186
133 193
134 135
134 159
134 162
134 174
134 175
134 181
134 193
134 194
135 136
135 147
135 157
135 160
136 137
136 151
136 163
136 167
136 171
136 173
136 179
136 183
136 188
136 192
137 138
137 155
137 156
137 183
137 184
138 139
138 148
138 149
138 160
138 161
138 181
138 183
138 194
138 196
139 140
139 182
139 189
140 141
140 158
140 160
140 163
140 167
140 170
140 196
141 142
141 145
141 161
141 166
141 177
141 180
141 188
142 143
142 165
142 182
142 183
142 190
142 191
143 144
143 145
143 158
143 174
143 178
143 180
143 186
143 188
143 192
144 145
144 159
144 164
144 165
144 183
145 146
145 150
145 154
145 162
145 169
145 181
145 195
146 147
146 166
146 170
146 172
146 185
146 192
147 148
147 151
147 152
147 155
147 162
147 171
147 174
147 184
147 188
147 190
148 149
148 170
148 178
148 180
148 195
149 150
149 159
149 178
149 184
149 190
149 195
149 196
150 151
150 160
151 152
151 173
151 177
151 180
151 191
151 193
152 153
152 172
152 176
152 181
153 154
153 166
153 170
154 155
154 169
154 175
154 185
154 188
154 190
155 156
155 160
155 165
155 176
155 178
155 191
156 157
156 166
156 168
156 180
156 196
157 158
157 166
157 168
157 179
157 183
158 159
158 166
158 185
159 160
159 175
159 188
160 161
160 170
160 174
160 175
160 185
160 195
160 197
161 162
161 174
161 186
162 163
162 189
162 194
163 164
163 168
163 196
164 165
164 167
164 182
165 166
165 167
165 175
165 177
165 198
166 167
166 177
166 186
166 193
166 194
167 168
168 169
168 172
168 187
169 170
169 196
169 199
170 171
170 176
171 172
172 173
172 177
172 184
172 197
173 174
173 192
174 175
174 180
174 185
175 176
175 181
175 191
176 177
176 186
176 196
176 199
177 178
177 187
177 197
178 179
178 194
179 180
179 185
179 192
179 199
180 181
180 184
180 198
181 182
181 198
182 183
182 192
182 198
183 184
183 189
183 192
184 185
184 187
184 192
184 199
185 186
185 188
186 187
186 188
186 195
186 197
187 188
187 199
188 189
188 190
188 198
189 190
190 191
191 192
192 193
193 194
194 195
195 196
195 199
196 197
197 198
198 199
