0 50.67110251696461
1 91.58135826408223
2 44.77344851187004
3 34.6307608333311
4 27.631634518895595
5 27.680488289554553
6 46.71711842265214
7 66.38273146755853
8 90.2234120965677
9 111.54428037090159
10 67.05254389033408
11 47.34419852953851
12 62.24884045814888
13 66.10435332396717
14 90.04578089668841
15 101.21326349021226
16 60.00861382280482
17 119.69382531691284
18 28.359906321884306
19 36.592314946243576
20 87.50199640180185
21 83.54179813902653
22 64.59744403581894
23 26.270891129230794
24 43.99596723430939
25 92.30580202382657
26 89.02663289502131
27 116.5280029403349
28 33.492666462989874
29 103.54370567642565
30 110.96046848838766
31 20.998020655786945
32 36.03468360844748
33 95.09296879165034
34 93.23000383278082
35 60.773053635555165
36 99.32297242439385
37 95.51656135204998
38 109.2911087426702
39 22.668741582286682
40 35.7822088294602
41 32.09123592125037
42 50.72652784815857
43 20.959215216104536
44 64.99372442560647
45 83.25527544053685
46 119.2527356001347
47 64.39093740349149
48 24.326116417817957
49 77.99924240672686
50 21.813734767702513
51 49.914013560580166
52 81.62897954166885
53 93.37465853987042
54 49.941618664252566
55 27.323477281636237
56 23.015222059448476
57 63.111920318004955
58 65.28635553980189
59 104.88197189911567
60 56.0426330721813
61 25.28023321307888
62 32.064911382827326
63 94.99913126007675
64 64.01556412858429
65 104.98867725785
66 34.15251074522229
67 31.17187747992525
68 70.66267008466282
69 49.31896096850066
70 89.63644877178433
71 22.643813219511514
72 26.106853347253086
73 105.99683659074189
74 28.87554251100961
75 51.62066909818168
76 104.82872748010527
77 64.75052520737682
78 33.456005573795835
79 59.38280682729878
80 114.23502340916934
81 60.8709293199713
82 42.90709082874456
83 112.26461657023228
84 48.47855463631972
85 74.17980517959089
86 23.637619764277755
87 86.22454367618455
88 86.33651774854742
89 43.42848848626413
90 60.27706929483834
91 59.60840847439153
92 24.23901917173003
93 56.09114506846841
94 73.45261351191347
95 57.71262388069185
96 55.94992863537515
97 66.58296306109706
98 90.00614052879277
99 49.882733559638055
100 58.93728239305661
101 42.125065911444636
102 91.75293066234401
103 60.13667589463455
104 24.13060962156503
105 34.79437613097751
106 47.10633362112866
107 115.68106229547921
108 70.54776191228106
109 30.738026712686466
110 86.24043998851548
111 24.192652685748897
112 119.18389614597365
113 33.098348071142084
114 114.93541653289282
115 40.36614467391195
116 61.59051419197293
117 93.88586680825804
118 74.84778676847796
119 54.983243732350836
120 47.732547127067505
121 21.85411919070112
122 48.670653132460366
123 115.6369672445877
124 34.996655249427704
125 58.371563407064436
126 77.49645758034623
127 67.24898135156033
128 85.63406395790979
129 31.352188822393316
130 104.6675764179941
131 82.64668623916836
132 73.45644557317469
133 68.49791178124659
134 85.49766695224835
135 38.72069772720131
136 62.26344534300805
137 75.42219565322323
138 105.46938600459406
139 82.06224474825244
140 48.265673128523005
141 61.6657612842039
142 30.861682328198867
143 119.48393722395036
144 116.67709325128374
145 28.181671915364685
146 75.2326170707184
147 63.4562466862121
148 48.68594187925282
149 113.55844521729843
150 102.78122504498681
151 60.24595576892698
152 29.173406818019913
153 33.066296978661306
154 105.33467915715353
155 29.421738137850504
156 47.834510877991214
157 34.553001215571705
158 83.5545749568862
159 47.39593945444626
160 56.76575935348079
161 38.282250926610374
162 34.928924679101854
163 114.80051576087774
164 46.119295077669925
165 23.998834329631507
166 101.21399032624714
167 57.749052536443784
168 26.083437759368316
169 77.82133314523848
170 56.212835858910516
171 26.415582290733724
172 58.23465727038502
173 114.0044381004912
174 21.125074342065446
175 70.86496411862859
176 62.2161895919197
177 42.179438311116414
178 79.1749728036739
179 93.6983740371634
180 34.73361944239132
181 59.372780355977
182 23.82272000115679
183 101.83143612972552
184 57.0179995411207
185 107.91903171112216
186 115.58631837389083
187 105.60139606529174
188 34.19210581521605
189 55.32601894437609
190 41.34924459746516
191 42.40365243124375
192 105.38571597792227
193 20.216240867115125
194 67.00161860898422
195 34.18688175496493
196 86.9808600177279
197 89.6601399778377
198 49.3603582201192
199 23.389869427958423
0 1
0 23
0 24
0 26
0 77
0 95
0 107
0 111
0 116
0 130
0 133
0 136
0 144
1 2
1 4
1 20
1 24
1 27
1 37
1 58
1 62
1 98
1 106
1 131
1 133
1 150
1 157
2 3
2 12
2 14
2 69
2 81
2 89
2 105
2 113
2 114
2 142
2 152
2 163
2 167
2 174
2 177
2 191
3 4
3 18
3 50
3 57
3 91
3 96
3 102
3 104
3 123
3 136
3 140
3 176
4 5
4 24
4 30
4 35
4 46
4 55
4 58
4 60
4 63
4 78
4 94
4 118
4 137
4 145
4 150
4 155
5 6
5 17
5 19
5 20
5 23
5 58
5 60
5 71
5 82
5 108
5 129
5 134
5 153
5 154
5 159
6 7
6 22
6 25
6 47
6 91
6 101
6 110
6 111
6 116
6 129
6 143
6 151
6 163
6 178
6 180
6 181
6 186
6 192
7 8
7 33
7 47
7 57
7 63
7 155
7 188
8 9
8 17
8 20
8 23
8 29
8 32
8 33
8 47
8 68
8 78
8 86
8 87
8 90
8 92
8 146
8 159
8 173
9 10
9 50
9 64
9 69
9 93
9 97
9 109
9 114
9 145
9 150
9 159
9 160
9 169
9 178
9 185
10 11
10 78
10 110
10 111
10 133
10 149
10 158
10 166
10 186
10 193
11 12
11 13
11 28
11 42
11 52
11 58
11 75
11 86
11 106
11 111
11 130
11 145
11 153
11 158
11 165
11 178
11 182
11 186
11 190
11 195
12 13
12 16
12 40
12 46
12 53
12 56
12 58
12 67
12 69
12 71
12 80
12 81
12 86
12 122
12 124
12 158
12 187
12 189
12 192
13 14
13 32
13 55
13 71
13 75
13 76
13 87
13 101
13 105
13 136
13 178
14 15
14 33
14 37
14 68
14 96
14 99
14 103
14 110
14 121
14 154
14 176
14 183
14 185
14 187
14 189
14 190
14 194
15 16
15 20
15 48
15 88
15 120
15 124
15 129
15 155
15 179
16 17
16 34
16 38
16 57
16 63
16 78
16 102
16 108
16 109
16 111
16 131
17 18
17 48
17 58
17 62
17 68
17 94
17 105
17 111
17 113
17 158
17 181
17 184
18 19
18 22
18 34
18 44
18 57
18 59
18 70
18 96
18 116
18 140
18 164
18 185
18 197
18 198
19 20
19 31
19 47
19 54
19 90
19 102
19 138
19 141
20 21
20 33
20 34
20 61
20 66
20 68
20 72
20 82
20 87
20 97
20 116
20 125
20 141
20 142
20 151
20 182
20 188
20 191
20 192
20 196
21 22
21 33
21 40
21 41
21 55
21 106
21 112
21 113
21 138
21 140
21 143
21 152
21 153
21 164
21 170
21 187
21 192
22 23
22 30
22 40
22 49
22 59
22 75
22 120
22 123
22 125
22 146
22 160
22 168
22 192
23 24
23 47
23 64
23 93
23 100
23 109
23 124
23 125
23 136
23 141
23 151
23 153
23 160
23 166
23 181
23 182
23 198
24 25
24 28
24 29
24 35
24 38
24 52
24 56
24 58
24 59
24 72
24 86
24 88
24 104
24 160
24 172
24 178
24 199
25 26
25 27
25 91
25 95
25 105
25 112
25 124
25 132
25 167
25 174
25 190
25 191
26 27
26 29
26 36
26 46
26 64
26 66
26 73
26 93
26 98
26 111
26 131
26 153
26 154
27 28
27 31
27 48
27 73
27 74
27 77
27 95
27 132
27 139
27 148
27 151
27 168
27 173
27 175
27 184
27 186
27 192
27 196
28 29
28 32
28 45
28 51
28 61
28 76
28 78
28 98
28 100
28 106
28 110
28 135
28 165
28 185
28 193
29 30
29 42
29 46
29 96
29 116
29 128
29 132
29 148
29 158
29 162
29 167
29 170
29 172
30 31
30 43
30 46
30 58
30 94
30 101
30 118
30 139
30 152
30 153
30 158
30 175
30 178
31 32
31 39
31 51
31 103
31 104
31 122
31 150
31 152
31 169
31 172
31 173
31 174
31 189
31 195
31 198
32 33
32 56
32 58
32 62
32 78
32 136
32 151
32 161
32 170
32 172
33 34
33 45
33 50
33 63
33 67
33 69
33 78
33 81
33 83
33 97
33 109
33 115
33 123
33 128
33 135
33 163
33 183
34 35
34 38
34 87
34 95
34 97
34 131
34 174
34 181
34 192
34 193
35 36
35 38
35 79
35 140
35 143
35 152
35 156
35 170
35 186
36 37
36 43
36 75
36 83
36 92
36 141
36 171
36 183
37 38
37 46
37 55
37 57
37 60
37 68
37 98
37 130
37 135
37 146
37 158
37 168
37 169
38 39
38 59
38 65
38 72
38 94
38 96
38 107
38 109
38 119
38 130
38 144
38 177
38 190
39 40
39 49
39 60
39 63
39 64
39 78
39 122
39 130
39 133
39 151
39 159
39 166
39 187
39 195
40 41
40 43
40 64
40 65
40 67
40 71
40 77
40 82
40 84
40 90
40 95
40 126
40 150
40 152
40 158
40 159
40 162
40 165
40 186
40 196
41 42
41 79
41 115
41 121
41 165
42 43
42 50
42 69
42 88
42 115
42 117
42 135
42 157
42 165
42 167
43 44
43 47
43 64
43 67
43 84
43 89
43 91
43 99
43 118
43 130
43 135
43 138
43 159
43 164
43 172
43 183
43 189
44 45
44 47
44 60
44 67
44 74
44 75
44 87
44 103
44 106
44 108
44 126
44 144
44 156
45 46
45 81
45 100
45 101
45 127
45 129
45 134
45 154
45 177
45 183
46 47
46 50
46 54
46 62
46 74
46 87
46 134
46 152
46 155
46 182
46 192
47 48
47 61
47 79
47 93
47 101
47 116
47 117
47 126
47 130
47 134
47 138
47 146
47 174
47 175
47 176
47 196
48 49
48 58
48 66
48 76
48 92
48 122
48 136
48 147
48 148
48 164
48 169
48 181
49 50
49 68
49 76
49 83
49 93
49 105
49 115
49 124
49 130
49 131
49 134
49 141
49 146
49 150
49 151
49 173
49 187
49 196
50 51
50 53
50 73
50 76
50 87
50 91
50 106
50 116
50 122
50 132
50 166
50 194
50 198
51 52
51 67
51 68
51 86
51 105
51 106
51 111
51 131
51 145
51 150
51 180
52 53
52 55
52 73
52 107
52 119
52 124
52 130
52 131
52 146
52 156
52 170
52 171
52 172
53 54
53 55
53 78
53 87
53 96
53 113
53 118
53 125
53 127
53 129
53 159
53 178
53 190
54 55
54 57
54 68
54 73
54 169
54 179
54 186
55 56
55 88
55 94
55 127
55 134
55 144
55 153
55 154
55 157
55 175
55 182
55 192
56 57
56 60
56 83
56 84
56 98
56 104
56 109
56 160
56 181
57 58
57 82
57 83
57 84
57 87
57 94
57 109
57 123
57 141
57 190
58 59
58 67
58 83
58 108
58 129
58 160
58 171
58 180
59 60
59 68
59 138
59 140
59 175
59 186
59 195
60 61
60 69
60 77
60 96
60 99
60 137
60 144
60 153
60 155
60 178
60 190
60 193
61 62
61 78
61 88
61 91
61 126
61 135
61 136
61 138
61 145
61 163
61 170
62 63
62 68
62 72
62 123
62 175
63 64
63 83
63 103
63 105
63 113
63 145
63 146
63 190
64 65
64 66
64 71
64 106
64 110
64 120
64 128
64 170
64 176
64 187
65 66
65 70
65 73
65 75
65 106
65 147
65 155
65 175
65 195
66 67
66 72
66 76
66 104
66 108
66 116
66 144
66 154
66 161
66 171
67 68
67 86
67 134
67 145
67 165
67 172
67 180
68 69
68 81
68 108
68 119
68 137
68 152
69 70
69 90
69 100
69 111
69 135
69 167
70 71
70 116
70 161
70 162
70 183
70 189
70 197
70 198
70 199
71 72
71 78
71 81
71 90
71 98
71 126
71 129
71 134
71 145
72 73
72 84
72 92
72 93
72 106
72 114
72 146
72 158
72 163
72 183
73 74
73 81
73 89
73 96
73 102
73 115
73 118
73 122
73 131
73 153
73 170
73 171
73 172
73 176
74 75
74 91
74 97
74 102
74 110
74 112
74 128
74 139
74 152
74 164
74 172
74 178
74 192
75 76
75 101
75 117
75 120
75 134
75 163
75 179
75 180
75 187
76 77
76 81
76 101
76 121
76 130
76 138
76 146
76 167
76 168
76 192
76 196
77 78
77 81
77 108
77 114
77 118
77 130
77 133
77 149
77 159
77 175
78 79
78 86
78 104
78 108
78 110
78 131
78 153
78 162
78 171
78 174
78 190
78 196
79 80
79 123
79 145
79 157
79 162
79 170
79 181
79 183
80 81
80 91
80 105
80 122
80 131
80 154
80 178
81 82
81 89
81 115
81 162
81 177
81 191
81 198
82 83
82 92
82 114
82 149
82 150
82 158
82 186
82 197
83 84
83 86
83 98
83 143
83 148
83 160
83 188
83 191
83 199
84 85
84 112
84 123
84 136
84 150
84 160
84 170
84 187
85 86
85 87
85 89
85 90
85 99
85 114
85 121
85 133
85 146
85 153
85 159
85 190
85 198
86 87
86 90
86 105
86 155
86 157
86 158
86 186
86 187
86 188
86 190
86 192
86 199
87 88
87 91
87 105
87 178
88 89
88 98
88 100
88 104
88 122
88 124
88 142
88 155
88 161
88 164
88 166
89 90
89 176
90 91
90 104
90 106
90 111
90 122
90 155
90 163
90 174
90 177
90 191
90 194
91 92
91 98
91 112
91 117
91 119
91 134
91 151
91 168
91 181
91 193
92 93
92 154
92 165
92 171
92 174
92 177
92 180
92 189
92 196
93 94
93 97
93 98
93 106
93 110
93 112
93 114
93 127
93 167
93 186
93 196
94 95
94 109
94 121
94 174
94 182
95 96
95 97
95 109
95 122
95 154
95 156
95 165
95 168
95 178
95 186
96 97
96 108
96 110
96 127
96 141
96 167
96 176
96 179
97 98
97 105
97 112
97 114
97 122
97 135
97 141
97 166
97 170
97 176
97 183
97 185
98 99
98 104
98 105
98 106
98 157
98 160
98 187
98 192
99 100
99 132
99 161
100 101
100 102
100 104
100 118
100 134
100 135
100 158
100 176
101 102
101 106
101 113
101 114
101 115
101 134
101 161
101 175
101 179
101 181
101 188
102 103
102 107
102 111
102 116
102 125
102 127
102 143
102 159
102 161
103 104
103 118
103 133
103 134
103 135
103 175
103 180
103 182
103 197
103 199
104 105
104 117
104 122
104 153
104 165
104 189
104 195
105 106
105 136
105 164
105 172
105 188
106 107
106 139
106 141
106 173
106 180
106 184
106 185
107 108
107 110
107 113
107 136
107 144
107 146
107 156
107 167
108 109
108 111
108 115
109 110
109 131
109 137
109 139
109 150
109 163
109 166
110 111
110 122
110 168
110 194
111 112
111 114
111 133
111 136
111 155
111 157
111 189
112 113
112 120
112 127
112 136
112 144
112 164
112 178
112 184
112 186
112 195
112 198
113 114
113 119
113 125
113 153
113 171
113 172
113 179
114 115
114 152
114 158
114 164
114 190
114 194
115 116
115 119
115 139
115 140
115 193
115 199
116 117
116 120
116 150
116 161
116 188
116 189
116 192
117 118
117 127
117 130
117 134
117 142
118 119
118 127
118 129
118 130
118 173
118 193
119 120
119 133
119 140
119 141
119 143
119 144
119 191
120 121
120 125
120 126
120 135
120 138
120 141
120 171
120 176
120 182
120 187
121 122
121 134
121 144
121 155
121 179
121 181
121 190
122 123
122 168
122 196
122 199
123 124
123 140
123 141
123 157
123 169
123 175
123 184
123 190
124 125
124 131
124 141
124 143
124 182
124 190
124 198
125 126
125 138
125 150
125 166
125 167
125 178
126 127
126 130
126 147
126 153
126 158
126 171
126 172
126 179
126 197
127 128
127 142
127 149
127 155
127 178
127 181
127 188
127 192
128 129
128 150
128 159
128 171
128 177
128 178
128 183
128 184
128 188
128 197
129 130
129 133
129 158
129 170
129 193
129 198
130 131
130 143
130 150
130 154
130 156
130 164
130 166
130 169
130 172
130 178
131 132
131 144
131 146
131 150
131 171
131 189
131 198
132 133
132 136
132 137
132 148
132 182
132 186
132 188
133 134
133 140
133 143
133 157
133 160
133 163
133 165
133 183
133 192
133 194
134 135
134 168
135 136
135 143
135 161
135 179
136 137
136 138
136 190
136 192
136 195
137 138
137 142
137 145
137 172
137 180
137 185
138 139
138 147
138 156
138 159
138 184
139 140
139 168
139 173
139 180
139 181
139 194
140 141
140 145
140 160
140 168
141 142
141 145
141 152
141 161
141 185
142 143
142 157
142 164
142 174
142 175
142 189
142 192
142 194
143 144
143 172
143 182
143 194
144 145
145 146
145 147
145 170
145 173
146 147
146 151
146 154
147 148
147 165
147 189
147 190
148 149
148 159
148 177
148 178
148 183
149 150
149 153
149 157
149 161
149 164
149 173
150 151
150 153
150 157
150 168
150 176
150 179
150 194
151 152
151 170
151 187
152 153
152 174
152 177
152 187
153 154
153 165
153 166
154 155
154 170
154 171
154 182
154 186
154 187
154 188
154 195
155 156
155 161
155 174
155 193
156 157
156 165
156 171
157 158
157 175
157 195
158 159
158 166
158 168
158 184
158 193
159 160
159 166
159 168
159 175
159 177
159 185
160 161
161 162
161 164
161 169
161 172
162 163
162 184
162 191
163 164
163 168
164 165
164 175
164 181
164 183
165 166
165 174
165 184
165 188
165 195
166 167
166 194
167 168
167 183
168 169
168 178
168 192
169 170
169 181
170 171
170 172
170 176
171 172
172 173
172 174
172 178
172 193
173 174
173 177
173 182
173 195
174 175
175 176
175 180
175 193
176 177
176 179
176 187
177 178
177 191
178 179
178 189
179 180
180 181
180 185
180 190
180 194
181 182
181 183
181 185
181 187
182 183
182 198
183 184
183 192
184 185
184 188
185 186
185 197
186 187
186 199
187 188
188 189
189 190
190 191
190 197
190 198
191 192
191 194
192 193
192 196
192 197
193 194
194 195
195 196
195 198
195 199
196 197
197 198
198 199
