0 22.830398881318107
1 104.06052544891031
2 91.37059894507509
3 83.89789620797572
4 60.23560246096467
5 73.74238463455113
6 40.780086626453
7 117.32409046993614
8 29.44949472176314
9 38.95641829908106
10 110.31574916539677
11 111.21532298556724
12 66.21557282903953
13 57.85057761547675
14 67.50420458511701
15 61.1915245103382
16 73.06281027726817
17 34.951503625023186
18 103.10660797948336
19 105.3636576124984
20 49.50573708825236
21 73.12528698449881
22 25.287046910274263
23 51.87968427261076
24 20.830115815099084
25 56.177197221804285
26 106.66496043593118
27 42.34788110761576
28 79.94483986910322
29 52.86495785274904
30 98.39034194090732
31 31.02332605406382
32 38.12823884074085
33 24.603937069407216
34 83.29070420641779
35 90.20983847709846
36 39.96976633100137
37 113.77168738452865
38 26.17389712464468
39 36.02107690122965
40 35.405562705781435
41 87.2730294023518
42 93.53104845281064
43 105.46081932080088
44 117.46917202640711
45 110.90584887387617
46 57.16903576241531
47 105.72399518763658
48 28.226220202318068
49 34.071712044702146
50 66.71207968906717
51 99.68627073897224
52 107.3346427574879
53 71.50423049036401
54 74.44718383265322
55 87.74158087267169
56 107.76960568287325
57 78.94205710589706
58 22.648296290833198
59 95.46324647400029
60 31.4749776031607
61 33.05234450343839
62 58.29926312346167
63 79.00582987668982
64 44.05084749873107
65 42.41431017339638
66 23.04574646073058
67 115.7312383176071
68 112.0592363506369
69 36.00150654273437
70 77.24148468879949
71 56.2339854945839
72 69.12782629772019
73 98.35535738798049
74 56.11440035950585
75 75.75698701262186
76 57.754163135793334
77 46.52129972548734
78 23.3632040725058
79 77.93057308733505
80 112.56042940312767
81 72.82288401008302
82 82.90537407469512
83 71.83391793470076
84 47.72163572212462
85 109.6780805779432
86 33.03241965023824
87 64.56939109032515
88 86.38758285634478
89 107.91585998363965
90 98.88862943145418
91 85.85682784038292
92 23.141739556612812
93 58.43013785659838
94 58.97457478808328
95 88.59604979333676
96 41.8877699713804
97 28.512007747974174
98 89.28678743377728
99 49.9124299688912
100 21.027097405818733
101 28.830105316817438
102 84.74028316587447
103 30.891672071436354
104 45.3885951201783
105 74.78285874694048
106 81.68064134279204
107 40.02638899947414
108 110.0940902183755
109 56.825302864594434
110 97.5775731439263
111 85.3384451242716
112 45.391065089029276
113 88.37700396695178
114 24.402067530056843
115 93.207504560703
116 113.45659033143377
117 57.04658106197366
118 60.724321930225294
119 118.12755172130169
120 28.274171311930278
121 65.16219934235382
122 44.22987466400678
123 66.92959805254036
124 27.907827021020392
125 108.97632479544465
126 51.13645829045089
127 113.45020055787204
128 84.84543861565885
129 112.41692763448327
130 61.90428117183552
131 85.19179947555568
132 74.55599582810467
133 100.88623503625239
134 53.66760530292591
135 62.212316257148906
136 35.003037938518446
137 73.36204856560377
138 68.97561145384947
139 40.29781510513578
140 40.57929051992118
141 106.93550799409267
142 27.715742645926827
143 75.41353337196101
144 82.77509363979375
145 106.92316191086049
146 94.50284342311075
147 44.494816825711474
148 96.86590280817562
149 97.82003133819188
150 87.35255023369915
151 28.831142093356966
152 99.00181489936853
153 35.614310114039256
154 115.11764031571482
155 50.61257196080922
156 101.30468134966974
157 110.36325031485333
158 60.95103131505958
159 70.64957414057105
160 53.9260825696029
161 99.43364289509728
162 86.96948667853239
163 85.84345217877515
164 22.492048050094333
165 26.439289907857393
166 21.327055244246534
167 48.67606685345113
168 46.95809639200665
169 78.66166519984466
170 103.06754732365837
171 67.8039261538768
172 43.62079390612636
173 36.61898810597114
174 102.41045454574548
175 38.78314984139617
176 105.87972511667668
177 73.45270958619547
178 104.53488480261638
179 97.01817828792036
180 31.316381463843896
181 88.92945250098707
182 43.461259113280306
183 81.21855272177952
184 52.75417710302159
185 53.11022832033533
186 99.29064450380685
187 44.96446487761147
188 79.18639624516237
189 48.117761752934236
190 26.846756553935364
191 56.423173086499325
192 58.80662276387125
193 112.93657235425655
194 66.6758660230478
195 81.8248448173907
196 60.848742182809254
197 115.80945469326107
198 100.39493544056731
199 56.99771589561909
0 1
0 6
0 65
0 108
0 117
1 2
1 35
1 70
1 115
1 148
1 184
2 3
2 21
2 39
2 115
2 125
2 155
2 164
2 189
3 4
3 27
3 40
3 42
3 71
3 80
3 81
3 138
3 150
4 5
4 37
4 92
4 100
4 103
4 115
4 118
5 6
5 62
5 113
5 122
5 158
5 162
5 191
6 7
6 19
6 34
6 48
6 54
6 80
6 92
6 125
6 143
7 8
7 18
7 47
7 62
7 68
7 71
7 74
7 83
7 86
7 110
7 116
7 188
7 191
8 9
8 25
8 31
8 57
8 60
8 93
8 102
8 140
8 142
8 186
9 10
9 62
9 99
9 100
9 137
9 139
9 156
9 166
10 11
10 12
10 74
10 113
10 127
10 168
10 193
11 12
11 32
11 91
11 155
11 166
12 13
12 18
12 34
12 56
12 88
12 120
12 158
13 14
13 54
13 57
13 74
13 101
13 156
13 173
14 15
14 34
14 51
14 90
14 147
14 188
15 16
15 42
15 55
15 65
15 85
15 135
15 149
15 188
15 195
16 17
16 36
16 93
16 100
16 125
16 144
17 18
17 70
17 89
17 114
17 116
17 154
17 164
18 19
18 105
18 112
18 166
19 20
19 26
19 88
19 92
19 101
19 140
19 143
19 159
19 192
20 21
20 72
20 115
20 146
20 187
21 22
21 23
21 112
21 140
21 142
21 182
22 23
22 44
22 64
22 67
22 89
22 140
22 198
23 24
23 64
23 118
23 122
23 141
23 182
24 25
24 50
24 55
24 101
24 125
24 161
24 163
25 26
25 40
25 52
25 81
25 101
25 104
25 114
25 131
25 160
25 163
25 181
26 27
26 39
26 46
26 76
26 136
26 172
26 183
27 28
27 48
27 49
27 135
27 153
28 29
28 36
28 54
28 75
28 87
28 88
28 98
28 120
28 125
28 169
28 172
28 180
29 30
29 58
29 70
29 115
30 31
30 73
30 76
30 82
30 88
30 105
31 32
31 122
31 123
31 181
31 185
32 33
32 39
32 123
32 150
32 182
33 34
33 47
33 74
33 102
33 145
33 173
33 188
34 35
34 46
34 95
34 122
34 131
34 141
34 186
35 36
35 46
35 48
35 127
35 130
35 139
35 177
35 182
36 37
36 92
36 106
37 38
37 89
37 147
37 162
37 168
37 181
37 183
38 39
38 45
38 67
38 101
38 127
38 138
38 153
38 157
38 189
38 196
39 40
39 92
39 103
39 105
39 144
39 157
40 41
40 107
40 119
40 191
41 42
41 193
42 43
42 47
42 70
42 89
42 133
42 189
42 194
42 195
43 44
43 46
43 104
43 109
43 128
43 173
43 175
43 184
44 45
44 51
44 139
44 151
44 176
44 195
45 46
45 63
45 110
45 115
45 164
45 187
45 193
46 47
46 92
46 144
47 48
47 67
47 82
47 110
48 49
48 128
48 199
49 50
49 83
49 123
49 180
50 51
50 95
50 114
50 122
50 188
51 52
51 65
51 102
51 110
51 166
52 53
52 68
52 108
52 141
52 187
53 54
53 70
54 55
54 122
54 124
54 171
54 176
55 56
55 61
55 66
55 68
55 85
55 115
55 120
55 159
55 181
56 57
56 69
56 96
56 118
56 162
56 171
57 58
57 149
58 59
58 82
58 110
58 139
58 170
58 195
59 60
59 71
59 100
59 105
59 116
59 120
59 140
59 156
59 190
60 61
60 163
60 198
61 62
61 137
61 144
61 148
61 178
62 63
62 109
62 118
62 132
62 179
62 185
63 64
63 117
63 144
63 192
64 65
64 84
64 115
64 186
65 66
65 94
65 194
65 199
66 67
66 87
66 122
66 131
66 143
67 68
67 85
67 119
67 154
67 179
67 199
68 69
68 129
68 172
69 70
69 105
69 168
70 71
70 92
70 99
70 111
71 72
72 73
72 93
72 124
72 190
72 199
73 74
73 75
73 84
73 114
73 186
74 75
74 127
74 157
74 165
74 170
74 184
75 76
75 77
75 124
75 167
76 77
76 80
76 109
76 113
76 120
76 132
76 133
76 161
76 173
77 78
77 81
77 82
77 141
77 162
77 177
78 79
78 90
78 103
78 105
78 145
78 183
79 80
79 187
80 81
80 171
81 82
81 152
81 156
81 170
81 184
81 195
81 197
82 83
82 85
82 91
82 107
82 136
83 84
83 111
83 130
83 147
84 85
84 127
84 144
84 145
85 86
85 144
86 87
86 95
86 176
86 179
87 88
87 143
87 144
87 150
87 192
88 89
88 96
88 108
88 125
88 147
88 175
88 178
89 90
89 114
89 155
89 159
90 91
90 111
90 181
91 92
91 95
91 130
91 187
91 190
92 93
92 162
93 94
93 136
93 192
94 95
94 129
94 148
94 153
94 199
95 96
95 101
95 142
95 149
95 165
95 185
96 97
96 126
96 148
96 161
97 98
97 127
97 142
98 99
98 129
98 143
98 160
98 184
99 100
99 153
99 173
100 101
100 129
100 155
101 102
101 127
101 129
101 134
101 188
102 103
102 173
103 104
103 106
103 126
103 158
103 191
104 105
104 126
104 142
105 106
105 113
105 162
105 186
106 107
106 122
106 141
106 179
106 186
107 108
107 159
107 160
107 178
108 109
109 110
109 129
109 143
109 164
109 193
110 111
110 142
110 170
110 192
111 112
111 145
111 155
111 192
112 113
112 157
113 114
113 130
113 156
113 182
113 186
113 189
114 115
114 136
114 188
115 116
116 117
116 150
116 198
117 118
117 123
117 138
117 166
117 176
117 191
118 119
119 120
119 164
120 121
120 161
120 165
120 172
120 177
121 122
121 153
121 168
121 194
122 123
123 124
123 165
123 170
124 125
125 126
126 127
126 149
126 182
127 128
127 170
127 198
127 199
128 129
128 171
128 186
128 189
128 199
129 130
129 135
129 160
130 131
130 134
130 137
130 195
131 132
131 153
131 198
132 133
132 150
132 189
133 134
133 195
134 135
134 148
135 136
135 155
136 137
136 147
136 185
136 186
137 138
137 183
138 139
139 140
139 166
139 181
139 189
140 141
140 172
140 193
141 142
141 152
141 165
141 199
142 143
142 145
142 153
142 167
142 169
142 194
143 144
143 158
143 176
144 145
144 158
144 179
145 146
146 147
147 148
147 170
148 149
148 170
148 173
149 150
149 165
149 180
150 151
151 152
152 153
152 193
153 154
153 165
154 155
154 165
154 176
155 156
155 158
155 172
155 178
155 182
155 187
156 157
156 176
156 185
156 192
157 158
157 178
157 196
158 159
159 160
159 177
160 161
160 186
161 162
162 163
162 185
162 192
163 164
163 183
164 165
164 173
165 166
166 167
166 187
167 168
167 189
168 169
168 189
169 170
169 184
170 171
171 172
171 183
171 186
172 173
173 174
174 175
174 187
174 197
175 176
175 199
176 177
177 178
177 193
177 196
178 179
179 180
179 182
180 181
181 182
181 194
182 183
183 184
184 185
185 186
185 188
185 196
186 187
187 188
188 189
188 194
189 190
190 191
191 192
192 193
193 194
194 195
195 196
196 197
197 198
198 199
