0 83.84308907134519
1 60.50018019917337
2 43.64241008402219
3 46.330423249686135
4 38.89920451323633
5 71.37121182142931
6 72.75425874643594
7 111.2494641238156
8 73.67030549326572
9 76.57866100666055
10 61.96757520936194
11 52.641871053719406
12 63.49291990343189
13 59.46787756113048
14 55.27249848353481
15 107.42689225291558
16 105.22001065804331
17 20.26529958040009
18 21.27488640147225
19 48.35074351744413
20 45.45019390177974
21 75.68839599648848
22 32.4635355962632
23 99.93798672947666
24 109.75343746217929
25 114.21291458863229
26 71.15906005713742
27 60.94404908254919
28 57.334807821557334
29 43.67038676913729
30 95.61908432115942
31 43.4681220084044
32 35.675399394895635
33 78.10278198693459
34 26.43467173257514
35 88.2021733320855
36 37.91232743877027
37 24.180084143053154
38 68.13805136189188
39 117.73319181040492
40 72.06725871567033
41 43.99050068371231
42 63.8517917105686
43 45.38218210873856
44 35.70564392772242
45 90.64189430893997
46 91.84483365281218
47 65.75482852134166
48 52.20645986272917
49 35.8669324441619
50 52.020856223575564
51 114.99515926197459
52 65.54491484726978
53 34.70338672954298
54 57.649658518837256
55 103.67496994456516
56 109.33826317988157
57 101.32487053817054
58 43.06239349458594
59 93.31812745188205
60 62.8774920226366
61 102.22628108536153
62 21.566601225915687
63 108.75032574559263
64 81.96529952045566
65 108.22202793515125
66 79.49722562014475
67 52.78123492051081
68 45.603504006471496
69 85.09411245216563
70 72.10487356561148
71 117.1674229609136
72 90.92056963984967
73 44.23100625679901
74 94.89277216283449
75 64.3708065774206
76 118.20269412012476
77 119.22714744565789
78 40.049047525324816
79 88.31882239837539
80 35.48951862120981
81 82.16684299629021
82 111.78107722269195
83 49.188883450654004
84 77.91813333005103
85 64.19521831846646
86 66.6438158833216
87 117.18113836226688
88 80.8468114809253
89 98.98277362799473
90 65.36420895165307
91 53.309886847807405
92 107.76244844839547
93 64.81906637126156
94 71.19890237108538
95 101.43550195932849
96 34.07342157199967
97 61.324827722906576
98 106.52261677265616
99 65.07502755312419
100 66.1121960885389
101 20.150860918123964
102 84.12978806221464
103 94.97107732200685
104 31.01967655844055
105 115.53589345868848
106 62.64210346313603
107 118.96507777883235
108 107.65597443588562
109 110.22446207115769
110 36.449842043462795
111 104.4122434380338
112 81.27986538308798
113 44.99987187471028
114 59.77502046133834
115 55.19214482310235
116 95.46194275274692
117 55.96610774057801
118 21.729485029183163
119 110.31010680200254
120 43.544054727314176
121 82.71653663452547
122 34.65132045838785
123 29.151060427556867
124 88.93033099184922
125 112.65611621206781
126 71.53802389366622
127 119.63893299110494
128 28.592717639956593
129 91.99773778250031
130 90.05508979064247
131 89.87100914048953
132 117.39660273179688
133 22.332240739207215
134 110.38379844861817
135 81.23813481355475
136 52.19981612839449
137 53.17555706140188
138 72.08217606881519
139 71.60803873598792
140 74.15085604419353
141 75.52529955026606
142 81.16820318940435
143 20.840443129820944
144 85.20995007488595
145 119.21307786457554
146 72.79455516508007
147 67.71904991808626
148 90.63912923104158
149 57.71770355106156
150 57.16928866724154
151 77.32688681932576
152 73.05521203590115
153 28.10833045085967
154 86.78704330888898
155 80.95791506566567
156 75.61221168834334
157 80.91552076938947
158 81.57050446590448
159 46.84920277732539
160 21.977356562278608
161 84.98211051359773
162 75.18199468742537
163 69.3343433637948
164 28.987575425517306
165 25.724670765466765
166 100.55024746193762
167 66.46029719922068
168 74.22091540230151
169 51.740235457185435
170 115.56758806624747
171 31.676098118803235
172 65.19008486602343
173 44.32191562104276
174 80.9478138547821
175 93.89340660416475
176 119.46289330255294
177 107.20089847455196
178 41.395365922846935
179 102.03522905132223
180 105.73708332247585
181 99.711237006326
182 28.521401509473886
183 65.13053589678908
184 114.74465565207957
185 65.57774512871626
186 99.35261098222409
187 47.0789156788304
188 25.833484714372382
189 41.65624433070026
190 47.813778234658166
191 36.40085544652741
192 110.17164044954849
193 66.20926175130114
194 78.22519309982515
195 85.60554658397764
196 64.74251288014462
197 44.67923551387369
198 109.64123348131142
199 42.24964267899819
0 1
1 2
2 3
2 89
2 122
2 132
3 4
3 25
3 104
4 5
4 57
4 121
5 6
5 119
5 170
6 7
6 100
7 8
7 28
7 145
7 177
8 9
8 52
8 59
9 10
9 47
10 11
10 68
10 77
10 102
10 143
11 12
11 48
11 79
11 181
11 192
12 13
12 29
12 75
12 145
13 14
14 15
14 151
15 16
15 177
16 17
16 87
16 101
16 171
17 18
17 176
18 19
18 55
18 99
19 20
19 45
19 90
19 111
19 144
20 21
20 172
21 22
21 24
21 114
22 23
23 24
24 25
24 115
25 26
25 51
26 27
26 69
26 95
26 105
26 176
27 28
27 30
27 98
27 133
28 29
28 159
29 30
29 67
29 192
30 31
30 101
31 32
31 185
32 33
33 34
33 143
33 161
33 198
34 35
34 154
35 36
35 50
35 131
35 164
35 169
36 37
36 45
37 38
37 151
38 39
38 154
38 189
39 40
39 82
40 41
40 165
41 42
41 103
42 43
42 117
43 44
43 152
43 186
44 45
44 181
45 46
45 97
46 47
46 54
47 48
47 116
48 49
49 50
50 51
50 57
50 129
51 52
51 133
52 53
52 101
52 116
52 178
52 199
53 54
54 55
55 56
55 165
56 57
56 188
57 58
57 140
58 59
58 126
58 177
59 60
59 118
60 61
60 75
60 173
61 62
61 175
62 63
62 76
62 85
62 160
63 64
63 150
64 65
64 166
65 66
65 82
65 157
65 197
66 67
66 127
67 68
67 78
67 129
67 142
68 69
68 124
68 191
69 70
69 100
69 126
69 199
70 71
70 85
71 72
71 130
71 131
71 164
72 73
72 81
72 101
72 153
73 74
74 75
74 112
74 185
75 76
76 77
76 131
76 189
77 78
77 189
78 79
78 131
78 181
79 80
79 82
79 96
79 123
79 148
79 149
79 166
80 81
80 111
80 139
80 189
81 82
81 146
82 83
82 187
82 188
83 84
83 113
84 85
84 158
84 194
85 86
86 87
86 152
86 167
87 88
87 150
87 177
88 89
89 90
90 91
90 183
90 194
91 92
91 147
92 93
92 122
92 184
93 94
93 135
93 149
94 95
94 164
95 96
96 97
96 170
97 98
97 148
98 99
98 132
98 138
99 100
100 101
101 102
102 103
102 117
103 104
103 151
104 105
104 189
105 106
105 187
106 107
106 129
107 108
108 109
109 110
109 168
110 111
111 112
111 122
112 113
112 157
113 114
114 115
115 116
116 117
116 170
117 118
117 159
117 174
118 119
118 159
119 120
120 121
120 156
121 122
121 155
122 123
122 192
123 124
123 179
124 125
124 136
125 126
125 142
126 127
126 191
127 128
128 129
128 161
129 130
130 131
130 156
131 132
131 159
132 133
132 157
132 182
133 134
134 135
134 170
134 192
135 136
136 137
136 152
137 138
138 139
138 174
139 140
140 141
141 142
142 143
143 144
144 145
145 146
145 163
145 188
146 147
147 148
147 151
147 160
147 166
147 192
148 149
149 150
150 151
151 152
151 189
152 153
153 154
154 155
154 170
155 156
155 176
156 157
157 158
158 159
159 160
160 161
161 162
162 163
162 185
163 164
164 165
164 194
165 166
166 167
167 168
168 169
169 170
170 171
170 188
171 172
172 173
173 174
173 176
173 186
174 175
175 176
176 177
177 178
177 181
178 179
179 180
180 181
181 182
182 183
182 188
183 184
184 185
185 186
186 187
187 188
188 189
189 190
190 191
191 192
192 193
193 194
194 195
195 196
196 197
196 198
197 198
198 199
