0 86.7697385893732
1 27.96050383595078
2 78.38156142649356
3 104.38200627084787
4 84.96543084663082
5 103.85414957833004
6 108.01332077785983
7 107.33767137232266
8 29.084614573939934
9 68.05061419583728
10 113.76227701097392
11 27.131518823924345
12 62.45537067320982
13 84.18325279910523
14 102.46207736389938
15 86.44087744945442
16 47.519305767209005
17 79.03360595508866
18 57.394638391431265
19 27.533705880750727
0 1
0 7
0 11
0 18
1 2
1 12
1 15
2 3
2 4
3 4
3 11
3 13
3 14
4 5
4 12
5 6
5 14
5 17
6 7
7 8
7 13
7 19
8 9
8 13
9 10
9 12
9 19
10 11
10 13
11 12
12 13
13 14
13 18
14 15
14 16
14 17
15 16
16 17
17 18
18 19
