0 104.4648301364563
1 54.951985068195754
2 93.7627793443958
3 29.165650215499543
4 72.80652224774788
5 98.79969615637746
6 30.324288506903212
7 117.43505986214261
8 102.0165827470711
9 92.26725988141683
10 112.431362837137
11 82.03299912096139
12 110.89135983545708
13 103.28980167111075
14 102.6271475338746
15 69.36148990764772
16 118.74426471954726
17 81.46227379977964
18 76.56330601691903
19 73.0952414788253
0 1
0 2
0 4
0 5
0 7
0 8
0 13
0 15
1 2
1 4
1 5
1 7
1 10
1 12
1 16
2 3
2 9
2 13
2 15
3 4
3 6
3 9
3 15
3 16
3 17
4 5
4 6
4 10
4 12
4 14
4 15
4 19
5 6
5 7
5 8
5 10
5 13
5 15
5 16
6 7
6 8
6 10
6 19
7 8
7 13
7 15
8 9
8 12
8 13
8 19
9 10
9 11
9 12
9 18
10 11
10 13
10 17
10 19
11 12
11 14
11 19
12 13
12 15
12 16
12 19
13 14
13 17
13 18
13 19
14 15
14 16
14 17
14 18
14 19
15 16
15 19
16 17
17 18
17 19
18 19
