0 58.50011447177864
1 104.06881195964962
2 52.78077515597564
3 60.02309117634453
4 78.02555963906742
5 39.184896860836155
6 32.11213936020905
7 65.97797054568574
8 29.49648821195028
9 100.90908679765916
10 106.22663559789116
11 21.569176848627073
12 118.1655683411346
13 65.39134928800542
14 55.81886074535472
15 33.33906972665751
16 22.313571055107566
17 51.155896913130846
18 47.35714361315648
19 26.657390178650317
0 1
0 10
0 15
0 16
1 2
1 4
1 8
1 11
1 14
2 3
2 5
2 14
3 4
3 13
4 5
4 7
4 18
5 6
5 10
6 7
6 10
6 17
7 8
8 9
9 10
10 11
10 15
10 16
10 19
11 12
12 13
13 14
13 15
14 15
14 19
15 16
16 17
16 19
17 18
18 19
