0 92.5012025826324
1 88.07032844809953
2 53.699786386928814
3 87.6795464454897
4 119.73461953930116
5 90.33823721630016
6 102.11266161310705
7 49.38665580114468
8 93.16852168361125
9 29.356348776370027
10 81.85132828557208
11 56.68942708796601
12 85.2183273587159
13 38.27195256721824
14 88.94693721757395
15 73.50226337800817
16 92.82626077210425
17 46.018886919520725
18 33.3796595748631
19 29.073723554176407
0 1
0 2
0 3
0 5
0 8
0 14
0 16
0 18
1 2
1 3
1 5
1 8
1 12
1 15
1 17
2 3
2 8
2 13
2 14
2 15
2 19
3 4
3 6
3 9
3 11
4 5
4 6
4 10
4 14
4 16
4 17
4 18
5 6
5 7
5 11
5 12
5 13
5 14
5 19
6 7
6 9
6 11
6 14
6 18
7 8
7 12
7 13
7 16
8 9
8 11
8 16
8 17
9 10
9 12
9 14
9 15
9 16
9 18
10 11
10 18
10 19
11 12
11 14
11 15
11 19
12 13
12 15
12 16
12 17
12 19
13 14
13 15
13 18
14 15
14 17
15 16
15 17
16 17
17 18
18 19
