0 61.19053550507018
1 76.86775964656172
2 29.81299854363572
3 23.17590114596886
4 45.176750966604544
5 78.67297803033082
6 74.8008321967599
7 46.74676342812608
8 75.07791769228834
9 98.9863940948642
10 48.44390285758741
11 42.08740129464316
12 91.1652951176082
13 90.57206956214974
14 23.35246964702417
15 30.835193568804193
16 35.58068534059551
17 54.25290697879245
18 72.93303357620727
19 79.08172849156519
0 1
0 2
0 3
0 4
0 5
0 6
0 8
0 10
0 13
0 14
0 15
0 16
0 17
0 18
0 19
1 2
1 3
1 4
1 5
1 6
1 7
1 8
1 9
1 10
1 11
1 12
1 13
1 14
1 15
1 16
1 17
1 19
2 3
2 4
2 5
2 6
2 7
2 8
2 9
2 10
2 11
2 12
2 13
2 15
2 16
2 17
2 18
2 19
3 4
3 5
3 6
3 7
3 8
3 9
3 12
3 13
3 14
3 16
3 17
3 18
3 19
4 5
4 7
4 8
4 9
4 10
4 11
4 13
4 14
4 16
4 17
4 18
4 19
5 6
5 7
5 8
5 9
5 10
5 12
5 13
5 14
5 15
5 17
5 18
5 19
6 7
6 8
6 11
6 12
6 13
6 14
6 15
6 16
6 17
6 19
7 8
7 9
7 10
7 11
7 12
7 13
7 15
7 16
7 17
7 18
7 19
8 9
8 10
8 12
8 13
8 14
8 15
8 16
8 17
8 18
8 19
9 10
9 11
9 12
9 13
9 14
9 15
9 16
9 17
9 18
10 11
10 14
10 15
10 17
10 19
11 12
11 13
11 15
11 16
11 17
11 18
11 19
12 13
12 14
12 15
12 17
13 14
13 15
13 16
13 18
13 19
14 15
14 16
14 17
14 18
15 16
15 17
15 18
15 19
16 17
16 18
16 19
17 18
17 19
18 19
