0 101.54164222890499
1 40.01241287502887
2 102.04962412895937
3 51.50766048590657
4 117.57748689016348
5 84.04417880112068
6 26.3780074081389
7 24.196475712600222
8 104.67657854285173
9 113.37805219693044
10 42.521859489546216
11 106.10572060739906
12 20.33232334110308
13 92.0536201275457
14 69.40787983347532
15 44.570000972528206
16 90.00595525616146
17 87.70327888411688
18 81.09306364967168
19 37.880443185488204
0 1
0 2
0 3
0 6
0 9
0 12
0 15
0 16
0 19
1 2
1 5
1 9
1 14
1 15
2 3
2 7
2 10
2 11
2 14
2 17
2 19
3 4
3 9
3 13
3 16
3 17
3 18
4 5
4 6
4 9
4 10
4 12
4 16
5 6
5 11
5 12
5 18
6 7
6 8
6 12
6 13
6 15
6 16
6 17
6 19
7 8
7 10
7 14
7 18
8 9
8 12
8 13
8 18
8 19
9 10
9 13
9 16
9 17
9 19
10 11
10 14
10 17
10 18
10 19
11 12
11 13
12 13
12 14
12 16
12 17
13 14
13 15
13 18
14 15
14 19
15 16
16 17
16 18
17 18
18 19
