0 82.06293196156767
1 55.25827367233628
2 87.00428931311754
3 83.5314096233327
4 110.61845988452149
5 67.7205850505725
6 31.984079876485904
7 93.6288211501007
8 47.00746717164503
9 49.141731315405984
10 105.53077471120565
11 108.62303650920911
12 102.56037116121576
13 57.167364014512735
14 73.46255247382871
15 47.110464869653924
16 89.64146480934936
17 49.04917655440138
18 106.97017992222659
19 49.35454957052929
0 1
0 3
0 5
1 2
1 3
1 9
1 13
2 3
2 15
3 4
3 8
3 16
3 19
4 5
4 11
4 15
5 6
5 14
5 16
6 7
6 10
6 13
7 8
7 11
8 9
8 17
9 10
9 13
9 15
10 11
10 16
10 19
11 12
12 13
13 14
14 15
15 16
16 17
17 18
18 19
