0 83.86113868960068
1 70.12431140771261
2 39.98393371155478
3 45.99768119646738
4 85.51409745013088
5 76.53432247012235
6 35.158654868194944
7 99.73578925087797
8 27.981837992236628
9 115.38778976803084
10 84.89562243176475
11 35.45809965745774
12 118.12794343398082
13 114.33273681181403
14 44.043410144930554
15 22.840979707417112
16 77.56550317543059
17 49.65820115932498
18 22.899875214602933
19 54.46267804114791
0 1
0 2
0 8
0 13
0 16
0 17
0 18
1 2
1 5
1 7
1 9
1 11
1 13
2 3
2 5
2 6
2 7
2 9
2 10
2 14
3 4
3 5
3 13
3 17
3 18
3 19
4 5
4 6
4 7
4 9
4 12
4 18
5 6
5 7
5 8
5 12
5 14
5 15
5 16
5 19
6 7
6 9
6 10
6 11
7 8
7 9
7 17
8 9
8 10
8 12
8 13
8 14
8 15
8 17
9 10
9 11
9 15
9 16
9 19
10 11
10 13
10 16
10 18
11 12
11 18
12 13
12 15
12 17
12 18
13 14
13 17
14 15
14 17
15 16
15 17
15 18
16 17
16 18
17 18
18 19
