0 55.75754061613171
1 80.62246866886296
2 89.11504576883107
3 95.00938180063154
4 110.11485696568882
5 39.80829147191877
6 77.21327535375065
7 47.21377733063224
8 32.502579533863326
9 23.683218460143102
10 85.41155227087208
11 53.08487697344217
12 29.482496495001808
13 58.03628502543247
14 20.70338233711854
15 65.02527405594229
16 70.959592980872
17 72.64477131411722
18 24.031209631758713
19 63.07790857437605
0 1
1 2
1 7
2 3
2 7
2 17
3 4
3 7
3 13
4 5
4 15
5 6
5 16
5 17
6 7
6 10
6 12
6 14
7 8
7 15
8 9
8 10
9 10
9 17
10 11
10 16
11 12
11 18
12 13
12 15
12 16
12 19
13 14
13 18
14 15
15 16
16 17
16 19
17 18
18 19
