0 80.8469225109468
1 96.63481777488767
2 103.96324557952569
3 94.94027750392837
4 99.10326973163228
5 105.41510862475684
6 29.95117942418292
7 119.4373694490621
8 29.98578538730034
9 61.373662410270825
10 23.467647417471266
11 44.84084209863404
12 49.41216533950656
13 45.97840286283252
14 53.39549977014671
15 60.521769207356954
16 93.13788517643972
17 37.086585494120285
18 80.81134542721827
19 90.29584492962263
0 1
0 2
0 3
0 8
0 9
0 10
0 11
0 14
0 15
0 16
0 19
1 2
1 5
1 6
1 7
1 8
1 12
1 13
1 14
1 15
1 16
2 3
2 5
2 8
2 9
2 11
2 13
2 14
2 15
2 17
2 18
2 19
3 4
3 5
3 7
3 8
3 15
3 16
3 19
4 5
4 6
4 8
4 9
4 11
4 12
4 14
4 15
4 17
4 19
5 6
5 9
5 11
5 12
5 14
5 15
5 17
5 19
6 7
6 9
6 10
6 13
6 14
6 15
7 8
7 10
7 11
7 12
7 14
7 15
7 16
7 18
7 19
8 9
8 10
8 11
8 12
8 14
8 15
8 17
8 18
8 19
9 10
9 13
9 14
9 16
9 17
9 18
10 11
10 12
10 14
10 16
10 18
10 19
11 12
11 14
11 15
11 16
11 17
11 18
11 19
12 13
12 14
12 15
12 16
12 17
13 14
13 15
13 16
13 18
14 15
14 16
14 17
14 18
14 19
15 16
15 18
16 17
17 18
17 19
18 19
