0 36.40973341036867
1 70.01411893859753
2 26.011149861486196
3 40.72829402469721
4 65.46448872000454
5 60.725217720223526
6 22.687160375099364
7 119.20775947466981
8 99.09733684906399
9 109.93550144718624
10 62.32950993976123
11 109.40463211325248
12 72.83546933201629
13 69.05580291710889
14 79.32763635744487
15 31.695764423831378
16 78.32231459249262
17 83.61598189819375
18 90.55428702634498
19 28.193009428103682
0 1
0 3
0 4
0 6
0 7
0 9
0 11
0 13
0 17
0 18
1 2
1 5
1 7
1 8
1 9
1 12
1 13
1 14
1 15
1 16
1 18
1 19
2 3
2 5
2 6
2 7
2 9
2 11
2 12
2 13
2 14
2 15
2 16
2 17
2 18
3 4
3 6
3 9
3 11
3 12
3 14
3 16
3 17
3 18
3 19
4 5
4 8
4 9
4 10
4 11
4 12
4 15
4 16
4 17
5 6
5 7
5 13
5 15
5 16
5 18
6 7
6 8
6 9
6 10
6 11
6 12
6 13
6 14
6 16
6 19
7 8
7 11
7 12
7 13
7 14
7 15
8 9
8 11
8 12
8 14
8 15
8 16
8 18
9 10
9 12
9 14
9 15
9 16
9 17
9 18
9 19
10 11
10 12
10 14
10 16
10 17
10 18
11 12
11 13
11 16
12 13
12 15
12 16
12 17
12 19
13 14
13 15
13 16
13 18
13 19
14 15
14 17
14 18
14 19
15 16
15 19
16 17
17 18
17 19
18 19
