0 113.8908408983476
1 105.50783410976724
2 115.34812630449827
3 23.37421007193669
4 24.06873074933892
5 87.08517127267851
6 66.28074288535677
7 100.95884960949874
8 65.19504937399421
9 34.36898457061021
10 30.046113134740484
11 100.36513437882967
12 99.84908866893782
13 62.74099621791265
14 85.76713507193995
15 98.62894742266506
16 25.172591232972767
17 34.60803015715083
18 33.49020756075664
19 31.390117814876987
0 1
0 2
0 3
0 4
0 5
0 7
0 8
0 9
0 11
0 12
0 13
0 15
0 16
0 17
0 19
1 2
1 5
1 6
1 7
1 10
1 15
1 17
1 19
2 3
2 8
2 15
2 16
2 18
2 19
3 4
3 5
3 6
3 8
3 10
3 11
3 14
3 15
3 17
3 18
4 5
4 6
4 7
4 8
4 9
4 10
4 11
4 12
4 13
4 14
4 17
4 18
5 6
5 9
5 11
5 12
5 13
5 17
5 18
6 7
6 9
6 10
6 11
6 14
6 15
6 16
6 18
6 19
7 8
7 9
7 11
7 12
7 13
7 16
7 19
8 9
8 11
8 15
8 19
9 10
9 14
9 15
9 17
9 19
10 11
10 12
10 14
10 15
10 16
10 17
10 18
11 12
11 13
11 14
11 15
11 16
11 17
11 18
11 19
12 13
12 14
12 15
12 16
12 17
12 19
13 14
13 16
13 17
13 18
13 19
14 15
14 16
14 19
15 16
15 18
16 17
16 18
16 19
17 18
17 19
18 19
