0 39.27933887860964
1 28.164633038079906
2 102.22680544165118
3 65.47065988828311
4 29.007640701613223
5 21.720240741379662
6 80.14984021398574
7 33.50254453836376
8 36.03140977081826
9 118.19338125267632
10 20.249518695616914
11 31.458719291658777
12 111.1359658298914
13 44.0402231097741
14 24.23260655781221
15 86.24869279963256
16 70.72098385181496
17 119.77638953679178
18 105.02222031013734
19 107.58152897647665
0 1
0 4
0 6
0 7
0 9
0 10
0 14
0 15
0 16
0 17
1 2
1 3
1 4
1 5
1 6
1 7
1 8
1 9
1 10
1 11
1 14
1 15
1 17
1 19
2 3
2 5
2 6
2 9
2 12
2 13
2 15
2 18
2 19
3 4
3 5
3 7
3 9
3 10
3 11
3 12
3 17
3 18
4 5
4 6
4 8
4 9
4 12
4 14
4 15
4 16
4 18
5 6
5 7
5 10
5 11
5 13
5 14
5 15
5 19
6 7
6 8
6 10
6 13
6 14
6 15
6 17
6 18
6 19
7 8
7 9
7 10
7 11
7 15
7 17
7 18
7 19
8 9
8 12
8 16
8 18
8 19
9 10
9 12
9 13
9 14
9 18
9 19
10 11
10 12
10 13
10 15
10 18
11 12
11 13
11 14
11 15
11 17
11 18
12 13
12 15
12 16
12 17
13 14
13 16
13 17
13 18
13 19
14 15
14 16
14 17
14 18
14 19
15 16
15 18
15 19
16 17
16 18
17 18
17 19
18 19
