0 102.02119654471947
1 68.4498535387188
2 105.7894398835643
3 33.67656940309578
4 116.2184572356536
5 112.24055656678627
6 87.70488756762575
7 30.783893622102028
8 79.96998970993823
9 56.1219444726023
10 62.128182866589555
11 29.058140885885848
12 106.2433807381335
13 92.66799812932219
14 25.750057141234812
15 44.329993498380034
16 33.635209217989996
17 60.0470629528854
18 39.51011689892934
19 119.37276742642398
0 1
0 2
0 4
0 5
0 6
0 7
0 9
0 10
0 12
0 13
0 14
0 16
0 17
0 19
1 2
1 4
1 7
1 8
1 9
1 11
1 14
1 16
1 17
1 18
1 19
2 3
2 4
2 5
2 6
2 7
2 8
2 10
2 13
2 14
2 15
2 16
2 18
2 19
3 4
3 5
3 7
3 11
3 14
3 15
3 16
3 18
3 19
4 5
4 6
4 7
4 8
4 9
4 11
4 12
4 13
5 6
5 7
5 8
5 9
5 10
5 13
5 14
5 16
6 7
6 8
6 10
6 12
6 14
6 15
6 18
6 19
7 8
7 9
7 10
7 11
7 12
7 18
7 19
8 9
8 10
8 11
8 12
8 13
8 14
8 15
8 16
8 17
8 19
9 10
9 11
9 12
9 18
10 11
10 14
10 15
10 16
10 19
11 12
11 13
11 17
12 13
12 15
12 16
12 17
12 18
13 14
13 15
14 15
14 16
14 18
14 19
15 16
15 17
15 18
15 19
16 17
16 18
17 18
17 19
18 19
