0 60.41957837054739
1 32.39082320744214
2 89.30021161002114
3 61.25360279614302
4 35.89033048836125
5 30.18341325877623
6 68.3409116280464
7 81.49090550599334
8 72.5704454510464
9 70.66734769920356
10 41.42643432305641
11 26.07947973945262
12 116.77720757351247
13 27.37608310610012
14 32.65802927592043
15 102.94826250143505
16 20.93200813784008
17 88.72612543002545
18 112.86275868112736
19 101.14489805933279
0 1
1 2
1 4
1 6
1 8
1 10
1 13
1 16
1 17
2 3
2 6
2 15
2 16
3 4
3 7
3 11
3 17
4 5
5 6
5 18
6 7
7 8
8 9
8 17
9 10
9 11
9 18
10 11
10 14
11 12
12 13
12 17
12 18
13 14
13 19
14 15
15 16
16 17
17 18
18 19
