0 45.300313219439786
1 76.11144776842606
2 21.139431888837283
3 64.85666251334388
4 97.2998768005599
5 22.827051691191397
6 112.4445552831363
7 108.8959065911792
8 110.29562646368896
9 85.60055904253724
10 70.65642104125905
11 114.97626939418573
12 65.13726002448013
13 99.74736284084898
14 74.3028675057837
15 72.35804704650165
16 31.938832859844855
17 65.68863142763335
18 45.319837923516154
19 87.85004021411767
0 1
0 7
0 10
0 11
0 18
0 19
1 2
1 4
1 7
1 8
1 10
1 13
1 14
1 18
1 19
2 3
2 8
2 9
2 12
2 16
2 17
3 4
3 7
3 14
3 15
3 18
4 5
4 7
4 8
4 11
4 16
4 17
4 18
5 6
5 10
5 11
5 13
5 14
5 16
6 7
6 8
6 10
6 12
6 14
6 15
6 19
7 8
7 12
8 9
8 11
8 14
8 15
9 10
9 12
9 13
9 15
9 18
9 19
10 11
10 17
11 12
11 13
11 14
11 15
11 16
11 17
11 19
12 13
12 17
13 14
13 15
14 15
14 16
15 16
15 19
16 17
16 19
17 18
17 19
18 19
