0 90.20520693329092
1 116.3130501409673
2 90.82351380094329
3 27.135497755779696
4 76.84582979068176
5 69.69343152230648
6 27.391993828010413
7 64.31919814144052
8 103.24965304298031
9 102.64236824464179
10 58.95796557292291
11 66.89000946164296
12 80.20584305789262
13 21.766516406677344
14 30.080105130604835
15 50.777886522708776
16 74.16178923492926
17 32.1842257711146
18 99.23840725461427
19 60.931034681576136
0 1
0 5
1 2
1 3
2 3
2 9
3 4
3 6
3 8
4 5
4 7
5 6
5 14
5 17
6 7
6 17
6 19
7 8
7 10
7 14
7 17
7 18
8 9
8 11
9 10
9 16
10 11
10 14
10 16
11 12
11 16
12 13
13 14
13 19
14 15
14 16
15 16
16 17
17 18
18 19
