0 82.66477385160007
1 83.41455191822553
2 46.27997971226671
3 31.438506739496074
4 64.20421316820142
5 52.90178977318869
6 69.35167304314623
7 115.99305093628742
8 85.38258408844298
9 37.461879026635664
10 35.38858884410452
11 36.00916637070644
12 44.96955565784535
13 98.18408890205318
14 109.82129926637556
15 75.2556200559248
16 94.85961806476635
17 83.74748383318796
18 30.771198454275282
19 57.89040012935071
0 1
1 2
1 12
1 13
2 3
2 6
2 13
3 4
3 8
4 5
4 7
5 6
5 7
5 11
5 13
5 15
6 7
7 8
7 12
8 9
8 12
8 16
9 10
9 12
9 14
9 17
10 11
10 12
11 12
11 14
12 13
12 18
13 14
14 15
14 16
15 16
15 18
16 17
17 18
18 19
