0 40.19670231564101
1 92.19626007579005
2 66.249479615995
3 79.5845784525527
4 107.5859141917497
5 106.66720640299384
6 51.76085357484831
7 48.23796786897724
8 29.844988891194173
9 34.40911012927848
10 76.51705690552389
11 56.26256398803274
12 86.57483198666199
13 37.00852680076266
14 32.855587936635516
15 118.7061658572487
16 91.51405226399528
17 66.10604565886129
18 81.15927841445588
19 63.87836630912824
0 1
0 2
0 5
0 6
0 8
0 9
0 14
0 15
0 16
1 2
1 5
1 6
1 9
1 11
1 13
2 3
2 7
2 11
2 12
2 14
2 15
2 16
2 18
2 19
3 4
3 10
3 16
3 17
3 18
4 5
4 8
4 12
5 6
5 7
5 17
5 18
5 19
6 7
6 12
6 13
6 15
6 16
6 17
7 8
7 14
7 16
8 9
8 14
8 16
8 17
8 19
9 10
9 11
9 12
9 14
10 11
10 13
10 14
10 17
10 18
10 19
11 12
11 14
11 15
11 18
12 13
12 15
12 16
12 19
13 14
14 15
14 16
14 18
14 19
15 16
15 18
16 17
16 18
17 18
18 19
