0 23.421852246243297
1 80.52981659377112
2 89.1923695051298
3 73.88740148940018
4 34.06689538774256
5 86.87473339872298
6 34.92378182948415
7 110.60376112337188
8 67.99608708088454
9 99.52152061311104
10 110.93854633305789
11 49.23691497751194
12 31.464229135403684
13 41.888645419819774
14 107.54674036941043
15 23.138394924345356
16 113.25290622183338
17 43.718292839447784
18 76.15839578199024
19 78.88510757578133
0 1
0 2
0 3
0 6
0 7
0 8
0 9
0 10
0 11
0 12
0 13
0 14
0 15
0 16
0 17
0 19
1 2
1 3
1 4
1 5
1 6
1 7
1 9
1 10
1 11
1 14
1 15
1 16
1 17
1 19
2 3
2 4
2 5
2 6
2 7
2 8
2 9
2 10
2 11
2 13
2 14
2 15
2 16
2 18
3 4
3 5
3 6
3 7
3 10
3 11
3 12
3 13
3 14
3 16
3 17
3 18
3 19
4 5
4 6
4 7
4 9
4 12
4 13
4 14
4 15
4 17
4 18
4 19
5 6
5 7
5 10
5 11
5 12
5 14
5 15
5 17
5 18
5 19
6 7
6 8
6 9
6 10
6 11
6 12
6 13
6 14
6 15
6 16
6 17
6 18
6 19
7 8
7 9
7 10
7 11
7 12
7 14
7 16
7 17
7 18
7 19
8 9
8 10
8 11
8 12
8 13
8 14
8 15
8 16
8 17
8 18
9 10
9 13
9 15
9 16
9 17
9 18
9 19
10 11
10 12
10 13
10 14
10 15
10 16
10 17
10 18
10 19
11 12
11 13
11 14
11 15
11 16
11 18
11 19
12 13
12 14
12 15
12 16
12 17
12 18
12 19
13 14
13 16
13 17
13 18
13 19
14 15
14 16
14 17
14 18
15 16
15 17
15 18
15 19
16 17
16 18
16 19
17 18
17 19
18 19
