0 47.78735407282037
1 76.68968545043909
2 106.96451408122361
3 30.807815026210466
4 99.9194839274739
5 51.88737846179634
6 102.36266211601442
7 70.88930727735183
8 44.408644475122784
9 103.07140174228132
10 97.30415354552979
11 72.2397198590139
12 108.6646733169788
13 70.10610301628878
14 29.90650413311852
15 25.8069569140211
16 107.83891433298422
17 21.426800033675192
18 113.32135184419874
19 95.33054302197027
0 1
0 3
0 4
0 5
0 13
0 16
1 2
1 4
1 7
1 9
1 13
1 15
1 16
1 18
2 3
2 4
2 5
2 8
2 10
2 12
2 16
2 17
3 4
3 5
3 9
3 13
3 17
3 18
4 5
4 10
4 13
5 6
5 7
5 8
5 13
5 17
6 7
6 11
6 14
6 15
6 16
6 17
6 18
6 19
7 8
7 11
7 15
7 18
8 9
8 12
8 13
8 15
9 10
9 13
9 14
9 16
9 18
9 19
10 11
10 18
10 19
11 12
11 13
11 16
11 18
12 13
12 14
12 16
12 17
12 18
13 14
13 18
14 15
14 18
14 19
15 16
15 17
16 17
17 18
18 19
