0 110.62527833935498
1 114.72295833611882
2 26.195384698392004
3 86.07115243042506
4 65.21560288098664
5 55.376291874128285
6 48.43829857140389
7 37.694605205460874
8 50.29698585590095
9 64.62646939742129
10 39.23177818668117
11 42.858205136273455
12 68.72933468211922
13 76.20616303087495
14 86.30717010633252
15 68.75857457931056
16 102.4650536856321
17 49.6877642965678
18 95.50721573436951
19 53.16151341663752
0 1
0 2
0 7
0 9
0 12
0 13
0 15
0 18
0 19
1 2
1 4
1 5
1 6
1 7
1 8
1 10
1 11
1 12
1 19
2 3
2 6
2 8
2 19
3 4
3 5
3 8
3 9
3 12
3 15
3 19
4 5
4 9
4 10
4 12
4 13
4 14
4 17
5 6
5 7
5 8
5 15
5 16
5 18
6 7
6 9
6 10
6 11
6 14
7 8
7 10
7 13
7 15
8 9
8 14
8 16
8 19
9 10
9 12
10 11
10 19
11 12
11 19
12 13
12 16
12 18
12 19
13 14
13 15
13 16
13 17
14 15
14 16
14 19
15 16
15 19
16 17
16 18
16 19
17 18
18 19
