0 21.47195305707255
1 61.36102850788555
2 99.79332697406413
3 67.96664163271967
4 44.35951998738815
5 57.62126557887246
6 29.70754502660931
7 73.2727090179606
8 32.5596403191535
9 103.60091495040272
10 20.7337703413807
11 23.842490953108147
12 55.806376556189214
13 45.72954092649551
14 119.76681192215334
15 114.63506798222824
16 31.524604616023243
17 23.899288012520145
18 84.91478026370224
19 30.865395122914904
0 1
0 6
0 7
0 11
1 2
1 9
2 3
2 5
2 17
3 4
3 10
3 12
4 5
5 6
5 8
5 15
5 16
5 18
6 7
6 16
6 17
7 8
7 14
8 9
8 13
9 10
10 11
11 12
11 15
11 18
12 13
12 16
13 14
13 15
13 16
14 15
15 16
16 17
17 18
18 19
