0 50.01836924922641
1 76.64215513479581
2 43.04793149697245
3 40.51185155227411
4 40.5719322282215
5 97.24520785289796
6 89.61525641073345
7 39.60883971781071
8 27.57148561814724
9 101.1907276524332
10 39.69164978255361
11 86.37993856998581
12 113.45251429767599
13 93.67265308168227
14 91.878453619542
15 109.71367665829945
16 71.324036705091
17 100.42406422109582
18 118.11264826061313
19 112.94072445743109
0 1
0 3
0 4
0 5
0 7
0 9
0 11
0 13
0 16
0 17
0 18
0 19
1 2
1 7
1 8
1 10
1 13
1 14
1 16
2 3
2 7
2 9
2 10
2 11
2 12
2 13
2 14
2 15
2 18
2 19
3 4
3 6
3 7
3 9
3 10
3 14
3 16
3 17
3 18
4 5
4 8
4 9
4 14
4 15
4 18
4 19
5 6
5 7
5 8
5 9
5 11
5 12
5 14
5 15
5 16
5 18
5 19
6 7
6 9
6 10
6 11
6 12
6 15
6 16
6 17
6 18
6 19
7 8
7 9
7 11
7 12
7 14
7 17
7 18
7 19
8 9
8 12
8 13
8 15
8 16
8 18
8 19
9 10
9 13
9 14
9 16
9 17
9 18
9 19
10 11
10 12
10 16
10 17
10 19
11 12
11 13
11 14
11 17
11 18
11 19
12 13
12 15
12 17
12 18
12 19
13 14
13 16
13 17
13 19
14 15
14 16
14 17
14 18
15 16
15 18
16 17
16 18
17 18
17 19
18 19
