0 80.61596580236106
1 118.98227968847762
2 94.41053830881368
3 103.2140341152767
4 66.05080685172197
5 92.09943268733953
6 61.782499066540694
7 39.62833454815345
8 36.93890366432916
9 79.53658117522217
10 106.96673400406196
11 81.64918105942397
12 110.37354016566547
13 88.58093925479997
14 108.70665619233759
15 100.8470809829279
16 33.49336348575545
17 22.983235369099642
18 107.53448799690942
19 20.942424366439944
0 1
0 9
0 11
0 13
1 2
2 3
2 5
2 11
3 4
3 10
3 12
3 15
3 16
4 5
4 6
4 17
5 6
5 17
6 7
6 9
6 18
7 8
7 14
8 9
8 12
8 15
9 10
9 11
10 11
11 12
12 13
12 14
12 15
13 14
14 15
15 16
16 17
17 18
17 19
18 19
