0 60.23066051697805
1 26.799014971859616
2 95.92385539405693
3 115.84922065657157
4 97.72640472097541
5 35.831184725098936
6 39.082238775536055
7 58.07170123884106
8 104.47334891554476
9 43.23904795731786
10 20.447773286145058
11 37.726411382987806
12 35.22446735321721
13 86.86169963686368
14 74.9779866292694
15 109.16848810010588
16 85.79614480512114
17 48.48321666282308
18 96.90332167787221
19 108.40806108931072
0 1
0 6
0 8
0 9
0 10
0 12
1 2
1 12
1 13
1 17
2 3
2 5
2 6
2 7
2 11
2 16
2 17
3 4
3 5
3 6
3 9
3 10
3 13
3 14
3 18
4 5
4 8
4 12
4 16
4 17
5 6
5 9
5 10
5 12
5 15
6 7
6 13
6 15
6 16
6 18
7 8
7 11
7 15
7 17
8 9
8 15
8 19
9 10
9 12
9 13
9 19
10 11
10 12
10 13
10 14
10 15
10 17
11 12
11 13
11 14
12 13
12 14
12 16
12 18
13 14
13 15
13 16
13 17
14 15
14 16
14 19
15 16
15 18
15 19
16 17
16 18
16 19
17 18
17 19
18 19
