0 27.279728350284152
1 30.79249439864838
2 116.32599753011785
3 116.40436786241109
4 46.02266345712816
5 117.89279240772868
6 31.78436285883021
7 114.84378341563703
8 37.83834124240367
9 30.66867980165586
10 31.809059053812266
11 23.08000224639401
12 61.29832331612883
13 101.94513027928616
14 76.70294477039756
15 29.56370276555574
16 47.632484095568174
17 74.54357573727005
18 103.86543973049247
19 20.012942496122626
0 1
0 2
0 3
0 4
0 9
0 11
0 12
0 14
0 16
0 19
1 2
1 3
1 4
1 5
1 7
1 10
1 12
1 14
1 15
1 16
1 17
1 19
2 3
2 4
2 5
2 7
2 8
2 9
2 10
2 14
2 15
2 16
2 17
2 18
3 4
3 5
3 6
3 7
3 8
3 9
3 10
3 11
3 12
3 13
3 14
3 18
3 19
4 5
4 6
4 7
4 8
4 9
4 10
4 11
4 15
4 17
4 18
5 6
5 10
5 12
5 14
5 15
5 18
6 7
6 16
6 17
6 18
6 19
7 8
7 10
7 11
7 12
7 14
7 15
7 16
7 18
7 19
8 9
8 11
8 12
8 15
8 17
8 18
9 10
9 12
9 13
9 14
9 15
9 16
9 17
9 18
10 11
10 12
10 14
10 15
10 16
10 17
10 18
11 12
11 13
11 15
11 18
12 13
12 15
12 16
12 17
12 18
12 19
13 14
13 16
13 17
14 15
14 17
14 19
15 16
15 19
16 17
16 19
17 18
18 19
