0 97.7419265304712
1 50.28214243444393
2 47.448711506257
3 77.93084601237634
4 101.10255327682938
5 42.765915708023684
6 60.88361367583418
7 22.281358850685855
8 97.07987390065698
9 88.07908951324475
10 80.6212446739156
11 87.97280665433789
12 54.561834740899975
13 34.30245870057662
14 41.13018153911346
15 40.28115359969234
16 89.67128345542642
17 42.34244220275953
18 99.92449593342452
19 51.9341531979598
0 1
0 2
0 11
1 2
1 10
1 11
2 3
2 6
2 9
3 4
3 13
4 5
4 6
4 14
4 18
5 6
5 9
5 10
5 15
6 7
7 8
7 11
7 18
8 9
8 18
9 10
9 19
10 11
11 12
11 13
11 17
11 19
12 13
12 16
13 14
14 15
15 16
16 17
17 18
18 19
