0 49.51035232122149
1 37.60782295170287
2 90.13699685201007
3 84.25162254704662
4 89.81854718037796
5 39.46980120103334
6 67.71196917367168
7 82.03651200196316
8 91.70237889872287
9 98.5343617947868
10 99.69911323862897
11 84.87529637724656
12 36.18046106223291
13 94.80587728376551
14 86.53897875027695
15 86.4237181810941
16 45.51515594855067
17 23.46033389253052
18 22.54191810189397
19 103.34183856052454
0 1
0 2
0 3
0 9
0 11
0 12
0 15
1 2
1 3
1 15
1 17
1 18
1 19
2 3
2 4
2 5
2 6
2 11
2 16
2 18
3 4
3 5
3 9
3 10
3 15
3 18
4 5
4 6
4 8
4 10
4 13
4 14
4 16
4 18
4 19
5 6
5 7
5 12
5 13
5 16
5 17
5 18
5 19
6 7
6 14
6 15
6 16
6 19
7 8
7 9
7 11
7 17
8 9
8 18
9 10
9 11
9 14
9 17
10 11
10 12
10 14
10 15
10 16
10 17
11 12
11 13
11 18
12 13
12 15
12 19
13 14
13 16
14 15
15 16
15 19
16 17
16 18
16 19
17 18
18 19
