0 62.540587535357574
1 53.09998702380596
2 24.664758915090196
3 97.52603860939338
4 41.10721828333169
5 34.79655204620828
6 91.50043624733885
7 72.9434171757764
8 106.96655285046113
9 92.76842470038581
10 85.11158143090671
11 42.306602969759126
12 105.72172657577072
13 111.87886171981957
14 101.34011950493066
15 24.80153264783645
16 87.83034385006059
17 102.24910408628911
18 97.58842524382037
19 45.675898386902205
20 41.720144647701034
21 21.22150292522584
22 43.29074968762254
23 111.3448521736225
24 69.27686603823992
25 117.30683665068554
26 58.26622101468555
27 88.86772156665162
28 109.98182412410677
29 25.562236666993922
30 113.6390623704739
31 27.103400882477885
32 38.824292367938355
33 72.85003939391189
34 65.42188437160269
35 24.91862463798407
36 60.08649226786618
37 83.55677897697116
38 114.39300687798297
39 73.01465079810485
40 94.1965901440978
41 111.60546800758235
42 37.55896976603816
43 70.25430179034262
44 108.067823829789
45 62.97317562025337
46 116.27851063705921
47 42.81276728437065
48 70.6894956025262
49 114.429882270714
50 94.034458727826
51 75.04186769918077
52 25.208226662491736
53 78.84343140045607
54 32.87517107192006
55 94.62905236659341
56 56.33555001771018
57 115.14932761712393
58 101.70725213446215
59 41.44861304792786
60 97.6405378390524
61 31.96307595063596
62 21.906479860315603
63 89.44418457887166
64 67.13384583800939
65 87.81660095282672
66 116.1240303599462
67 83.94788541197818
68 41.52221563120761
69 48.12922011875252
70 54.70020858487255
71 103.03289857391721
72 79.61008403547865
73 119.27758093339841
74 70.75808891654276
75 50.812723281208896
76 83.54768310984018
77 43.50779004942308
78 119.83460157715433
79 43.04170638112977
80 42.97259042369233
81 104.93700344602243
82 92.81677247652384
83 50.93784305785504
84 41.56440946757776
85 66.52050871708028
86 51.98596401003533
87 27.840326646172933
88 118.12988542529472
89 30.614334939035878
90 49.13314394452871
91 55.130631393163135
92 65.05839749223826
93 91.64230828699533
94 101.99331860313417
95 108.7873961706414
96 115.83548111968264
97 28.38035191083912
98 50.65750625219642
99 66.01174940517402
100 20.274656585419642
101 65.49974976479842
102 89.15568993964014
103 42.55112039932439
104 31.22546354469933
105 119.265056104188
106 69.06439640937171
107 75.6659929454176
108 29.738342420957125
109 30.66109084264997
110 101.77771583630934
111 45.125485602429244
112 97.01455717954548
113 80.72756873546018
114 43.990688109991424
115 55.18400130076721
116 100.94212550120977
117 77.50863577216512
118 36.979163391416186
119 84.18264842207667
120 102.61623628830918
121 101.77859530695336
122 84.42042615224217
123 45.23548755550067
124 103.96546151026106
125 99.5839925260257
126 95.78396943122493
127 91.40213372607012
128 51.452548013824284
129 113.64610656698193
130 92.73200736441264
131 41.814561393131726
132 82.7913756408851
133 52.796836060653064
134 74.50446866144294
135 101.41746165365753
136 53.71924989921928
137 108.87486218355808
138 64.92334098178605
139 96.29781383776879
140 110.08635705338334
141 43.88784541018592
142 118.43641061776951
143 49.02083107099743
144 76.8718976696027
145 86.75039959962389
146 45.530618812215764
147 73.95576228171309
148 20.209041953310706
149 98.53638883722007
150 28.880371352531235
151 81.26649447715081
152 101.09851053816263
153 87.93809898940184
154 40.756310999393556
155 40.058296241788454
156 80.2132687802084
157 84.50364190688983
158 39.50524067272972
159 66.11341954081408
160 52.04442379209437
161 106.22797584109406
162 118.32200803569917
163 67.71473187686982
164 83.6111385458214
165 90.20169855364499
166 103.06933796737098
167 104.24790285599512
168 108.05496560838843
169 90.27579941951079
170 47.561750910673034
171 86.58912539485756
172 76.66171671303988
173 84.07935777212853
174 54.5148530856213
175 75.72672886167362
176 104.20159095169313
177 73.23118043821984
178 58.27146185136131
179 116.63144220569352
180 51.950994007823056
181 105.21517207854153
182 41.45117200918113
183 78.08151343661535
184 80.35707597667118
185 93.14324333113298
186 21.830100404240444
187 55.96522673325972
188 69.02873286959034
189 60.5083919451263
190 38.04277409466772
191 37.524855661762146
192 45.58541845305109
193 92.03451676736618
194 83.10818041177009
195 117.07239283955529
196 86.86781618728007
197 28.8584631346697
198 83.3172718052683
199 99.89891714479988
200 56.11204689073529
201 106.53365556411515
202 96.67925251671383
203 30.415750716728603
204 117.91174365301192
205 97.72363141644577
206 109.90925065019051
207 33.007060594964415
208 29.140002509617116
209 87.9576283864418
210 45.85000935396032
211 59.63990882681093
212 38.47587226398602
213 82.44936448962157
214 54.25552569971343
215 96.96916927786232
216 39.77765873350741
217 114.73399407446718
218 48.02459347606839
219 97.49117345025196
220 115.26805748042587
221 103.75714783071938
222 64.25744184698564
223 64.24127978342437
224 73.34367737055166
225 85.05389130111222
226 74.91879273941706
227 36.59706281641948
228 32.794295295487814
229 23.78431139203719
230 45.42582598873474
231 95.9401296202007
232 30.31474306273886
233 102.6463636558237
234 41.13967264980321
235 34.24605763210495
236 31.41499862814479
237 66.06551464813631
238 111.52424884341524
239 106.11328112638036
240 106.18178783286966
241 93.56464411236837
242 39.64635647140017
243 115.3082355285787
244 90.81753288188311
245 69.84649997864017
246 30.726191912972563
247 70.59541203487319
248 93.48025848745613
249 116.87504109270047
0 1
0 6
0 19
0 24
0 32
0 67
0 78
0 87
0 97
0 109
0 110
0 134
0 152
0 164
0 175
0 183
0 230
0 232
0 236
1 2
1 8
1 9
1 20
1 23
1 32
1 37
1 39
1 53
1 55
1 91
1 98
1 102
1 104
1 117
1 128
1 165
1 176
1 192
1 210
1 213
1 222
2 3
2 33
2 36
2 43
2 46
2 50
2 51
2 54
2 61
2 71
2 88
2 90
2 95
2 106
2 108
2 113
2 120
2 181
2 220
2 244
2 245
2 248
3 4
3 11
3 26
3 27
3 29
3 30
3 40
3 78
3 91
3 115
3 137
3 173
3 187
3 221
3 233
3 240
4 5
4 20
4 45
4 56
4 57
4 63
4 78
4 124
4 135
4 144
4 151
4 206
4 225
4 240
5 6
5 35
5 48
5 56
5 57
5 59
5 64
5 73
5 76
5 79
5 88
5 91
5 100
5 104
5 107
5 109
5 116
5 133
5 140
5 153
5 163
5 167
5 178
5 224
5 225
5 236
5 242
5 247
6 7
6 29
6 37
6 45
6 62
6 69
6 76
6 79
6 97
6 99
6 103
6 107
6 122
6 147
6 183
6 188
6 197
6 222
6 223
6 227
6 235
7 8
7 10
7 17
7 18
7 39
7 40
7 57
7 96
7 158
7 160
7 162
7 186
7 188
7 190
7 202
7 208
7 211
7 213
7 226
7 227
7 239
7 243
8 9
8 14
8 28
8 36
8 38
8 47
8 62
8 65
8 72
8 74
8 90
8 92
8 93
8 102
8 105
8 108
8 127
8 145
8 154
8 159
8 163
8 186
8 198
8 204
8 206
8 208
8 209
8 216
8 233
8 238
9 10
9 15
9 27
9 62
9 83
9 102
9 105
9 113
9 145
9 151
9 179
9 186
9 193
9 198
9 204
9 234
9 237
9 239
9 241
10 11
10 21
10 22
10 24
10 30
10 35
10 56
10 62
10 68
10 85
10 148
10 157
10 171
10 175
10 184
10 202
10 216
10 226
10 227
10 229
10 234
10 238
11 12
11 26
11 73
11 74
11 78
11 86
11 88
11 95
11 100
11 118
11 135
11 147
11 185
11 210
11 228
11 231
11 243
11 249
12 13
12 39
12 53
12 59
12 63
12 77
12 115
12 131
12 172
12 184
12 186
12 248
13 14
13 30
13 32
13 35
13 43
13 48
13 62
13 89
13 103
13 146
13 148
13 149
13 152
13 162
13 173
13 180
13 211
13 214
13 218
13 222
13 233
14 15
14 46
14 52
14 64
14 79
14 86
14 92
14 93
14 106
14 108
14 113
14 115
14 120
14 131
14 141
14 160
14 168
14 210
14 222
14 230
15 16
15 25
15 31
15 44
15 52
15 55
15 59
15 68
15 133
15 137
15 151
15 157
15 160
15 164
15 181
15 184
15 190
15 220
15 239
15 247
16 17
16 19
16 50
16 65
16 70
16 75
16 78
16 80
16 81
16 82
16 105
16 107
16 112
16 115
16 119
16 128
16 146
16 169
16 170
16 206
16 208
16 210
16 214
16 249
17 18
17 23
17 25
17 27
17 40
17 62
17 63
17 73
17 99
17 125
17 144
17 161
17 167
17 170
17 211
17 223
17 225
17 240
18 19
18 22
18 23
18 33
18 42
18 44
18 58
18 60
18 66
18 75
18 84
18 93
18 113
18 118
18 121
18 132
18 134
18 140
18 178
18 191
18 222
18 233
18 243
18 248
19 20
19 40
19 43
19 69
19 75
19 78
19 105
19 124
19 169
19 183
19 194
19 199
19 211
19 220
19 227
19 230
19 237
19 242
19 247
20 21
20 48
20 81
20 94
20 101
20 116
20 117
20 124
20 133
20 138
20 163
20 167
20 172
20 173
20 178
20 207
20 219
20 227
21 22
21 29
21 34
21 51
21 57
21 91
21 96
21 127
21 129
21 154
21 160
21 191
21 196
21 205
21 228
22 23
22 52
22 58
22 66
22 74
22 104
22 113
22 119
22 127
22 148
22 156
22 162
22 178
22 182
22 199
22 215
22 221
22 229
22 234
22 235
22 236
22 240
23 24
23 42
23 74
23 83
23 103
23 107
23 111
23 142
23 153
23 187
23 195
23 203
23 205
23 207
23 209
23 225
23 233
24 25
24 31
24 33
24 45
24 49
24 106
24 114
24 127
24 139
24 140
24 169
24 174
24 181
24 187
24 227
24 231
24 247
25 26
25 32
25 48
25 77
25 80
25 112
25 114
25 132
25 154
25 167
25 193
26 27
26 33
26 40
26 75
26 76
26 102
26 112
26 113
26 118
26 140
26 144
26 166
26 176
26 178
26 187
26 200
26 220
26 222
26 235
26 245
27 28
27 44
27 56
27 67
27 79
27 87
27 89
27 114
27 137
27 142
27 156
27 162
27 170
27 171
27 172
27 178
27 186
27 203
27 238
28 29
28 75
28 77
28 90
28 104
28 116
28 133
28 158
28 167
28 178
28 203
28 206
28 207
28 225
28 227
28 228
29 30
29 52
29 67
29 82
29 119
29 130
29 164
29 172
29 196
29 229
29 239
30 31
30 41
30 46
30 51
30 74
30 76
30 81
30 89
30 91
30 99
30 103
30 130
30 152
30 153
30 175
30 186
30 190
30 217
30 219
30 225
31 32
31 49
31 53
31 63
31 75
31 78
31 87
31 92
31 93
31 98
31 102
31 110
31 112
31 133
31 143
31 151
31 158
31 163
31 165
31 177
31 184
31 207
31 213
31 243
32 33
32 83
32 92
32 144
32 154
32 205
32 221
32 247
32 248
33 34
33 49
33 96
33 101
33 114
33 127
33 134
33 150
33 159
33 172
33 174
33 193
33 200
33 207
33 220
34 35
34 63
34 66
34 88
34 95
34 128
34 130
34 166
34 168
34 175
34 196
34 206
34 212
34 213
34 237
34 249
35 36
35 62
35 78
35 81
35 87
35 94
35 99
35 112
35 142
35 144
35 149
35 152
35 191
35 192
35 196
35 221
35 241
35 244
35 246
36 37
36 39
36 108
36 134
36 135
36 147
36 149
36 160
36 161
36 183
36 191
36 198
36 216
36 232
36 247
37 38
37 40
37 47
37 55
37 73
37 100
37 133
37 138
37 139
37 153
37 198
37 219
37 233
38 39
38 52
38 64
38 70
38 108
38 119
38 125
38 152
38 215
38 231
38 239
38 245
38 249
39 40
39 52
39 55
39 63
39 65
39 74
39 91
39 118
39 135
39 143
39 158
39 161
39 162
39 178
39 180
39 192
39 204
39 207
39 216
39 222
39 241
39 243
39 245
40 41
40 42
40 52
40 62
40 76
40 89
40 100
40 102
40 116
40 117
40 124
40 147
40 182
40 197
40 222
40 245
41 42
41 50
41 53
41 89
41 118
41 122
41 132
41 146
41 157
41 193
41 200
41 214
41 218
42 43
42 49
42 57
42 70
42 100
42 102
42 123
42 144
42 146
42 152
42 159
42 163
42 180
42 205
42 212
42 213
42 234
42 239
42 245
42 246
43 44
43 47
43 61
43 70
43 87
43 88
43 98
43 107
43 122
43 126
43 136
43 142
43 156
43 160
43 168
43 183
43 190
43 204
43 214
43 223
43 228
44 45
44 64
44 83
44 90
44 110
44 111
44 127
44 132
44 145
44 185
44 194
44 196
44 214
44 231
44 235
44 248
45 46
45 51
45 54
45 56
45 91
45 113
45 114
45 177
45 185
45 200
45 205
45 227
45 229
45 232
46 47
46 62
46 77
46 88
46 94
46 97
46 105
46 132
46 152
46 153
46 181
46 203
46 236
46 243
46 249
47 48
47 54
47 60
47 89
47 110
47 111
47 121
47 153
47 155
47 162
47 163
47 207
47 220
47 229
47 246
48 49
48 54
48 55
48 88
48 98
48 117
48 145
48 169
48 173
48 212
48 221
48 225
48 226
48 245
49 50
49 87
49 97
49 106
49 110
49 128
49 150
49 185
49 197
49 207
49 218
49 226
50 51
50 68
50 84
50 88
50 144
50 151
50 157
50 245
51 52
51 55
51 110
51 121
51 122
51 135
51 163
51 184
51 194
51 196
51 200
51 203
51 212
51 223
51 234
52 53
52 55
52 67
52 68
52 72
52 76
52 81
52 93
52 100
52 115
52 125
52 130
52 140
52 143
52 148
52 151
52 159
52 184
52 189
52 206
52 241
52 246
52 247
53 54
53 76
53 81
53 82
53 86
53 92
53 113
53 126
53 138
53 152
53 177
53 178
53 184
53 194
53 195
53 197
53 199
53 205
53 207
53 217
53 228
54 55
54 74
54 83
54 97
54 129
54 136
54 209
54 231
54 236
55 56
55 85
55 91
55 96
55 98
55 100
55 138
55 141
55 156
55 158
55 166
55 187
55 189
55 232
56 57
56 58
56 71
56 120
56 124
56 129
56 143
56 148
56 153
56 167
56 173
56 181
56 205
56 216
56 218
56 225
56 245
57 58
57 87
57 110
57 120
57 132
57 135
57 165
57 178
57 182
57 184
57 191
57 203
57 204
57 210
57 215
57 216
57 218
57 229
58 59
58 80
58 99
58 111
58 113
58 114
58 117
58 124
58 127
58 142
58 148
58 156
58 174
58 178
58 179
58 180
58 199
58 212
58 213
58 216
58 222
59 60
59 76
59 101
59 151
59 172
59 213
59 227
60 61
60 62
60 63
60 72
60 86
60 102
60 129
60 131
60 133
60 156
60 165
60 175
60 198
60 199
60 206
60 221
61 62
61 67
61 69
61 72
61 76
61 96
61 101
61 118
61 135
61 152
61 155
61 163
61 179
61 189
61 196
61 204
61 225
61 228
61 241
62 63
62 73
62 81
62 88
62 104
62 128
62 170
62 197
62 200
62 209
62 218
62 235
63 64
63 72
63 77
63 94
63 115
63 125
63 149
63 152
63 173
63 180
63 194
63 206
63 217
63 224
63 230
63 231
64 65
64 66
64 85
64 87
64 93
64 94
64 102
64 120
64 121
64 124
64 142
64 177
64 184
64 208
64 236
64 241
64 246
64 249
65 66
65 86
65 101
65 113
65 114
65 144
65 166
65 173
65 174
65 177
65 184
65 188
65 198
65 209
66 67
66 101
66 105
66 114
66 128
66 150
66 179
66 207
66 221
66 223
66 243
67 68
67 69
67 82
67 91
67 119
67 123
67 128
67 129
67 131
67 138
67 145
67 167
67 186
67 190
67 198
67 220
67 239
68 69
68 110
68 123
68 163
68 216
68 222
68 233
68 248
69 70
69 81
69 85
69 86
69 96
69 99
69 114
69 122
69 155
69 168
69 182
70 71
70 78
70 83
70 96
70 103
70 107
70 120
70 125
70 135
70 139
70 169
70 205
70 213
71 72
71 75
71 97
71 103
71 110
71 127
71 136
71 154
71 181
71 238
72 73
72 96
72 108
72 137
72 153
72 169
72 177
72 179
72 208
72 236
73 74
73 90
73 105
73 106
73 116
73 121
73 138
73 159
73 169
73 174
73 219
73 225
73 227
73 230
73 245
73 246
74 75
74 84
74 110
74 123
74 135
74 143
74 145
74 163
74 174
74 182
74 209
74 216
74 222
74 225
74 227
75 76
75 84
75 87
75 93
75 121
75 136
75 148
75 153
75 156
75 159
75 164
75 195
75 199
75 206
75 236
75 243
76 77
76 87
76 92
76 95
76 107
76 109
76 114
76 121
76 129
76 133
76 151
76 160
76 162
76 167
76 177
76 204
76 232
76 241
76 242
76 243
76 248
77 78
77 83
77 107
77 135
77 154
77 174
77 176
77 186
77 191
77 199
78 79
78 80
78 81
78 121
78 173
78 208
78 212
78 217
78 219
79 80
79 81
79 97
79 100
79 110
79 115
79 127
79 135
79 138
79 144
79 155
79 158
79 180
79 202
79 210
79 221
79 224
79 225
80 81
80 87
80 95
80 99
80 103
80 119
80 148
80 154
80 165
80 170
80 173
80 179
80 180
80 182
80 193
80 199
80 209
80 210
80 220
80 227
80 233
80 234
80 241
80 244
81 82
81 90
81 118
81 127
81 129
81 131
81 132
81 136
81 151
81 154
81 157
81 158
81 179
81 181
81 201
81 213
81 214
81 221
81 223
81 231
81 246
82 83
82 88
82 90
82 92
82 99
82 118
82 132
82 136
82 159
82 163
82 176
82 242
82 248
83 84
83 95
83 112
83 125
83 138
83 165
83 188
83 193
83 199
83 203
83 215
83 226
83 228
83 237
83 247
84 85
84 110
84 116
84 136
84 153
84 156
84 157
84 234
85 86
85 113
85 122
85 125
85 129
85 136
85 146
85 158
85 159
85 160
85 184
85 191
85 198
85 204
86 87
86 106
86 114
86 119
86 122
86 140
86 146
86 147
86 155
86 172
86 179
86 196
86 225
87 88
87 107
87 135
87 162
87 181
87 191
87 202
87 206
87 226
88 89
88 102
88 103
88 128
88 141
88 147
88 167
88 174
88 197
88 201
88 211
88 217
89 90
89 128
89 136
89 137
89 141
89 148
89 161
89 169
89 171
89 178
89 182
89 184
89 206
89 210
89 211
89 213
89 245
90 91
90 119
90 137
90 141
90 163
90 191
90 205
90 214
90 224
90 236
90 237
91 92
91 96
91 100
91 111
91 112
91 130
91 159
91 173
91 175
91 194
91 214
92 93
92 140
92 141
92 145
92 149
92 160
92 161
92 162
92 164
92 168
92 191
92 213
92 235
93 94
93 110
93 149
93 173
93 197
93 211
93 232
93 234
93 235
93 242
94 95
94 110
94 117
94 126
94 144
94 166
94 185
94 217
94 219
94 225
95 96
95 110
95 121
95 131
95 163
96 97
96 102
96 119
96 137
96 152
96 163
96 170
96 185
96 194
96 204
96 206
96 217
96 223
96 246
97 98
97 129
97 135
97 141
97 148
97 164
97 168
97 180
97 185
97 202
97 213
97 240
98 99
98 112
98 117
98 122
98 155
98 193
98 224
98 227
98 233
98 234
98 235
98 239
99 100
99 109
99 141
99 142
99 184
99 233
99 246
100 101
100 108
100 109
100 112
100 115
100 141
100 178
100 181
100 214
100 226
101 102
101 105
101 130
101 157
101 162
101 207
101 220
101 234
102 103
102 121
102 124
102 126
102 141
102 154
102 198
102 201
102 203
102 226
102 238
102 245
103 104
103 105
103 137
103 146
103 154
103 167
103 170
103 178
103 182
103 185
103 200
103 204
103 205
103 206
103 219
103 227
103 231
103 244
103 245
103 248
104 105
104 152
104 197
104 226
105 106
105 107
105 117
105 142
105 169
105 180
105 190
105 213
105 219
105 233
105 236
106 107
106 112
106 113
106 114
106 141
106 150
106 155
106 161
106 162
106 170
106 173
106 192
106 197
106 212
106 218
106 222
106 225
107 108
107 110
107 114
107 126
107 127
107 131
107 141
107 145
107 195
107 200
107 241
107 246
107 249
108 109
108 131
108 138
108 145
108 162
108 198
108 201
108 205
108 211
108 216
108 239
108 243
109 110
109 128
109 130
109 148
109 172
109 185
109 199
109 203
109 230
110 111
110 124
110 143
110 154
110 159
110 209
110 244
111 112
111 128
111 130
111 135
111 143
111 155
111 158
111 177
111 185
111 187
111 205
111 225
111 239
111 247
112 113
112 134
112 151
112 154
112 193
112 206
112 214
112 216
112 233
112 237
113 114
113 124
113 138
113 159
113 168
113 177
113 178
113 194
113 235
113 241
114 115
114 118
114 121
114 144
114 155
114 171
114 175
114 180
114 188
114 204
114 208
114 241
115 116
115 120
115 126
115 134
115 166
115 183
115 184
115 187
115 196
115 213
115 233
115 242
116 117
116 122
116 126
116 145
116 159
116 173
116 196
116 234
117 118
117 165
117 179
117 192
117 223
117 224
118 119
118 152
118 159
118 160
118 168
118 171
118 175
118 182
118 188
118 195
118 206
118 209
119 120
119 122
119 134
119 138
119 141
119 145
119 170
119 188
119 194
119 228
119 236
120 121
120 137
120 146
120 193
120 209
120 216
120 228
120 229
121 122
121 137
121 138
121 181
121 195
121 197
121 201
121 202
121 223
121 249
122 123
122 142
122 151
122 157
122 159
122 193
122 196
122 204
122 217
122 236
122 238
123 124
123 127
123 132
123 161
123 189
123 190
123 212
123 217
123 245
124 125
124 129
124 142
124 158
124 168
124 170
124 171
124 183
124 190
124 201
124 204
124 221
124 227
124 231
125 126
125 137
125 142
125 143
125 176
125 183
125 205
125 206
125 240
126 127
126 153
126 165
126 180
126 185
126 186
126 202
126 209
126 225
126 227
127 128
127 133
127 153
127 164
127 206
127 211
127 212
127 219
127 220
128 129
128 154
128 160
128 194
128 215
128 227
128 240
129 130
129 135
129 138
129 146
129 172
129 181
129 192
129 211
129 234
130 131
130 147
130 151
130 189
130 196
130 245
131 132
131 134
131 153
131 156
131 177
131 193
131 199
131 203
131 209
131 221
132 133
132 135
132 163
132 174
132 180
132 189
132 239
132 243
132 247
133 134
133 136
133 142
133 152
133 163
133 172
133 193
133 198
133 202
133 206
133 208
133 210
133 215
133 232
133 234
133 240
134 135
134 139
134 152
134 161
134 162
134 171
134 185
134 210
134 238
134 242
134 244
135 136
135 145
135 149
135 161
135 166
135 191
135 199
135 230
136 137
136 143
136 144
136 165
136 188
136 202
136 214
137 138
137 174
137 212
137 217
137 218
137 226
137 248
138 139
138 146
138 160
138 239
138 240
138 248
139 140
139 141
139 143
139 173
139 177
139 178
139 181
139 184
139 200
139 227
139 234
140 141
140 161
140 174
140 198
140 199
140 222
140 232
141 142
141 152
141 161
141 194
141 195
141 197
141 208
141 215
141 221
141 223
141 237
141 238
142 143
142 157
142 170
142 187
142 201
142 209
142 239
142 245
143 144
143 150
143 155
143 156
143 157
143 165
143 168
143 206
143 210
143 221
143 231
144 145
144 156
144 160
144 167
144 193
144 200
145 146
145 186
145 216
145 224
145 235
145 245
146 147
146 169
146 177
146 186
146 197
146 225
147 148
147 167
147 184
147 192
147 209
148 149
148 164
148 179
148 181
148 190
148 210
148 220
148 227
148 230
148 247
149 150
149 162
149 165
149 177
149 193
149 198
149 204
149 226
149 234
149 236
149 243
149 246
150 151
150 153
150 179
150 193
150 224
150 233
151 152
151 159
151 169
151 176
151 191
151 193
151 194
151 243
151 247
151 248
152 153
152 161
152 194
152 206
152 212
152 226
153 154
153 213
153 248
154 155
154 156
154 205
154 246
155 156
155 179
155 190
156 157
156 160
156 173
156 185
156 196
156 223
157 158
157 173
157 204
157 205
157 207
157 226
157 236
158 159
158 163
158 167
158 172
158 197
158 198
158 201
158 224
158 225
158 230
158 243
158 244
158 246
159 160
159 171
159 173
159 188
159 197
159 238
160 161
160 178
160 224
160 231
160 241
160 247
161 162
161 182
162 163
162 177
162 194
162 233
162 237
163 164
163 187
163 191
163 212
163 226
163 230
163 242
163 249
164 165
164 186
164 188
164 190
164 217
164 233
165 166
165 167
165 184
165 217
165 245
166 167
166 223
166 225
166 229
166 234
167 168
167 179
167 194
167 206
167 213
167 224
168 169
168 187
168 193
168 209
168 234
168 243
169 170
169 178
169 179
169 203
169 208
169 211
169 222
169 224
169 242
170 171
170 200
170 228
170 229
171 172
171 175
171 227
171 232
171 237
172 173
172 187
172 213
172 228
172 237
173 174
173 203
173 209
173 227
173 248
174 175
174 198
174 205
174 215
174 224
175 176
175 191
175 212
175 222
175 245
175 248
176 177
176 191
176 194
176 208
176 210
176 224
176 243
177 178
177 215
177 217
177 223
177 229
177 232
177 248
177 249
178 179
178 189
178 198
178 214
178 220
178 228
179 180
179 201
179 202
179 225
180 181
180 184
180 220
180 223
180 224
180 226
180 232
180 240
180 246
181 182
181 183
181 185
181 189
181 191
181 218
181 219
181 229
181 238
182 183
182 201
182 208
182 210
182 212
182 222
183 184
183 193
183 195
183 197
183 225
183 226
183 230
183 231
183 235
183 248
184 185
184 190
184 217
184 248
185 186
185 190
185 206
185 211
185 229
185 231
186 187
186 191
186 199
186 216
186 225
186 234
186 239
187 188
187 193
187 211
187 215
187 226
187 233
187 240
187 241
187 242
188 189
188 218
188 220
188 223
188 245
189 190
189 216
189 218
190 191
190 193
190 208
190 240
191 192
191 205
191 209
191 219
191 221
191 235
192 193
192 206
192 218
192 232
192 239
192 245
193 194
193 210
193 241
193 242
194 195
194 201
194 204
194 220
194 221
195 196
195 197
195 201
195 208
195 231
195 232
195 238
196 197
196 206
196 209
196 218
196 228
196 239
196 249
197 198
197 218
197 221
197 222
197 234
197 236
198 199
198 228
198 241
198 246
199 200
199 233
199 243
199 247
200 201
200 225
200 232
200 239
201 202
201 223
201 232
201 247
202 203
202 205
202 212
202 213
202 214
203 204
203 213
203 249
204 205
204 211
204 213
204 214
204 223
204 226
204 245
205 206
206 207
206 226
206 233
206 247
207 208
207 226
207 230
207 241
207 247
208 209
208 232
208 233
208 235
208 240
209 210
209 220
209 224
209 231
209 243
210 211
210 217
210 223
210 248
210 249
211 212
211 234
212 213
212 220
212 241
213 214
213 224
213 226
213 228
213 229
213 231
213 239
214 215
214 221
215 216
216 217
216 221
217 218
217 240
217 247
218 219
218 237
218 238
218 242
218 243
219 220
220 221
220 226
220 233
220 234
221 222
221 235
221 244
221 245
222 223
222 231
222 241
222 244
223 224
223 227
223 249
224 225
225 226
225 235
225 249
226 227
226 242
227 228
227 249
228 229
228 249
229 230
230 231
230 238
231 232
232 233
232 235
232 240
233 234
233 245
233 249
234 235
234 243
234 247
235 236
235 246
236 237
237 238
238 239
238 243
239 240
239 248
240 241
241 242
241 248
242 243
243 244
244 245
245 246
246 247
247 248
248 249
