0 66.73622761491333
1 35.36190914216567
2 108.05591130255021
3 106.91991684752223
4 77.70976842074666
5 94.04670304744404
6 52.15421834072731
7 45.104564973771446
8 114.71910840127836
9 100.79259546506991
10 57.884393605514894
11 46.44782844442676
12 86.70336671618436
13 29.294264745350343
14 92.7667675025433
15 26.519175018071127
16 117.17476406895487
17 28.6605094082467
18 101.99608897545788
19 100.68697876864606
20 27.11837310538951
21 119.97226477218155
22 54.26589787558952
23 74.79810873960315
24 114.87833561826316
25 61.82186192515905
26 22.66682813327107
27 107.92871941864848
28 105.71429128244321
29 86.93622345838102
30 104.25079768622534
31 119.67016193151863
32 87.5593716490372
33 65.99055247184356
34 102.26312099763385
35 107.48048555863335
36 71.48380283054672
37 111.84799068047435
38 43.57979645213463
39 85.82328003316232
40 115.4657861702395
41 97.71462945287676
42 80.54738172711171
43 58.13207903878272
44 28.294010397545605
45 26.078134931173114
46 31.207935166095982
47 85.07995703091763
48 26.773784038878457
49 51.80223508070377
50 44.80179060585843
51 118.20031091699576
52 53.88144364614202
53 32.3780877571234
54 40.475982112618084
55 26.59629065215026
56 78.10934552971938
57 51.08762768650277
58 56.28634897728741
59 56.29265723564373
60 84.9664263720736
61 34.712704589019864
62 62.86647976533478
63 26.725370988852553
64 40.446909593524495
65 66.42792257700351
66 41.54682238340588
67 86.9305122439541
68 53.25248849268472
69 76.64383630611064
70 100.24245328906673
71 25.185589163035722
72 87.65088381315898
73 79.82116906234907
74 102.08812736911953
75 50.172711546013176
76 82.07638330120722
77 113.65557032464
78 111.58441303310192
79 39.174485801001524
80 109.92560198884674
81 28.536384632851746
82 20.928857854259167
83 79.37989073854447
84 78.47437804295768
85 69.8117258664993
86 105.24128377477625
87 112.06882204103086
88 99.43934618604138
89 93.14618402629976
90 69.55250727769516
91 26.260379585599967
92 80.430425147426
93 54.13625847234268
94 92.7108491414806
95 38.35141014017543
96 80.38807280364853
97 117.35262639883999
98 43.77106677007204
99 37.3381682370576
100 44.07184715473309
101 37.10720237386366
102 44.96538792860136
103 71.40541397183864
104 80.7644632213548
105 72.49688183324825
106 82.01658908714157
107 100.98366267439748
108 80.57815682653593
109 112.6547379892059
110 117.33809595692766
111 45.8166840469801
112 68.09791101665112
113 104.64337988568955
114 44.57637099307857
115 109.14778153686899
116 77.56862536329041
117 96.05405860474525
118 33.985905366980134
119 70.82477849104278
120 96.43109685768648
121 27.129034699257677
122 57.287338610351284
123 102.94004669147053
124 64.73425076533017
125 33.103618291810626
126 47.94437173477525
127 76.56329942948886
128 36.79874443608841
129 46.468189268828326
130 48.20531301244668
131 96.19131730245986
132 108.47972957391734
133 20.97942692594196
134 117.79020886898361
135 119.73014778526927
136 88.47420929094403
137 34.503890521850934
138 30.764739830964295
139 96.14173557225568
140 45.34105944280742
141 66.15596914184613
142 66.92712155742797
143 80.3283445675641
144 93.24950953429736
145 84.69614003478758
146 111.9445236455341
147 65.3945629667131
148 88.94441228432903
149 29.784421287288
150 116.51055263072519
151 106.11802985075825
152 100.01444064360201
153 115.43771193325615
154 28.955600846962085
155 94.27651011436234
156 70.27187340302439
157 35.91875438494844
158 108.02697002410106
159 86.42027187676965
160 51.90036470503325
161 108.28820887261875
162 42.965841823168944
163 77.74517735277425
164 95.9997154181153
165 42.98038002915075
166 56.543324361285684
167 61.913296734636404
168 93.25434384024715
169 94.01693200085283
170 43.37796607721556
171 115.98423667879035
172 34.67478227127323
173 103.85191307038447
174 100.64229156564785
175 102.0617956373967
176 118.70920745543232
177 24.345235055388187
178 41.1760320697165
179 82.82699815281303
180 65.494652866016
181 64.99075495318601
182 40.05893772799801
183 106.81988821267055
184 111.61520590890682
185 92.27894371115389
186 54.856166768483476
187 31.14895649616465
188 49.457176771545114
189 79.95303803269164
190 77.03441850104431
191 114.24841447319692
192 44.098838000931465
193 88.92151554692416
194 117.45715257705463
195 29.36996763723397
196 107.64502546031453
197 37.718616108971545
198 102.40234950487337
199 20.687145059605974
200 36.014527978792174
201 109.65851057133698
202 58.20648223571321
203 48.20664871024432
204 116.41087311882806
205 31.207700364046968
206 92.42346373873059
207 45.122553364415964
208 95.05472977506753
209 47.60403948003538
210 37.29753140414808
211 41.815680319626274
212 54.22884975589836
213 116.37977155146048
214 107.38418875818103
215 94.39177116703077
216 85.28411107533428
217 37.19980205361485
218 37.313442383024245
219 92.46857551656491
220 59.97785755106521
221 37.30539072010161
222 107.97476482833235
223 110.86333935123095
224 96.36343740153694
225 35.85732400823993
226 39.813375389138166
227 112.89857120390462
228 87.42242520490205
229 117.60153559686752
230 30.462525636330167
231 109.23540737243145
232 110.72877080931244
233 56.534054627503345
234 40.59673648764573
235 25.460280176729448
236 65.65666068652827
237 43.621087145035006
238 86.67597096944536
239 34.09198336044343
240 90.99162350206397
241 89.13389846966236
242 82.16099761784405
243 62.24269767498292
244 100.2770091775529
245 89.78709863833001
246 79.81525517713825
247 94.85785201716847
248 34.82567872490098
249 73.62286210527677
0 1
0 38
0 62
0 76
0 96
0 110
0 112
0 116
0 130
0 133
0 143
0 181
0 187
0 188
0 191
0 200
0 217
1 2
1 5
1 13
1 14
1 37
1 40
1 45
1 75
1 93
1 107
1 119
1 122
1 135
1 140
1 144
1 145
1 156
1 174
1 191
1 195
1 213
1 241
2 3
2 6
2 13
2 18
2 20
2 21
2 33
2 35
2 59
2 60
2 73
2 117
2 130
2 131
2 137
2 144
2 183
2 219
3 4
3 33
3 58
3 147
3 162
3 165
3 181
3 196
3 216
3 226
3 247
3 248
4 5
4 6
4 9
4 37
4 48
4 52
4 94
4 103
4 107
4 111
4 128
4 131
4 138
4 142
4 188
4 190
4 213
4 215
4 233
5 6
5 44
5 58
5 72
5 76
5 98
5 112
5 115
5 141
5 197
5 200
5 218
5 234
5 246
6 7
6 33
6 36
6 42
6 72
6 117
6 160
6 161
6 167
6 182
6 198
6 239
7 8
7 41
7 118
7 151
7 161
7 202
7 228
7 237
8 9
8 11
8 16
8 46
8 76
8 85
8 102
8 120
8 125
8 139
8 148
8 168
8 187
8 190
8 197
8 198
8 203
8 204
8 215
8 249
9 10
9 44
9 57
9 75
9 98
9 104
9 105
9 125
9 130
9 135
9 163
9 171
9 177
9 201
9 229
9 246
9 248
10 11
10 31
10 44
10 57
10 59
10 121
10 141
10 145
10 165
10 167
10 177
10 204
10 208
10 223
10 249
11 12
11 14
11 98
11 107
11 116
11 123
11 150
11 176
11 178
11 203
11 212
11 235
12 13
12 35
12 43
12 48
12 63
12 79
12 115
12 131
12 151
12 162
12 179
12 190
12 209
12 234
12 239
13 14
13 66
13 67
13 76
13 135
13 138
13 154
13 175
13 217
13 224
13 229
13 240
14 15
14 22
14 29
14 51
14 57
14 71
14 90
14 103
14 108
14 149
14 152
14 175
14 177
14 187
14 196
14 206
14 211
14 232
15 16
15 19
15 23
15 42
15 55
15 69
15 110
15 127
15 168
15 172
15 180
15 188
15 216
15 222
15 227
15 244
15 245
15 247
16 17
16 48
16 49
16 67
16 104
16 109
16 117
16 124
16 144
16 146
16 183
16 190
16 204
16 217
16 229
16 240
17 18
17 37
17 41
17 75
17 98
17 139
17 146
17 200
17 201
18 19
18 34
18 42
18 50
18 52
18 80
18 92
18 95
18 123
18 173
18 189
18 190
18 200
18 209
18 218
18 220
18 229
19 20
19 58
19 74
19 82
19 114
19 121
19 127
19 152
19 171
19 181
19 198
19 217
19 221
19 223
19 226
19 233
19 236
20 21
20 84
20 95
20 103
20 105
20 137
20 178
20 198
20 207
20 232
20 244
20 248
21 22
21 24
21 28
21 37
21 40
21 59
21 66
21 96
21 155
21 172
21 174
21 176
21 194
21 230
22 23
22 34
22 70
22 97
22 114
22 154
22 162
22 174
22 183
22 192
22 204
22 205
22 249
23 24
23 34
23 43
23 52
23 55
23 64
23 72
23 131
23 171
23 193
23 208
23 211
23 213
23 215
23 225
24 25
24 27
24 42
24 70
24 92
24 128
24 157
24 162
24 174
24 198
24 212
24 214
24 228
24 241
25 26
25 30
25 32
25 50
25 54
25 90
25 101
25 103
25 106
25 207
25 210
25 221
25 225
25 228
26 27
26 30
26 32
26 48
26 49
26 64
26 66
26 77
26 81
26 99
26 125
26 126
26 159
26 166
26 214
26 221
27 28
27 31
27 46
27 51
27 94
27 120
27 133
27 153
27 172
27 185
27 221
27 232
28 29
28 47
28 89
28 125
28 134
28 138
28 181
28 243
29 30
29 31
29 47
29 124
29 126
29 158
29 161
29 176
29 177
29 199
29 243
29 248
30 31
30 53
30 65
30 100
30 111
30 123
30 149
30 156
30 158
30 164
30 183
30 193
30 195
31 32
31 35
31 43
31 45
31 87
31 120
31 121
31 122
31 141
31 151
31 152
31 155
31 228
31 239
31 248
32 33
32 45
32 61
32 62
32 91
32 99
32 136
32 157
32 161
32 190
32 216
33 34
33 46
33 73
33 87
33 88
33 89
33 93
33 101
33 124
33 152
33 178
33 204
33 220
33 224
34 35
34 37
34 88
34 89
34 103
34 187
34 230
35 36
35 38
35 65
35 85
35 90
35 95
35 125
35 169
35 171
35 174
35 197
35 214
35 221
35 243
36 37
36 62
36 73
36 93
36 112
36 118
36 123
36 137
36 149
36 153
36 169
36 185
36 198
36 222
37 38
37 57
37 97
37 138
37 142
37 145
37 158
37 185
37 203
37 228
38 39
38 43
38 81
38 88
38 124
38 128
38 161
38 169
38 208
38 211
38 227
38 246
39 40
39 54
39 91
39 113
39 115
39 123
39 140
39 144
39 150
39 156
39 187
39 196
39 215
39 218
39 239
40 41
40 43
40 70
40 99
40 103
40 145
40 153
40 215
40 228
40 231
41 42
41 48
41 50
41 60
41 63
41 66
41 86
41 128
41 135
41 144
41 148
41 151
41 188
41 218
41 234
42 43
42 44
42 46
42 50
42 74
42 81
42 84
42 166
42 205
42 247
43 44
43 50
43 76
43 79
43 83
43 93
43 95
43 129
43 160
43 178
44 45
44 63
44 65
44 81
44 117
44 139
44 141
44 148
44 154
44 164
44 202
44 212
44 220
45 46
45 57
45 60
45 87
45 114
45 121
45 134
45 155
45 169
45 175
45 176
45 220
45 231
46 47
46 62
46 66
46 77
46 84
46 95
46 98
46 151
46 160
46 171
46 177
46 187
46 199
46 218
47 48
47 74
47 103
47 111
47 135
47 157
47 175
47 186
47 189
47 219
47 220
48 49
48 76
48 128
48 149
48 153
48 206
48 218
49 50
49 60
49 105
49 106
49 108
49 146
49 165
49 182
49 193
49 247
50 51
50 53
50 79
50 96
50 109
50 118
50 160
50 205
50 232
51 52
51 74
51 78
51 99
51 115
51 122
51 148
51 165
51 190
51 192
51 202
51 204
51 205
51 208
51 211
51 214
52 53
52 140
52 146
52 149
52 153
52 170
52 179
52 195
52 209
52 237
53 54
53 58
53 73
53 88
53 91
53 120
53 145
53 156
53 160
53 165
53 182
53 185
53 193
53 214
53 217
53 230
54 55
54 64
54 76
54 91
54 100
54 107
54 118
54 121
54 127
54 129
54 135
54 138
54 152
54 164
54 183
54 192
54 200
54 202
54 227
54 234
54 239
55 56
55 76
55 102
55 117
55 137
55 167
55 232
55 240
55 242
56 57
56 71
56 79
56 93
56 104
56 121
56 122
56 139
56 146
56 237
56 245
56 249
57 58
57 59
57 60
57 83
57 94
57 96
57 112
57 114
57 136
57 165
57 172
57 185
57 186
57 203
57 233
57 242
58 59
58 75
58 76
58 84
58 100
58 109
58 129
58 131
58 138
58 149
58 184
58 195
58 203
58 222
58 224
58 230
59 60
59 80
59 92
59 97
59 101
59 108
59 109
59 116
59 118
59 131
59 149
59 166
59 180
59 181
59 192
59 213
59 225
59 228
59 235
59 248
60 61
60 88
60 123
60 138
60 143
60 175
60 212
60 218
60 220
60 224
61 62
61 65
61 67
61 70
61 95
61 102
61 146
61 168
61 177
61 225
61 245
62 63
62 100
62 104
62 141
62 144
62 146
62 213
62 236
63 64
63 130
63 134
63 143
63 155
63 225
63 227
63 230
63 240
64 65
64 67
64 120
64 152
64 161
64 162
64 178
64 195
64 208
64 222
64 238
65 66
65 81
65 100
65 120
65 132
65 146
65 162
65 175
65 207
65 210
66 67
66 79
66 97
66 100
66 132
66 146
66 159
66 163
66 170
66 188
66 198
66 208
66 224
66 227
66 238
67 68
67 77
67 128
67 173
67 186
67 209
67 213
67 221
67 241
68 69
68 90
68 107
68 108
68 139
68 148
68 230
68 244
69 70
69 108
69 116
69 151
69 163
69 168
69 170
69 175
69 178
69 186
69 196
69 213
69 219
69 222
70 71
70 72
70 81
70 82
70 92
70 126
70 155
70 183
70 191
70 198
70 218
70 225
70 226
70 227
70 230
71 72
71 112
71 116
71 136
71 142
71 183
71 201
71 219
72 73
72 76
72 102
72 110
72 111
72 117
72 126
72 180
72 216
73 74
73 85
73 95
73 97
73 98
73 118
73 142
73 157
73 167
73 183
73 191
73 193
73 195
73 197
73 242
73 248
74 75
74 93
74 107
74 123
74 134
74 174
74 175
74 212
75 76
75 79
75 108
75 115
75 120
75 148
75 193
75 230
75 232
75 234
76 77
76 93
76 112
76 214
76 224
76 232
77 78
77 82
77 90
77 122
77 154
77 178
77 205
77 207
77 224
77 231
77 234
78 79
78 80
78 93
78 101
78 124
78 131
78 132
78 134
78 142
78 150
78 172
78 194
78 205
78 211
79 80
79 99
79 111
79 116
79 162
79 164
79 165
79 171
79 178
79 209
79 238
79 240
79 244
80 81
80 83
80 126
80 135
80 164
80 174
80 178
80 186
80 217
81 82
81 152
81 171
81 179
81 190
81 203
81 231
82 83
82 90
82 97
82 104
82 107
82 123
82 138
82 141
82 161
82 192
82 204
82 240
83 84
83 98
83 115
83 119
83 133
83 148
83 152
83 169
83 178
83 190
83 194
83 197
83 210
83 213
83 217
83 227
83 230
83 237
83 239
84 85
84 99
84 133
84 142
84 154
84 156
84 181
84 218
84 232
85 86
85 91
85 96
85 115
85 158
85 169
85 192
85 212
85 231
86 87
86 89
86 95
86 102
86 120
86 135
86 141
86 180
86 194
86 200
86 210
86 235
87 88
87 93
87 99
87 113
87 129
87 130
87 176
87 178
87 187
87 194
87 206
87 240
88 89
88 97
88 109
88 155
88 167
88 168
88 221
89 90
89 94
89 104
89 109
89 116
89 121
89 124
89 162
89 164
89 184
89 186
89 196
89 211
90 91
90 95
90 150
90 172
90 181
90 182
90 186
90 187
90 216
90 234
91 92
91 109
91 125
91 157
91 169
91 180
91 204
91 234
91 239
91 249
92 93
92 104
92 135
92 144
92 159
92 180
92 193
92 205
92 207
92 237
93 94
93 98
93 128
93 148
93 163
93 164
93 186
93 212
93 225
93 227
93 234
94 95
94 128
94 166
94 169
94 170
94 181
94 205
94 210
94 211
94 221
94 228
95 96
95 141
95 143
95 179
96 97
96 138
96 181
96 205
96 225
96 227
96 231
96 241
97 98
97 127
97 133
97 139
97 148
97 163
97 184
97 190
97 193
98 99
98 150
98 180
98 206
98 235
98 238
99 100
99 106
99 168
99 195
99 196
100 101
100 106
100 107
100 133
100 138
100 142
100 150
100 156
100 195
100 222
101 102
101 122
101 129
101 138
101 150
101 165
101 181
101 197
101 220
101 231
101 240
102 103
102 109
102 147
102 163
102 171
102 212
102 227
102 241
103 104
103 131
103 135
103 149
103 150
103 171
103 183
103 193
103 222
103 235
103 242
104 105
104 107
104 114
104 122
104 156
104 191
104 192
104 201
104 226
104 232
105 106
105 136
105 152
105 153
105 182
105 210
106 107
106 125
106 158
106 167
106 176
106 186
106 202
106 203
106 209
107 108
107 125
107 130
107 148
107 172
107 189
107 192
107 197
107 203
107 205
107 220
107 235
107 238
107 241
107 245
108 109
108 122
108 125
108 135
108 137
108 157
108 178
108 197
108 226
108 247
109 110
109 112
109 117
109 202
109 204
109 231
110 111
110 127
110 138
110 139
110 151
110 181
110 203
110 217
111 112
111 119
111 126
111 127
111 134
111 138
111 144
111 178
111 193
111 202
111 218
111 228
111 242
112 113
112 117
112 119
112 137
112 180
112 196
112 197
112 234
112 237
112 239
112 248
113 114
113 138
113 146
113 154
113 166
113 182
113 224
113 234
114 115
114 126
114 139
114 179
114 184
114 218
114 221
115 116
115 163
115 169
115 172
115 180
115 188
115 222
115 237
115 248
116 117
116 128
116 132
116 202
116 229
117 118
117 119
117 121
117 156
117 178
117 209
118 119
118 141
118 192
118 232
118 233
118 245
119 120
119 137
119 139
119 176
119 181
119 193
119 218
119 232
119 239
120 121
120 135
120 140
120 144
120 145
120 174
120 189
120 210
121 122
121 130
121 179
121 183
121 185
121 208
122 123
122 124
122 128
122 133
122 135
122 144
122 180
122 223
123 124
123 150
123 152
123 183
123 213
123 220
123 223
124 125
124 178
124 190
124 239
125 126
125 129
125 141
125 145
125 158
125 165
125 169
125 184
125 185
125 197
125 209
125 217
125 220
125 222
125 232
125 233
125 247
126 127
126 128
126 141
126 144
126 149
126 159
126 161
126 169
126 177
126 183
126 234
127 128
127 136
127 148
127 162
127 174
127 220
127 222
127 238
128 129
128 182
128 205
128 216
128 237
129 130
129 153
129 162
129 195
129 211
129 217
129 228
129 236
130 131
130 148
130 180
130 187
130 189
130 191
130 219
130 226
131 132
131 179
131 207
131 245
132 133
132 144
132 151
132 157
132 170
132 224
132 241
133 134
133 164
133 168
133 170
133 182
133 193
133 212
133 223
133 241
133 247
134 135
134 143
134 154
134 182
134 186
134 212
134 227
134 230
134 233
134 237
135 136
135 139
135 161
135 162
135 169
135 174
135 190
135 216
135 237
135 238
136 137
136 166
136 175
136 200
136 207
136 229
136 245
137 138
137 154
137 160
137 202
137 208
137 230
137 235
138 139
138 166
138 167
138 177
138 202
138 222
138 230
138 248
139 140
139 162
139 167
139 206
140 141
140 153
140 164
140 179
140 180
140 181
140 191
140 207
140 222
140 244
141 142
141 144
141 152
141 157
141 158
141 220
141 242
142 143
142 157
142 201
142 241
143 144
143 147
143 167
143 176
143 181
143 213
143 219
143 247
144 145
144 150
144 179
144 180
144 184
144 192
144 207
144 216
144 241
144 242
145 146
145 177
145 178
145 180
145 181
145 186
145 214
145 215
145 222
146 147
146 154
146 156
146 165
146 227
147 148
147 151
147 154
147 161
147 173
147 174
147 179
147 240
148 149
148 150
148 193
148 202
148 207
148 216
148 224
148 233
149 150
149 154
149 157
149 158
149 162
149 183
149 212
149 225
149 226
149 227
150 151
150 183
150 192
150 193
150 196
150 207
150 209
150 230
150 236
150 240
151 152
151 165
151 167
151 180
151 188
151 199
151 204
151 214
151 235
151 243
152 153
152 168
152 202
153 154
153 155
153 165
153 184
153 185
153 242
153 243
154 155
154 197
154 201
154 202
154 231
155 156
155 174
155 179
155 185
155 207
155 247
156 157
156 181
156 184
156 196
156 208
156 231
157 158
157 165
157 185
157 193
157 194
157 220
157 227
157 229
157 239
158 159
158 171
158 172
158 218
158 228
159 160
159 182
159 193
160 161
160 165
160 176
160 187
160 197
160 222
160 230
161 162
161 163
161 175
161 198
161 225
161 232
161 245
161 246
162 163
162 178
162 183
162 192
162 218
162 249
163 164
163 178
163 212
163 236
164 165
164 177
164 231
164 243
165 166
165 198
165 200
165 227
165 243
165 244
166 167
166 168
166 192
166 214
166 215
166 225
166 238
166 242
167 168
167 177
167 182
167 208
167 215
168 169
169 170
169 210
169 226
169 234
169 240
170 171
170 173
170 189
170 200
170 201
170 209
170 226
171 172
171 212
171 213
171 214
171 230
171 234
172 173
172 181
172 214
172 218
173 174
173 177
173 193
173 221
174 175
174 213
174 218
174 220
174 224
175 176
175 195
175 212
175 227
176 177
176 209
176 231
177 178
177 198
177 243
177 247
178 179
178 244
179 180
179 183
179 184
179 214
179 248
180 181
180 183
180 197
180 220
180 234
180 245
180 246
181 182
181 209
181 225
181 228
181 234
182 183
182 186
182 213
183 184
183 191
183 203
183 249
184 185
184 244
185 186
185 197
185 198
185 201
185 224
185 234
186 187
186 193
186 224
186 227
187 188
187 219
187 249
188 189
188 211
189 190
189 208
189 218
190 191
190 213
190 242
190 249
191 192
191 193
191 205
191 207
191 234
192 193
192 195
192 230
192 242
192 244
193 194
193 198
193 203
193 223
193 246
194 195
194 222
194 228
195 196
195 220
195 228
195 232
195 244
196 197
197 198
197 219
197 227
197 247
198 199
199 200
199 230
200 201
200 216
200 231
201 202
201 206
201 243
202 203
203 204
203 210
203 212
203 239
204 205
204 237
204 247
205 206
205 208
205 218
205 225
205 228
206 207
206 214
206 233
207 208
207 242
208 209
208 226
208 241
208 246
208 248
209 210
209 214
209 230
209 237
209 239
209 244
210 211
210 222
210 229
211 212
211 217
211 224
211 240
212 213
212 221
212 229
212 243
213 214
213 233
214 215
214 238
215 216
215 224
215 235
215 245
216 217
216 224
216 235
216 246
217 218
217 220
217 230
217 248
218 219
218 225
218 247
219 220
219 221
219 224
220 221
221 222
221 249
222 223
222 232
223 224
223 228
223 230
223 233
223 248
224 225
224 240
225 226
225 239
226 227
226 239
227 228
228 229
228 247
229 230
229 249
230 231
230 235
231 232
232 233
233 234
233 243
233 249
234 235
234 238
234 244
235 236
235 242
235 245
235 247
236 237
237 238
237 239
238 239
239 240
239 246
240 241
240 242
240 245
241 242
242 243
243 244
244 245
244 248
245 246
246 247
247 248
248 249
