0 95.18689167961155
1 70.27383877101556
2 24.107903263003344
3 26.494642981769555
4 98.51944604429278
5 45.22426432977774
6 64.8243874414189
7 72.05800051823837
8 26.14765962610285
9 105.59014014196013
10 36.0747160528406
11 20.384409612085523
12 60.77345790146902
13 41.231689568179675
14 106.10036338895742
15 59.68607297713565
16 50.823185514382565
17 60.6681432824618
18 93.40771111685777
19 56.60925039331937
20 29.887183197109565
21 66.31119118718235
22 82.6954864699349
23 71.6037278280773
24 95.09654204515257
25 97.25149947116408
26 69.6427624519525
27 87.7086631808754
28 40.16760736747284
29 61.62278581027147
30 29.94632576503442
31 63.890696653595036
32 20.192496597517266
33 72.07193129252454
34 65.90636938883384
35 54.63656012279618
36 84.72651970261883
37 92.49246121745311
38 69.89458465984876
39 21.19391662511591
40 53.32107133860628
41 101.93264367735166
42 58.198943456996695
43 96.67043414521224
44 23.37321076588629
45 82.46838113208813
46 71.02459438809484
47 57.1426733276849
48 94.01079254551917
49 41.83494643452746
50 104.84041325692048
51 93.99261471106573
52 61.704689561335876
53 88.74057059054931
54 41.79597870226779
55 78.88115768925435
56 93.39727503032208
57 89.03870738912096
58 67.59383243890105
59 62.0843002332579
60 111.15903001830844
61 44.31480773947317
62 23.987090765848976
63 47.359092544457994
64 28.732743227871083
65 50.9472824367172
66 24.98258238314002
67 42.07292823602957
68 64.79748057663456
69 117.33123817153546
70 76.86488929881934
71 90.02103705160158
72 20.382129621785243
73 39.70752002248386
74 81.31680029126264
75 56.173572880899115
76 48.58096059774711
77 62.918426468651994
78 68.19683644414067
79 47.53499692563922
80 63.57137069479601
81 81.41548411962557
82 99.9446742027776
83 22.364925735560476
84 32.906551308201486
85 67.97341396265571
86 113.12047023085339
87 61.200967332319124
88 72.15352394246052
89 52.81851780266397
90 114.2441916882251
91 47.44054716689135
92 114.1696504493967
93 114.25843405241648
94 26.88627209941403
95 32.68003268097774
96 56.658334332103955
97 83.4042654131616
98 94.8710247107194
99 42.57598074431942
100 101.11735438157626
101 110.20490251622856
102 82.48944138672809
103 112.68464643587518
104 83.89085958987553
105 85.76728807931464
106 76.77811431083236
107 30.552356194877543
108 65.75875246212152
109 66.81530808140033
110 89.20621735306912
111 100.270721889074
112 90.34482516609266
113 102.14387196058134
114 74.52262047018945
115 38.77710980404061
116 43.59770862208733
117 118.05362441516114
118 33.05036139339728
119 59.37214434876692
120 46.696260892287185
121 80.00571687789268
122 39.375859668310326
123 97.24246494001072
124 92.95379484442496
125 111.11488146480688
126 45.16543927021061
127 84.21835431250719
128 95.64310880657965
129 114.60303541021355
130 36.7518261976667
131 85.56225763711738
132 48.13697605475798
133 116.96449421439988
134 89.16850930491977
135 70.27560239349211
136 110.35640855003419
137 21.34778662584515
138 47.469953279102455
139 98.22778195349647
140 26.24167611042761
141 36.53802329378895
142 83.46085412970479
143 72.35251290336677
144 45.80865816847836
145 25.927588685340314
146 21.367734629503826
147 22.223233333191722
148 72.32586835709839
149 102.99192154883984
150 99.52139248422567
151 56.51057697626607
152 80.24502005237551
153 85.04098456553257
154 36.77881111485934
155 46.14140457127488
156 52.740785420912005
157 105.39596708567449
158 102.19835426990664
159 77.42021288261985
160 69.06295122278289
161 75.64467741218196
162 44.39216474728062
163 44.94025657055423
164 31.376893940654565
165 84.25794658356342
166 23.01489781447517
167 37.80298983052349
168 58.36593142127303
169 115.60333302975907
170 99.00804328557534
171 109.48097154980935
172 88.59175796518889
173 74.27124841107678
174 82.50425330453426
175 111.60067749011478
176 30.45686299644537
177 103.63261593475956
178 107.70624801218877
179 114.9881399493865
180 67.5854061732372
181 94.67598819972511
182 102.59004079146794
183 37.51171232335287
184 78.53681231961528
185 91.42605424589674
186 47.94237143825996
187 47.57266857752452
188 57.9888393067528
189 112.62427202045677
190 75.02737131537467
191 114.53573177876923
192 32.874691309223394
193 25.85636332971966
194 34.087677859312244
195 32.958087320278295
196 51.431290739791294
197 29.940235463462482
198 76.92036390610969
199 56.16677711934133
200 85.7135122887077
201 24.141861472965246
202 35.92817104501446
203 36.550826312189926
204 28.85188178952716
205 68.66550027449898
206 49.33172053374325
207 84.87582264858138
208 87.17882891348414
209 69.86860824524986
210 77.63855167128739
211 28.995122264123037
212 64.32127500557112
213 55.78063841940795
214 79.99993886839374
215 73.523209006191
216 109.4550209786943
217 42.75886380568011
218 70.74663485522385
219 36.353169803836586
220 55.13897374975641
221 32.49328299486856
222 56.17984440981971
223 65.3416628852902
224 101.49501423668215
225 20.076513973091597
226 59.60386558104587
227 119.05113703763591
228 112.97186906737564
229 38.48354365734288
230 78.62201365109127
231 29.13047711728119
232 81.52906695882655
233 112.5601017818045
234 82.87758060866369
235 48.731678325012744
236 75.79968141697807
237 46.49728477692396
238 52.706760150970055
239 31.301505909207183
240 39.63825832911643
241 22.774044032437693
242 79.58060771440186
243 77.15357018013451
244 25.432913905928142
245 47.67795751565884
246 97.74826933542127
247 31.417590157860065
248 47.65831859973473
249 38.76871155763096
0 1
0 134
0 154
1 2
1 16
1 170
1 190
2 3
2 92
3 4
3 156
3 160
3 212
3 236
3 246
4 5
4 70
4 88
5 6
5 30
5 106
5 144
6 7
6 31
6 59
6 116
7 8
7 63
7 68
7 215
7 236
8 9
8 120
8 174
9 10
9 63
10 11
10 42
10 113
10 120
10 131
10 197
11 12
11 31
11 206
12 13
12 36
12 98
12 128
12 208
13 14
13 44
14 15
14 60
14 64
14 98
14 208
14 241
15 16
15 50
15 171
16 17
16 184
17 18
17 158
18 19
18 60
18 116
18 219
19 20
20 21
21 22
21 84
22 23
22 55
22 105
22 216
23 24
24 25
24 108
24 139
25 26
26 27
26 50
26 112
27 28
27 110
27 229
28 29
28 139
29 30
29 51
30 31
30 100
30 224
30 228
31 32
32 33
33 34
33 81
33 100
33 143
34 35
34 39
34 108
35 36
35 157
35 244
36 37
37 38
37 74
37 176
37 238
38 39
38 112
39 40
40 41
40 246
41 42
41 182
42 43
42 150
42 153
42 205
43 44
43 193
44 45
44 187
45 46
45 58
46 47
46 84
46 235
46 245
47 48
47 242
48 49
48 112
48 189
49 50
49 60
49 211
49 218
50 51
50 69
50 70
50 71
50 81
50 121
50 187
50 200
50 202
51 52
51 163
51 180
52 53
53 54
53 96
53 202
54 55
54 56
54 132
55 56
55 224
56 57
56 245
57 58
57 120
58 59
58 241
59 60
59 117
59 161
59 237
60 61
60 76
61 62
61 247
62 63
63 64
63 69
63 142
63 180
63 195
63 242
64 65
64 211
65 66
65 120
66 67
67 68
68 69
68 230
69 70
69 103
69 185
70 71
70 155
71 72
71 87
72 73
72 98
72 131
72 237
72 244
73 74
73 98
73 197
73 209
74 75
74 164
75 76
76 77
76 102
76 146
76 160
76 211
76 230
77 78
77 95
77 214
78 79
78 216
79 80
79 235
80 81
80 101
81 82
81 181
82 83
82 96
83 84
83 212
84 85
85 86
85 94
86 87
87 88
87 115
87 230
88 89
88 102
88 122
88 179
88 215
89 90
89 131
89 147
89 197
90 91
91 92
91 102
91 157
91 199
91 218
92 93
92 170
93 94
93 248
94 95
95 96
95 175
95 206
96 97
96 198
97 98
97 157
97 212
98 99
99 100
99 204
100 101
101 102
101 145
102 103
102 140
102 198
102 223
103 104
103 157
104 105
105 106
105 114
106 107
107 108
108 109
108 207
109 110
110 111
111 112
111 160
111 216
111 234
112 113
112 146
112 232
113 114
113 231
113 244
113 248
114 115
114 123
115 116
116 117
117 118
117 122
118 119
118 243
119 120
120 121
120 136
121 122
121 185
121 189
121 193
121 195
122 123
123 124
123 153
124 125
124 239
125 126
125 185
125 189
126 127
126 134
126 189
127 128
128 129
128 141
129 130
130 131
130 152
130 236
131 132
131 158
132 133
132 184
133 134
133 195
134 135
134 156
134 223
135 136
136 137
136 186
136 224
137 138
138 139
138 179
138 192
139 140
139 151
140 141
141 142
141 171
141 177
141 224
142 143
142 246
143 144
144 145
144 190
145 146
145 182
145 188
146 147
146 192
147 148
147 224
148 149
148 188
149 150
149 212
150 151
151 152
151 223
152 153
153 154
154 155
155 156
156 157
157 158
157 228
158 159
158 194
159 160
160 161
160 198
160 207
161 162
162 163
163 164
164 165
165 166
165 210
165 213
166 167
167 168
168 169
169 170
170 171
170 204
171 172
172 173
172 195
173 174
174 175
175 176
176 177
177 178
178 179
178 202
179 180
179 189
180 181
181 182
182 183
182 231
183 184
184 185
184 233
184 246
185 186
186 187
186 226
187 188
188 189
189 190
190 191
191 192
191 197
192 193
192 217
193 194
194 195
195 196
196 197
196 247
197 198
197 239
198 199
198 219
199 200
200 201
200 224
201 202
202 203
202 248
203 204
204 205
205 206
205 232
205 235
206 207
207 208
208 209
209 210
210 211
211 212
212 213
213 214
213 232
214 215
215 216
216 217
217 218
218 219
219 220
220 221
221 222
222 223
223 224
224 225
225 226
226 227
227 228
228 229
229 230
230 231
230 241
231 232
232 233
233 234
234 235
235 236
236 237
237 238
238 239
238 242
239 240
240 241
241 242
242 243
243 244
244 245
245 246
246 247
247 248
248 249
