0 81.26299612429526
1 35.04748409991018
2 105.60067118227617
3 82.89862041147154
4 55.869066377807854
5 79.38243803097566
6 29.490149122884507
7 110.02762567009552
8 24.544770457382555
9 39.347158731864425
10 49.74744296126164
11 53.62573126808308
12 48.859066666265704
13 90.12669143676509
14 117.44321237862766
15 21.352341731505323
16 71.21975467233341
17 55.5120046149322
18 92.4634888358186
19 86.32219898588994
20 80.90806396896195
21 58.811708239182806
22 41.98184183163543
23 84.12234150030588
24 83.0201243509255
25 20.63810515285815
26 59.02742866859523
27 65.45735469222402
28 116.82718287345057
29 57.623351189092546
30 59.819032575754605
31 60.0900513991826
32 76.41404840369913
33 52.625436477604275
34 101.44525324009862
35 63.31107690974769
36 70.9279228426853
37 86.61256921561586
38 72.50622745965926
39 64.86236309882523
40 24.367420534408296
41 45.16848415183492
42 48.492375413538944
43 102.05580698687804
44 55.56426773430728
45 38.440062124073904
46 70.96085683937443
47 33.76984917566789
48 97.85776475951917
49 102.3526055654087
50 104.98054710702868
51 100.07316304486116
52 114.93482300742352
53 81.04697572579236
54 52.85153094820351
55 53.415947566114326
56 44.40598918569165
57 25.74671541783175
58 53.76523925569573
59 21.645820451137446
60 53.91057081451612
61 83.6422310550204
62 78.85652919154066
63 90.54667348961819
64 25.891573213741772
65 91.88292271510338
66 39.00914639379117
67 74.16523481396808
68 96.65389911375955
69 36.39715130538801
70 58.81120422448807
71 74.8815370948077
72 62.91682288394336
73 83.01377788423662
74 34.2173988832476
75 21.995880723369968
76 34.794500214792315
77 39.23795810365611
78 83.7599250031917
79 117.54624710770875
80 57.985839880869634
81 59.037718945808145
82 23.560137713246547
83 111.13660234989656
84 49.927801598743265
85 60.12683428079643
86 44.92819082391863
87 71.74785563945532
88 94.76379197397551
89 83.48335672136835
90 49.9980714050954
91 23.81970665800283
92 20.20149834852625
93 88.22209570089113
94 105.63052787480244
95 67.3329669008511
96 35.682150528688624
97 41.443230484375185
98 108.7266319490115
99 107.18842291267988
100 45.75588355781662
101 32.30816856283137
102 117.12981000003464
103 75.86960910181668
104 65.15548658950028
105 112.3476405038702
106 89.4543589928687
107 45.193368921852255
108 52.78353189861962
109 39.88594975303347
110 94.4636219069511
111 87.89342879093083
112 50.67546956314074
113 85.46919857531509
114 96.03113889525848
115 67.84861863595904
116 60.97400961904453
117 37.314199725493935
118 93.25327298817881
119 108.95881361862313
120 119.04768608036196
121 31.048721614258646
122 96.94192115739891
123 116.98803017366343
124 24.109217560201085
125 116.39258795571166
126 53.51112692794954
127 106.13556627138146
128 70.03690890830897
129 64.93308184010415
130 85.18153810118511
131 112.66243262040203
132 78.574987564709
133 117.77700542706964
134 101.46181726678499
135 61.59176610791177
136 74.68644168764217
137 69.61564235093749
138 51.026258503553024
139 89.31830757191874
140 59.55457090323454
141 86.61778729300426
142 25.393040170691854
143 114.903430068743
144 30.577141799242884
145 59.56991471348583
146 96.21768689834751
147 95.89860027733971
148 69.66963089590563
149 100.81145346803228
150 66.55147297238759
151 100.73161460562125
152 71.29179854367077
153 103.76705023283182
154 43.074642981156416
155 79.00626282632084
156 109.8343761198457
157 97.25660358544076
158 91.09951792633427
159 113.50757392747569
160 52.35042348966416
161 43.267782899501675
162 117.04865294486957
163 93.271163489767
164 107.08844414450347
165 46.50458227034862
166 34.148442841900945
167 55.76657980145591
168 60.882136880374
169 66.77948261720971
170 106.23865514392762
171 108.06101308742794
172 99.17418187177346
173 51.19555787146798
174 31.88357109777408
175 51.771084515990545
176 21.299244951583756
177 32.068909141729655
178 26.380572031587068
179 104.67688065205107
180 60.62392720717832
181 68.67060452324164
182 82.79712771966547
183 33.06377487489577
184 94.23913468113507
185 46.12128733621419
186 44.8273530033412
187 83.17397683054449
188 80.1229269632365
189 83.15045824883292
190 104.04439327937908
191 27.59121894605167
192 91.03961882177303
193 41.93638879580663
194 42.03512742483565
195 22.948292938049647
196 23.91351583785444
197 77.8715317602383
198 73.9387551609508
199 109.03866758977797
200 51.0133584816887
201 114.85214880472485
202 114.07107322247658
203 66.22973461729964
204 45.00618317322771
205 82.56984003954693
206 76.60131167721286
207 88.01668045293053
208 53.7869744982887
209 106.28653869639021
210 44.6586559612896
211 118.62238942816892
212 22.963139672103456
213 96.70343998406948
214 89.78064167929676
215 51.74017049134664
216 63.97048306510865
217 47.788251637045846
218 100.27583708270467
219 85.83251591078425
220 44.02003089345618
221 113.80403396418599
222 81.8583571444655
223 83.84051360986089
224 30.422688464083816
225 103.28686006361818
226 26.82188163990922
227 90.72491952413462
228 56.3114015087906
229 97.3483383414609
230 109.0560834222854
231 20.951339089203262
232 87.37812887501649
233 72.43306463608495
234 51.368408161870235
235 39.8483156695371
236 59.96555490594935
237 83.53985860023673
238 28.85946897830906
239 27.708619821852643
240 29.701237171717825
241 42.9196474865619
242 117.51027298570656
243 33.57031316339962
244 116.8343994556522
245 111.39168480624078
246 70.67486857022182
247 96.80570857353854
248 59.53332385253473
249 104.67376527159097
0 1
0 31
0 35
0 36
0 46
0 93
0 177
0 194
0 210
0 222
0 224
0 230
0 238
1 2
1 28
1 96
1 100
1 108
1 127
1 128
1 149
1 156
1 177
1 244
2 3
2 70
2 116
2 168
2 204
2 207
2 212
2 230
2 243
2 245
3 4
3 18
3 23
3 38
3 57
3 66
3 121
3 178
3 185
3 218
3 227
3 235
3 240
4 5
4 11
4 20
4 30
4 99
4 146
4 152
4 157
4 178
5 6
5 33
5 71
5 108
5 109
5 137
5 178
5 196
5 233
6 7
6 16
6 92
6 164
6 165
6 168
6 175
6 191
6 193
6 228
7 8
7 68
7 70
7 79
7 100
7 105
7 113
7 141
7 152
7 176
7 189
7 214
8 9
8 13
8 44
8 57
8 62
8 113
8 116
8 134
8 146
8 213
8 214
8 228
9 10
9 18
9 29
9 30
9 57
9 75
9 77
9 155
9 156
9 208
10 11
10 20
10 22
10 71
10 75
10 79
10 95
10 97
10 134
10 229
10 242
11 12
11 15
11 40
11 41
11 63
11 123
11 153
11 215
11 222
11 233
11 242
12 13
12 48
12 105
12 138
12 144
12 145
12 146
12 148
12 157
12 171
12 190
12 208
12 215
13 14
13 36
13 80
13 87
13 105
13 110
13 111
13 124
13 125
13 134
13 153
13 205
13 216
13 247
14 15
14 55
14 64
14 75
14 79
14 105
14 163
14 171
14 189
14 239
15 16
15 45
15 66
15 71
15 72
15 114
15 130
15 148
15 156
15 168
15 181
15 210
16 17
16 77
16 102
16 143
16 180
16 184
16 189
17 18
17 66
17 76
17 80
17 103
17 123
17 138
17 144
17 164
17 215
17 230
17 243
18 19
18 29
18 34
18 55
18 111
18 123
18 151
18 170
18 208
19 20
19 27
19 34
19 52
19 70
19 71
19 94
19 98
19 128
19 129
19 152
19 160
19 165
19 234
19 238
19 241
20 21
20 31
20 85
20 98
20 161
20 170
20 217
20 220
20 241
20 242
21 22
21 23
21 32
21 43
21 57
21 83
21 89
21 116
21 142
21 171
21 173
21 175
21 178
21 218
21 242
22 23
22 52
22 102
22 107
22 114
22 115
22 119
22 137
22 163
22 187
22 190
22 198
22 235
22 246
22 248
23 24
23 34
23 44
23 56
23 110
23 153
23 164
23 191
23 200
24 25
24 28
24 51
24 70
24 92
24 99
24 109
24 111
24 134
24 153
24 173
24 190
24 231
25 26
25 119
25 133
25 157
25 190
25 229
25 232
25 242
26 27
26 136
26 150
26 185
26 217
26 224
26 230
27 28
27 65
27 79
27 109
27 146
27 149
27 150
27 162
27 196
27 200
27 234
27 243
27 247
28 29
28 40
28 45
28 83
28 120
28 127
28 154
28 209
28 235
28 243
28 249
29 30
29 37
29 61
29 66
29 72
29 76
29 81
29 101
29 195
29 215
30 31
30 38
30 52
30 53
30 123
30 132
30 157
30 190
30 195
30 213
31 32
31 52
31 100
31 155
31 168
31 173
32 33
32 64
32 78
32 91
32 135
32 136
32 173
32 229
32 235
33 34
33 48
33 50
33 55
33 61
33 63
33 77
33 114
33 140
33 205
33 207
33 216
33 240
33 246
34 35
34 115
34 135
34 142
34 160
34 235
35 36
35 43
35 45
35 55
35 57
35 93
35 150
35 174
35 196
35 199
35 200
35 204
35 240
36 37
36 56
36 61
36 62
36 103
36 110
36 118
36 146
36 246
37 38
37 46
37 48
37 69
37 77
37 81
37 82
37 108
37 137
37 171
37 199
38 39
38 73
38 83
38 146
38 158
38 160
38 174
38 230
39 40
39 96
39 107
39 169
39 176
39 192
39 206
39 215
40 41
40 60
40 107
40 134
40 140
40 143
40 149
40 154
40 208
40 244
41 42
41 76
41 83
41 136
41 159
41 165
41 175
41 186
41 198
41 199
42 43
42 64
42 65
42 82
42 112
42 127
42 129
42 163
42 164
42 208
42 209
42 218
43 44
43 55
43 141
43 202
43 219
43 222
43 236
43 245
44 45
44 55
44 58
44 84
44 119
44 128
44 157
44 185
44 199
44 206
44 212
45 46
45 56
45 72
45 104
45 121
45 154
45 163
45 214
46 47
46 79
46 87
46 114
46 130
46 151
46 175
46 214
46 231
46 235
46 240
47 48
47 65
47 97
47 143
47 159
47 178
47 180
47 181
47 185
47 224
48 49
48 81
48 89
48 111
48 134
48 179
49 50
49 78
49 89
49 130
49 134
49 150
49 152
49 168
49 213
49 220
49 241
50 51
50 57
50 63
50 84
50 115
50 135
50 168
50 176
50 182
50 209
50 212
50 233
50 237
50 244
51 52
51 74
51 76
51 80
51 122
51 123
51 152
51 181
51 201
51 214
52 53
52 57
52 66
52 69
52 83
52 110
52 180
52 241
53 54
53 57
53 66
53 70
53 77
53 102
53 123
53 137
53 176
53 205
53 233
54 55
54 81
54 86
54 103
54 112
54 122
54 152
54 155
54 168
54 214
54 234
55 56
55 74
55 128
55 141
55 157
55 179
55 226
55 242
56 57
56 124
56 154
56 161
56 198
56 241
57 58
57 87
57 114
57 192
57 200
57 223
57 228
58 59
58 78
58 86
58 95
58 148
58 185
58 198
58 215
59 60
59 71
59 76
59 141
59 215
59 220
59 221
59 222
59 241
60 61
60 67
60 105
60 117
60 133
60 154
60 164
60 196
60 203
61 62
61 66
61 67
61 86
61 91
61 106
61 133
61 195
61 213
61 221
61 234
61 239
62 63
62 74
62 84
62 92
62 177
62 183
62 194
62 197
62 217
63 64
63 98
63 128
63 187
63 190
63 222
63 223
63 227
64 65
64 75
64 82
64 121
64 135
64 194
64 213
64 218
64 242
65 66
65 67
65 96
65 151
65 163
65 176
66 67
66 93
66 103
66 149
66 150
66 179
66 197
67 68
67 143
67 162
67 174
67 199
67 200
67 226
68 69
68 111
68 155
68 156
69 70
69 142
69 148
69 174
69 201
70 71
70 80
70 110
70 161
70 183
70 192
70 198
70 207
70 219
70 224
70 226
70 237
70 245
71 72
71 143
71 157
71 168
71 188
71 210
71 228
72 73
72 84
72 110
72 118
72 175
72 208
72 249
73 74
73 100
73 146
73 169
73 243
74 75
74 81
74 90
74 125
74 156
74 181
74 193
74 225
74 226
74 246
75 76
75 121
75 123
75 150
75 153
75 213
75 227
75 231
76 77
76 78
76 80
76 90
76 104
76 112
76 160
76 187
76 200
76 211
76 222
77 78
77 80
77 103
77 123
77 184
77 187
77 228
77 240
78 79
78 120
78 121
78 155
79 80
79 86
79 101
79 103
79 131
79 159
79 241
79 245
80 81
80 210
80 245
80 247
81 82
81 111
81 128
81 175
81 195
81 208
81 209
81 233
81 238
82 83
82 99
82 158
82 177
82 180
82 197
82 204
83 84
83 104
83 163
83 185
83 187
83 210
83 220
83 226
83 246
84 85
84 86
84 108
84 126
84 152
84 191
84 208
84 217
84 230
84 237
85 86
85 145
85 165
85 167
85 187
85 192
85 226
85 230
86 87
86 89
86 90
86 106
86 116
86 132
86 172
86 176
86 186
86 208
87 88
87 94
87 120
87 136
87 200
87 227
87 229
88 89
88 107
88 109
88 130
88 133
88 176
89 90
89 116
89 158
89 168
89 202
89 203
89 215
89 226
89 244
90 91
90 124
90 127
90 131
90 181
90 232
91 92
91 119
91 149
91 177
91 191
91 203
91 211
91 244
92 93
92 107
92 122
92 127
92 141
92 155
92 184
92 202
92 204
93 94
93 117
93 154
93 200
93 223
93 231
94 95
95 96
95 129
95 208
95 230
96 97
96 142
96 144
96 154
96 156
96 235
96 247
97 98
97 101
97 106
97 124
97 136
97 150
97 187
98 99
98 167
98 181
98 186
98 187
98 194
98 215
98 223
98 225
98 231
98 247
99 100
99 130
99 131
99 150
99 211
99 228
99 230
99 248
100 101
100 136
100 163
100 184
100 201
100 226
100 244
100 247
101 102
101 129
101 136
101 199
101 222
102 103
102 160
102 162
102 171
102 211
102 235
102 244
103 104
103 128
103 155
103 216
104 105
104 115
104 150
104 156
104 174
104 190
104 215
104 219
105 106
105 149
105 156
105 162
106 107
106 117
106 120
106 141
106 146
106 154
106 159
106 194
106 211
107 108
107 174
107 183
107 243
108 109
108 184
108 202
108 243
109 110
109 163
109 172
109 219
109 229
110 111
110 212
111 112
111 144
111 195
111 228
111 240
111 241
112 113
112 115
112 127
112 169
112 172
113 114
113 133
113 140
113 143
113 148
113 192
113 205
113 210
113 242
114 115
114 181
114 185
114 208
114 236
114 245
115 116
115 156
115 170
115 187
115 198
115 199
115 233
115 235
115 237
116 117
116 164
116 175
116 186
116 199
116 225
116 239
117 118
117 172
117 203
118 119
118 142
118 156
119 120
119 145
119 160
119 194
120 121
120 133
120 170
120 204
120 225
121 122
121 173
121 176
121 184
121 189
121 208
121 215
121 242
122 123
122 128
122 134
122 204
122 211
122 221
122 224
122 237
123 124
123 128
123 139
123 148
123 174
124 125
124 183
124 224
125 126
125 164
125 168
125 212
125 213
125 214
125 248
126 127
126 141
126 161
126 203
126 210
127 128
127 155
127 170
127 171
127 182
128 129
128 132
128 163
128 172
128 184
128 187
128 204
128 219
129 130
129 143
129 144
129 162
129 174
129 205
130 131
130 152
130 160
130 166
130 177
130 181
130 182
130 207
130 232
131 132
131 140
131 142
131 143
132 133
132 185
132 242
133 134
133 142
133 177
133 196
133 200
133 201
133 204
134 135
134 152
134 179
134 197
134 200
134 222
134 226
134 238
135 136
135 151
135 196
135 201
135 209
136 137
136 142
136 146
136 190
136 194
136 196
136 202
136 219
136 225
137 138
137 194
137 219
137 223
137 225
138 139
138 143
138 153
138 168
138 179
138 229
139 140
139 141
139 184
139 194
139 221
140 141
140 196
140 213
140 215
140 219
140 233
141 142
141 154
141 158
141 169
141 216
141 220
141 244
142 143
142 155
142 172
143 144
143 177
143 200
143 212
143 217
143 229
144 145
144 163
145 146
145 191
145 208
145 214
145 221
146 147
146 148
146 152
146 164
146 185
146 209
146 239
147 148
147 155
147 159
147 166
148 149
148 156
149 150
149 227
150 151
150 194
151 152
151 164
151 171
151 201
151 212
151 237
152 153
152 161
152 168
152 185
152 190
152 243
152 245
153 154
153 166
153 186
153 211
154 155
154 156
154 183
154 229
155 156
155 194
155 233
155 237
155 242
156 157
156 168
156 199
156 223
157 158
157 161
157 212
158 159
158 162
158 170
158 172
158 189
158 205
159 160
159 177
159 213
160 161
160 166
160 193
161 162
161 163
161 164
161 180
161 225
161 245
162 163
162 166
162 238
162 246
163 164
163 169
163 171
163 194
163 202
163 223
163 232
164 165
164 195
164 220
164 229
164 232
164 248
165 166
166 167
166 176
166 180
166 214
166 238
166 243
167 168
167 206
167 216
168 169
168 215
168 245
169 170
169 229
170 171
170 186
170 197
170 203
170 213
170 241
171 172
171 181
171 203
171 204
171 244
172 173
172 187
172 193
172 203
172 217
172 240
172 249
173 174
173 209
173 232
174 175
174 184
174 220
174 230
174 235
174 236
174 247
174 248
175 176
175 182
175 208
175 228
176 177
176 222
177 178
177 216
177 219
177 221
177 244
178 179
178 207
178 209
178 212
178 246
179 180
179 205
180 181
180 245
181 182
181 219
181 232
181 241
182 183
182 185
182 202
182 217
183 184
183 202
184 185
184 247
185 186
185 189
185 218
185 235
186 187
186 200
187 188
187 193
187 204
187 230
188 189
188 204
189 190
189 193
189 218
189 241
190 191
190 210
190 226
191 192
191 206
191 244
192 193
192 196
193 194
193 200
193 234
194 195
194 245
195 196
195 197
195 202
195 229
195 237
196 197
196 205
196 227
197 198
197 213
197 225
197 228
197 235
198 199
198 244
199 200
199 248
200 201
200 236
201 202
201 208
201 220
202 203
202 206
202 217
202 224
202 225
203 204
203 232
203 246
204 205
204 219
205 206
205 217
205 220
205 224
205 237
205 238
205 242
206 207
206 214
206 231
207 208
207 215
207 249
208 209
208 224
208 229
209 210
209 240
210 211
210 224
211 212
211 238
212 213
212 222
212 223
212 235
213 214
213 218
213 219
213 238
214 215
215 216
216 217
216 219
216 231
216 244
217 218
218 219
218 234
218 239
218 246
219 220
219 236
219 246
219 249
220 221
220 242
221 222
222 223
222 241
223 224
224 225
225 226
225 238
226 227
227 228
227 230
228 229
228 239
229 230
229 244
230 231
230 240
230 244
230 245
231 232
231 236
232 233
233 234
234 235
234 248
235 236
235 245
236 237
236 247
237 238
237 244
237 248
238 239
238 248
239 240
239 249
240 241
240 245
241 242
241 249
242 243
242 246
242 248
243 244
244 245
245 246
246 247
247 248
248 249
