0 63.144321972308006
1 45.540312772636824
2 44.214514191981024
3 39.02113964769076
4 113.18096935312128
5 67.31489169776603
6 92.68198172601167
7 116.48152869418031
8 26.618923357702144
9 93.21206577222804
10 59.942373741051554
11 67.95331436313973
12 40.081633106122844
13 57.009546125057824
14 26.307599293511867
15 56.47610035510925
16 115.55454634008026
17 98.43778982947475
18 38.31937860720913
19 73.12281617878205
20 110.36805591284343
21 36.45706056562223
22 110.83022909590953
23 51.59304332227471
24 87.14024599149768
25 35.433882108093485
26 106.03311495565194
27 50.93920335604939
28 97.83777308270062
29 96.15356457938942
30 100.59998997487155
31 48.56735243414084
32 49.64838315738443
33 74.79686298533753
34 77.18721014351473
35 70.90821864509863
36 62.01866027625783
37 57.32517867148179
38 79.7883997374234
39 77.53298890243107
40 53.99584474376497
41 94.160223275042
42 53.7629901943873
43 105.99231678538685
44 58.92265341023706
45 30.61037237725735
46 50.84138233864926
47 79.28587332838043
48 49.56918246600701
49 52.187423855495574
50 117.00523516992862
51 75.62373911994936
52 70.94621565049331
53 100.77379967660539
54 96.86415637220915
55 61.01974167672081
56 20.329289779664453
57 107.54172781897336
58 81.99761388178406
59 89.26084347302417
60 84.43314234251591
61 31.592258512980163
62 102.70363641703503
63 80.9255554069722
64 42.21124900743787
65 89.47344877474603
66 112.69345724557992
67 103.37823241030634
68 68.41534278526679
69 110.05339772332948
70 44.4939702204002
71 87.0450515358967
72 27.834964657527177
73 51.66526487501912
74 119.66746736642236
75 29.78137387537278
76 33.047236636579086
77 74.00778611690802
78 82.43083507008475
79 60.7690619908698
80 49.54222314303833
81 65.97620678253354
82 87.85400452133952
83 58.13629382940567
84 71.24937777889403
85 92.4149811652353
86 116.54011857100586
87 40.371243907379956
88 56.77577776138361
89 37.72496095364264
90 106.53756328419674
91 80.60499092932966
92 112.07691735652699
93 92.32422023682611
94 90.20660196362937
95 24.967830113843284
96 28.816108829092006
97 49.15309124019066
98 98.8610881541627
99 31.477175968290723
100 39.32856128155065
101 51.7303368212253
102 51.2283017469117
103 84.29402879095778
104 28.89148092776898
105 62.70883881045888
106 73.11771534634045
107 79.68899728946286
108 53.91162274361474
109 102.44557757509702
110 105.1620333538504
111 24.687703155467084
112 50.67689723773232
113 40.79207731547268
114 43.091605261743666
115 37.11932434973012
116 83.47880937457126
117 112.12788463693848
118 20.725899581049806
119 86.67094599945554
120 73.19762134383718
121 63.60109596692267
122 89.71345155017474
123 70.55427225091364
124 67.85235826921186
125 39.60630935741399
126 72.02425634450957
127 74.52018515045063
128 65.15283743275265
129 51.72180458932837
130 61.296340968939845
131 30.210537179917175
132 73.75115180746327
133 82.64417330088594
134 27.360835366242426
135 43.21543393839673
136 104.67512150137705
137 25.099996804853014
138 34.617531324505215
139 32.70822632051883
140 117.33643567498665
141 62.280594236363825
142 119.40561287177403
143 93.15931900948577
144 105.54132206280272
145 55.03729000031338
146 84.11182244508892
147 61.3837484528923
148 98.09176979235218
149 112.89099967897077
150 56.48107484586696
151 48.05651372901198
152 65.85047454074353
153 90.85138941066461
154 31.44210907797542
155 71.83342272655281
156 72.55282088374786
157 72.10727028706503
158 59.73347463204389
159 116.34419088678496
160 80.18439626760964
161 67.84125399031058
162 72.7127720330958
163 115.57844260332742
164 21.402656452658245
165 89.73813195082492
166 35.95475055958789
167 61.564123692325886
168 81.26656318034298
169 28.197856855060987
170 105.59150317218395
171 119.74178167552846
172 88.44811536785936
173 99.83039044866128
174 20.820673306562515
175 32.067067399833064
176 102.13490097309491
177 111.5010844384737
178 103.60520938917976
179 85.62769549226574
180 94.9929245129202
181 25.011693817433283
182 52.310907818864955
183 25.44004235450275
184 74.84412383835593
185 96.4434857718543
186 109.8756098076423
187 94.09444111680494
188 58.12316575982157
189 107.25538725556694
190 59.076561729029194
191 88.04713813420432
192 106.71323492916761
193 100.42141379647794
194 47.560158674856126
195 30.610824589481773
196 66.4207157812247
197 84.20813452918156
198 73.5208790177604
199 75.07447075396695
200 100.13381496850394
201 68.63425894143397
202 69.26391786414834
203 67.8872211158802
204 91.62029648961324
205 55.22088783665866
206 104.3586933302268
207 21.469907391870095
208 106.9547362352522
209 109.33233252187776
210 92.68799283864922
211 68.9716818800737
212 39.72574893208624
213 106.22386147530744
214 28.420270632825925
215 99.168213700595
216 33.45891121654492
217 56.85408007452313
218 94.78017759469662
219 98.70173877502563
220 70.10116321361923
221 87.58612926352208
222 86.46514146634846
223 60.99219271468796
224 36.947703470118626
225 69.09321720288771
226 61.65340381166562
227 56.40256639848908
228 36.05248696332606
229 64.10046306412377
230 92.77160091003036
231 96.62050543552101
232 79.94864053383134
233 91.03641664011944
234 116.53766580345633
235 67.7221044108638
236 25.415236720899355
237 81.23402565676068
238 93.26742808364261
239 51.01275178975599
240 33.06202885886597
241 41.012193491154186
242 73.0309829708082
243 98.49375564492509
244 104.66393252258884
245 116.78558224371616
246 31.967532359373664
247 80.68244914417508
248 42.46212624997117
249 101.2915719134914
0 1
0 88
0 154
0 185
0 199
0 208
0 232
1 2
1 95
1 178
1 228
2 3
2 41
2 97
3 4
3 36
3 39
3 87
3 92
3 120
3 132
3 229
3 243
4 5
4 59
4 108
4 127
4 142
4 226
4 239
5 6
5 61
5 64
5 71
5 236
6 7
6 98
6 112
6 154
6 240
7 8
7 47
7 82
7 84
7 143
7 168
8 9
8 51
8 54
8 99
8 137
8 149
8 175
8 177
8 205
8 212
8 247
9 10
9 73
9 90
9 128
9 156
9 166
9 173
10 11
10 32
10 37
10 48
10 65
10 160
11 12
11 38
11 209
11 236
12 13
12 26
12 63
12 97
12 141
12 184
13 14
13 60
13 61
13 73
13 82
13 128
13 162
13 242
14 15
14 22
14 87
14 106
14 123
14 150
14 199
14 228
15 16
15 49
15 74
15 75
15 89
15 110
15 156
15 180
15 188
15 219
15 221
16 17
16 124
16 128
16 229
17 18
17 63
17 127
17 175
17 193
17 203
18 19
18 161
18 169
18 191
18 229
18 244
19 20
19 36
19 42
19 52
19 181
19 249
20 21
20 61
20 143
20 166
21 22
21 123
21 191
21 206
21 219
21 237
22 23
22 89
22 103
22 173
22 190
22 243
23 24
23 28
23 138
23 206
23 212
23 222
23 229
24 25
24 37
24 60
24 230
24 244
24 246
25 26
25 145
25 156
25 157
25 183
25 222
26 27
26 62
26 75
26 129
26 154
26 227
27 28
27 57
27 126
27 148
27 186
27 193
27 231
28 29
28 64
28 73
28 163
29 30
29 67
29 113
29 115
29 137
29 146
30 31
30 47
30 49
30 170
30 219
31 32
31 60
31 109
31 117
31 137
31 237
32 33
32 48
32 51
32 62
32 64
32 202
32 246
33 34
33 71
33 96
33 150
33 240
34 35
34 37
34 57
34 90
34 151
34 188
34 206
34 215
35 36
35 43
35 56
35 65
35 78
35 106
35 113
35 154
35 188
35 196
35 202
35 206
36 37
36 131
36 195
36 226
37 38
37 45
37 50
37 87
37 127
37 152
37 200
37 203
37 247
38 39
38 81
38 118
38 199
39 40
39 46
39 90
39 103
39 148
39 152
39 232
39 246
40 41
40 59
40 69
40 108
40 127
40 155
40 197
41 42
41 86
41 97
41 111
41 155
41 158
41 238
42 43
42 60
42 64
42 66
42 86
42 114
42 123
42 160
43 44
43 162
43 170
43 177
43 185
43 195
44 45
44 46
44 48
44 116
44 131
44 211
44 213
44 241
45 46
45 98
45 105
45 119
45 132
45 171
45 177
45 242
46 47
46 77
46 168
46 185
46 189
46 192
46 205
47 48
47 72
47 158
47 187
47 214
47 234
48 49
49 50
49 75
49 121
49 245
50 51
50 58
50 70
50 115
51 52
51 61
51 69
51 98
51 100
51 116
51 126
51 145
51 155
51 216
51 234
51 235
52 53
52 61
52 109
52 118
52 132
52 213
53 54
53 58
53 68
53 94
53 102
53 109
53 110
54 55
54 84
54 168
54 192
54 236
55 56
55 61
55 126
55 129
56 57
56 81
56 93
56 140
56 176
56 237
57 58
57 76
57 136
57 144
57 223
58 59
58 91
58 173
58 174
59 60
59 63
59 144
59 196
59 217
60 61
60 164
60 190
60 211
60 217
61 62
61 158
61 165
61 169
61 186
61 219
62 63
62 65
62 89
62 167
62 170
62 184
62 228
62 245
63 64
63 75
63 159
64 65
64 71
64 91
64 176
64 177
64 200
64 201
64 230
64 243
65 66
65 85
65 90
65 96
65 100
65 140
65 179
65 212
65 218
65 227
65 245
66 67
66 70
66 128
66 167
66 189
66 207
66 214
66 243
67 68
67 88
67 113
67 120
68 69
68 95
68 146
68 167
68 200
68 206
69 70
69 96
69 172
69 244
69 247
70 71
70 80
70 88
70 102
70 135
70 137
70 182
70 185
70 202
71 72
71 88
71 106
71 214
71 226
72 73
72 95
72 100
72 139
72 143
72 150
72 167
72 194
73 74
73 76
73 114
73 128
73 132
73 151
74 75
74 124
74 138
74 156
74 221
75 76
75 106
75 126
75 139
75 185
75 190
75 218
76 77
76 103
76 115
76 227
77 78
77 134
77 173
78 79
78 107
78 247
79 80
79 90
79 131
79 152
79 167
79 208
80 81
80 92
80 109
80 134
80 146
80 169
80 191
80 203
80 210
80 218
81 82
81 83
81 99
81 197
82 83
82 144
82 220
82 233
83 84
83 93
83 157
83 212
84 85
84 195
85 86
85 128
85 183
86 87
86 128
86 131
86 148
86 162
87 88
87 140
87 188
87 205
87 213
87 241
88 89
88 91
88 126
88 178
89 90
89 110
89 184
89 220
89 238
89 246
90 91
90 103
90 110
90 125
90 152
90 163
90 165
90 182
90 217
90 237
91 92
91 95
91 165
91 181
91 196
92 93
92 201
92 228
92 239
93 94
93 98
93 119
93 176
93 186
94 95
95 96
95 116
96 97
96 114
96 130
96 160
96 221
96 244
97 98
97 210
98 99
98 108
98 113
98 169
99 100
99 119
99 154
99 162
99 173
100 101
100 103
100 133
100 154
100 178
100 211
100 239
101 102
101 169
101 176
101 245
102 103
102 149
102 201
102 212
103 104
103 157
104 105
104 110
104 142
104 146
104 194
105 106
105 124
105 130
105 238
106 107
106 138
106 140
107 108
107 207
108 109
108 172
108 197
108 220
108 242
109 110
109 114
109 234
109 240
110 111
110 241
110 248
111 112
111 113
111 201
111 227
111 234
112 113
112 162
112 185
113 114
113 122
113 156
113 179
113 245
114 115
114 131
114 135
114 187
114 192
114 213
115 116
115 117
115 162
115 214
116 117
116 144
117 118
117 122
117 139
117 146
117 164
117 171
117 178
117 210
117 247
118 119
118 209
119 120
119 177
119 234
120 121
120 146
120 190
120 222
121 122
121 145
121 161
121 237
122 123
122 129
122 134
122 136
122 147
122 156
122 196
122 240
123 124
123 128
123 233
124 125
124 157
124 200
124 209
125 126
125 153
125 158
125 175
126 127
126 203
127 128
127 154
127 215
127 225
128 129
129 130
129 134
129 191
129 194
129 231
130 131
130 169
130 175
130 187
130 196
130 199
130 215
130 218
130 237
130 244
131 132
131 192
131 206
132 133
132 135
132 140
132 142
132 167
132 225
133 134
133 161
133 162
133 171
133 193
133 200
133 207
133 241
134 135
134 142
134 201
135 136
135 205
135 215
135 246
136 137
136 142
136 172
136 180
137 138
137 141
137 151
137 231
138 139
138 225
139 140
139 177
139 190
139 212
139 223
140 141
140 143
140 202
141 142
141 192
141 236
142 143
142 167
142 238
142 249
143 144
144 145
144 176
145 146
145 164
145 228
146 147
146 153
146 193
147 148
147 235
148 149
148 236
149 150
149 172
149 183
149 208
149 212
149 225
150 151
150 159
151 152
151 211
152 153
152 166
152 239
153 154
154 155
154 182
154 195
154 198
155 156
155 179
155 188
155 217
156 157
156 187
156 195
156 237
157 158
157 194
157 196
158 159
158 196
158 229
159 160
159 213
160 161
160 216
161 162
161 173
161 186
161 247
162 163
162 174
162 186
163 164
163 213
163 239
164 165
164 196
164 218
165 166
165 227
166 167
166 184
167 168
167 201
167 226
167 230
168 169
168 207
169 170
169 175
169 192
170 171
170 186
171 172
171 185
171 190
171 191
171 212
171 221
171 230
172 173
172 202
172 211
172 216
172 241
173 174
173 175
174 175
174 203
175 176
175 191
175 213
176 177
176 203
177 178
177 244
177 246
178 179
178 206
178 218
178 228
179 180
179 245
180 181
180 217
180 225
181 182
181 189
181 199
181 200
182 183
182 232
182 240
183 184
183 221
184 185
184 232
184 237
185 186
185 217
185 227
185 248
186 187
187 188
187 214
188 189
188 198
188 208
188 209
188 210
189 190
189 210
190 191
190 227
190 232
190 237
190 238
191 192
191 242
192 193
192 240
193 194
194 195
195 196
196 197
196 202
196 211
197 198
197 221
197 230
197 244
198 199
198 226
198 227
199 200
200 201
201 202
201 245
202 203
202 221
203 204
203 223
203 246
204 205
204 210
204 221
204 240
205 206
205 212
205 242
206 207
206 226
206 241
207 208
208 209
209 210
210 211
210 214
211 212
212 213
212 243
213 214
214 215
214 245
215 216
216 217
216 222
217 218
217 246
218 219
219 220
220 221
220 241
220 244
221 222
221 230
222 223
222 247
223 224
224 225
225 226
225 240
225 249
226 227
227 228
228 229
229 230
229 244
230 231
231 232
232 233
233 234
233 235
234 235
235 236
236 237
237 238
238 239
239 240
240 241
241 242
242 243
243 244
244 245
245 246
246 247
247 248
248 249
