0 50.34334113283398
1 53.53514849436039
2 67.30285707312981
3 56.165260357302714
4 92.6959890928943
5 117.88986190125654
6 55.92706333776916
7 84.5146618341713
8 50.556316154435734
9 98.17083685007447
10 109.20212572545614
11 110.81676135913257
12 83.1022421328594
13 48.28233085561689
14 27.06432028874438
15 21.23231317157616
16 83.02614006484906
17 65.28983197982885
18 84.70953197372822
19 80.28725645870946
20 96.20584765680992
21 31.422236352678663
22 37.15352854477179
23 102.77645252976203
24 113.90156300838368
0 1
0 13
0 22
1 2
1 13
1 15
2 3
2 7
2 19
3 4
4 5
4 11
4 14
4 23
4 24
5 6
6 7
6 8
6 16
6 17
7 8
7 16
8 9
8 20
9 10
10 11
10 15
10 24
11 12
11 16
12 13
13 14
13 19
13 20
14 15
14 17
15 16
15 24
16 17
16 24
17 18
17 22
17 24
18 19
19 20
19 23
20 21
21 22
22 23
23 24
