0 94.99743996629886
1 93.88953845038986
2 87.72586461227753
3 59.86442559515415
4 50.78133978598545
5 61.67090571669782
6 57.75308343547669
7 100.20691108320007
8 117.8749630168666
9 73.30623870185387
10 82.21044929547696
11 112.35465438858343
12 65.21872332110328
13 119.03766442036877
14 101.59139602238574
15 57.667936125710064
16 57.236520924699626
17 59.42270982800331
18 64.72128935901665
19 68.31734307842756
20 119.96463514448756
21 27.604539019912725
22 97.65623124042362
23 31.335809439324194
24 58.491459388565325
0 1
0 9
0 18
1 2
1 12
1 16
1 17
1 18
2 3
2 6
3 4
3 17
3 20
4 5
4 19
4 22
5 6
5 10
6 7
6 11
7 8
7 10
7 13
8 9
9 10
9 21
10 11
11 12
11 21
12 13
12 23
13 14
14 15
14 17
14 20
14 22
15 16
15 21
16 17
16 23
17 18
17 20
17 24
18 19
19 20
19 22
20 21
21 22
22 23
23 24
