0 97.18062961553828
1 48.00278264945656
2 53.25821289179739
3 59.237615682504234
4 77.54147510422558
5 77.60047692128987
6 108.831342676434
7 103.24562495752157
8 80.64199285305878
9 37.03581637577801
10 45.78730782231629
11 32.13361258447537
12 81.9240695989786
13 104.69751037573847
14 95.734943832083
15 79.01914734078964
16 46.96254885958162
17 45.12683453334168
18 79.63781491236585
19 48.589486222361785
20 101.67928543605541
21 98.23738274979647
22 97.23494465554545
23 92.0887367522911
24 91.91734674264868
0 1
1 2
1 7
1 8
1 12
1 14
1 20
2 3
2 17
2 20
3 4
4 5
4 19
5 6
5 16
6 7
6 14
6 15
6 18
7 8
7 23
8 9
8 10
8 21
9 10
9 20
10 11
10 17
11 12
11 14
12 13
13 14
14 15
14 19
14 20
15 16
16 17
16 21
16 23
17 18
17 19
17 24
18 19
19 20
20 21
20 23
21 22
22 23
22 24
23 24
