0 60.552391882296064
1 34.72398697966848
2 83.76703771841082
3 39.993710961098046
4 86.22448320493555
5 70.905612683382
6 69.86587925630508
7 113.32643574612625
8 108.68076044004432
9 70.88019356446266
10 20.213294042461875
11 110.97211011039413
12 112.16466768040547
13 101.3154489918573
14 53.5231881855232
15 22.26568103000322
16 56.647563336053096
17 28.715944666009975
18 74.5880391499455
19 30.257500989346546
20 58.939979332239446
21 49.700192081624024
22 81.53270387795617
23 111.88490578902518
24 68.67297923751701
0 1
0 2
0 3
0 4
0 5
0 6
0 8
0 9
0 10
0 11
0 13
0 14
0 16
0 17
0 18
0 23
0 24
1 2
1 3
1 4
1 5
1 6
1 7
1 8
1 11
1 13
1 15
1 16
1 17
1 18
1 19
1 21
1 22
1 23
2 3
2 4
2 6
2 7
2 8
2 9
2 12
2 15
2 16
2 17
2 19
2 21
2 22
2 23
3 4
3 5
3 6
3 7
3 15
3 16
3 17
3 18
3 19
3 20
4 5
4 6
4 7
4 8
4 10
4 12
4 14
4 19
4 21
5 6
5 7
5 8
5 11
5 13
5 14
5 16
5 18
5 19
5 20
5 21
5 22
5 23
6 7
6 8
6 10
6 11
6 12
6 14
6 16
6 17
6 18
6 19
6 20
6 23
7 8
7 9
7 10
7 13
7 15
7 16
7 18
7 19
7 20
7 21
7 23
7 24
8 9
8 10
8 11
8 12
8 13
8 14
8 15
8 19
8 21
8 22
8 23
9 10
9 11
9 12
9 13
9 14
9 16
9 18
9 19
9 20
9 23
9 24
10 11
10 12
10 13
10 15
10 17
10 21
10 22
11 12
11 13
11 14
11 16
11 17
11 18
11 20
11 21
11 22
11 23
11 24
12 13
12 14
12 15
12 16
12 17
12 18
12 21
12 23
12 24
13 14
13 15
13 17
13 18
13 19
13 20
13 21
13 22
13 23
14 15
14 17
14 18
14 20
14 21
14 22
15 16
15 17
15 18
15 19
15 20
15 24
16 17
16 18
16 21
16 22
17 18
17 22
17 23
17 24
18 19
18 21
18 22
18 23
18 24
19 20
19 21
19 22
19 24
20 21
20 22
20 23
20 24
21 22
21 24
22 23
22 24
23 24
