0 100.15255041046146
1 104.04419784622694
2 20.058448252513234
3 96.33122951160104
4 111.67339830121512
5 39.07111600630989
6 80.6041944017728
7 55.165663010485446
8 93.83849835928339
9 111.6306068025459
10 106.15206943922733
11 111.07846148029341
12 64.0293169361712
13 65.56025231915618
14 80.42260065477119
15 115.08517191840805
16 110.5291702665222
17 67.4716550479082
18 60.174853456923536
19 94.61576040936984
20 80.70851828245273
21 89.29696271010626
22 80.44079407523633
23 71.84382016257658
24 47.077474069454155
0 1
0 4
0 5
0 7
0 10
0 12
0 13
0 17
1 2
1 6
1 8
1 10
1 11
1 13
1 21
1 22
2 3
2 4
2 5
2 7
2 14
2 16
2 17
2 20
2 21
2 23
3 4
3 5
3 6
3 15
3 19
3 23
4 5
4 8
4 10
4 14
4 17
4 18
5 6
5 7
5 9
5 10
5 11
5 15
5 20
5 23
5 24
6 7
6 11
7 8
7 13
7 14
7 23
8 9
8 10
8 14
8 15
8 16
8 17
8 18
9 10
10 11
10 18
10 19
11 12
11 20
11 23
12 13
12 14
12 20
13 14
13 15
13 19
13 22
14 15
14 18
14 19
14 20
14 22
15 16
15 18
15 19
15 21
15 22
16 17
16 20
16 23
17 18
17 20
18 19
18 22
19 20
20 21
20 22
20 23
21 22
21 23
21 24
22 23
23 24
