0 87.33665148656029
1 63.060464410162226
2 116.77036457456458
3 72.61083370223479
4 68.16516298923716
5 95.93139271821734
6 61.28756402843693
7 27.595819918433513
8 88.4852840049526
9 66.969175091143
10 26.036707535481746
11 44.843422913581534
12 46.49947465796771
13 47.06666678379921
14 28.73502401841665
15 28.972243430873974
16 108.86530727333721
17 48.41068274202695
18 117.32560408810481
19 29.288377002560242
20 75.60489808751271
21 26.81885323078962
22 66.46644527195079
23 101.8562771013982
24 67.73244361297122
0 1
0 3
0 4
0 5
0 6
0 8
0 11
0 12
0 13
0 15
0 16
0 17
0 18
0 19
0 21
1 2
1 3
1 4
1 5
1 7
1 8
1 9
1 11
1 15
1 17
1 18
1 19
1 20
1 21
1 22
1 23
2 3
2 4
2 7
2 11
2 13
2 15
2 16
2 21
2 22
2 23
2 24
3 4
3 6
3 8
3 10
3 13
3 16
3 17
3 18
3 19
3 20
3 23
4 5
4 7
4 8
4 9
4 11
4 13
4 18
4 22
4 23
4 24
5 6
5 8
5 9
5 10
5 11
5 13
5 14
5 16
5 17
5 18
5 19
5 20
5 22
5 23
6 7
6 8
6 10
6 11
6 14
6 16
6 17
6 18
6 19
6 20
6 23
6 24
7 8
7 10
7 11
7 12
7 13
7 15
7 16
7 17
7 18
7 19
7 20
7 22
7 23
7 24
8 9
8 11
8 14
8 15
8 16
8 17
8 20
8 21
8 22
8 23
9 10
9 11
9 12
9 13
9 14
9 15
9 17
9 19
9 21
10 11
10 13
10 14
10 15
10 19
10 20
10 22
10 23
11 12
11 13
11 14
11 15
11 16
11 17
11 18
11 19
11 20
11 21
11 22
11 24
12 13
12 14
12 15
12 16
12 18
12 19
12 20
12 21
12 22
12 24
13 14
13 15
13 16
13 17
13 18
13 20
13 21
13 22
13 23
14 15
14 16
14 17
14 19
14 20
14 21
14 23
15 16
15 18
15 19
15 20
15 21
15 23
15 24
16 17
16 18
16 19
16 20
16 22
16 23
16 24
17 18
17 20
17 22
18 19
18 20
18 22
18 23
18 24
19 20
19 21
19 22
19 24
20 21
20 24
21 22
22 23
22 24
23 24
