0 82.32439364356864
1 86.55719549101477
2 91.91799053839424
3 81.02404086500957
4 74.37080820587693
5 58.22863177956041
6 77.96767947662639
7 69.33506438417893
8 28.5235710743072
9 42.111970480472095
10 73.35724891989338
11 52.637372665407064
12 67.55468376129369
13 58.459809891481626
14 75.48895166523025
15 99.71156839459083
16 49.119705573474384
17 77.18190975420252
18 39.01709130696453
19 50.370334844638364
20 36.6273292729619
21 53.99389746547973
22 30.8679388008653
23 112.32188821975852
24 59.1196607209632
0 1
0 17
0 20
1 2
1 3
1 11
1 13
2 3
2 19
2 21
2 22
3 4
3 15
3 23
4 5
4 6
5 6
5 17
5 19
6 7
6 13
7 8
7 14
8 9
8 10
8 13
8 19
9 10
9 21
10 11
10 13
10 18
11 12
12 13
13 14
14 15
14 21
15 16
15 19
16 17
17 18
18 19
18 24
19 20
19 21
20 21
20 22
21 22
22 23
23 24
