0 66.9530079915295
1 22.580988261174898
2 93.73170603457912
3 64.46548356397867
4 58.41224301111708
5 110.28770087301142
6 23.088568309148908
7 40.07438129006256
8 21.700668091892755
9 44.19402794607447
10 112.21058598855875
11 113.67210679967422
12 93.75418271247251
13 100.22838591977364
14 117.67454483674967
15 30.239589149347427
16 43.88966171007145
17 43.967753957208586
18 114.7444791606039
19 89.97356653198503
20 31.19305372342632
21 38.65836110180288
22 91.26073521807605
23 31.41489052894522
24 60.2214791022774
0 1
0 3
0 4
0 6
0 11
0 12
0 20
0 22
0 24
1 2
1 3
1 4
1 7
1 8
1 11
1 12
1 15
1 20
1 22
1 24
2 3
2 6
2 9
2 11
2 13
2 17
2 19
2 20
3 4
3 9
3 12
3 14
3 16
3 18
3 21
4 5
4 12
4 13
4 14
4 15
4 18
4 23
5 6
5 11
5 14
5 15
5 18
5 23
6 7
6 11
6 16
6 23
6 24
7 8
7 10
7 18
7 21
8 9
8 17
8 23
9 10
9 11
9 12
9 13
9 16
9 18
9 21
9 23
10 11
10 12
10 13
10 15
10 20
11 12
11 15
11 16
11 19
12 13
12 18
12 23
13 14
13 21
14 15
14 20
14 23
14 24
15 16
15 19
15 20
16 17
16 22
17 18
18 19
19 20
19 21
19 23
20 21
21 22
22 23
23 24
