0 38.49064014381424
1 45.20574043010572
2 88.66291670819263
3 99.63063475194765
4 75.96616770995874
5 40.700721212097896
6 62.312822170654606
7 27.986366779521404
8 26.208094523057817
9 42.50471742721463
10 23.72443290933594
11 76.44144076352177
12 38.183669761492304
13 63.20146662273762
14 115.94847788982776
15 73.1667665121198
16 70.85394989522253
17 69.76567892270134
18 28.31453278218809
19 84.71040577936424
20 111.96256948569201
21 74.384663874177
22 104.81637895000195
23 81.77230139469175
24 36.504315647908726
0 1
0 9
0 17
0 22
1 2
2 3
2 4
2 5
2 16
2 18
3 4
3 10
3 15
4 5
4 10
4 14
4 23
5 6
6 7
6 19
6 24
7 8
7 14
7 17
7 23
8 9
8 10
8 11
8 16
9 10
9 11
10 11
10 23
11 12
11 17
12 13
12 15
13 14
14 15
15 16
15 18
16 17
17 18
18 19
19 20
20 21
21 22
22 23
22 24
23 24
