0 66.77002113868576
1 99.38318454511158
2 90.69849008336718
3 115.86838844936281
4 95.37218588581185
5 51.474683622718956
6 44.557277349524355
7 51.656068456176115
8 30.407089742026685
9 52.44615200462242
10 58.129481369534346
11 105.53208554178526
12 52.961213852686065
13 85.86922162572365
14 47.62140392680513
15 60.37395902020459
16 102.39533700748117
17 50.968799311014905
18 83.33107952994308
19 52.555177298762196
20 82.28053788948071
21 100.82830729556068
22 75.31303385892338
23 87.25960585073291
24 42.06443804832714
0 1
0 2
0 3
0 4
0 6
0 7
0 8
0 9
0 10
0 11
0 13
0 14
0 15
0 17
0 18
0 19
0 20
0 22
0 23
0 24
1 2
1 3
1 5
1 8
1 9
1 11
1 12
1 19
1 20
1 21
1 23
1 24
2 3
2 4
2 5
2 6
2 7
2 9
2 10
2 14
2 18
2 20
2 22
2 23
2 24
3 4
3 5
3 7
3 8
3 9
3 10
3 11
3 13
3 15
3 17
3 19
3 21
3 22
3 23
4 5
4 6
4 7
4 8
4 9
4 10
4 11
4 13
4 14
4 16
4 17
4 18
4 20
4 21
4 24
5 6
5 7
5 8
5 9
5 10
5 12
5 13
5 14
5 15
5 16
5 17
5 18
5 19
5 20
5 21
5 22
6 7
6 9
6 13
6 16
6 17
6 18
6 19
6 20
6 21
6 22
6 24
7 8
7 10
7 11
7 12
7 13
7 16
7 18
7 20
7 24
8 9
8 10
8 13
8 15
8 16
8 17
8 18
8 21
8 23
8 24
9 10
9 13
9 15
9 16
9 17
9 19
9 20
9 22
9 23
9 24
10 11
10 12
10 15
10 16
10 17
10 21
10 22
10 23
10 24
11 12
11 13
11 15
11 16
11 18
11 19
11 20
11 21
11 22
12 13
12 14
12 15
12 17
12 19
12 22
13 14
13 15
13 16
13 18
13 19
13 20
13 23
14 15
14 16
14 18
14 20
14 22
14 23
14 24
15 16
15 17
15 20
15 21
15 22
15 23
16 17
16 19
16 20
16 23
17 18
17 20
17 21
17 23
18 19
18 20
18 21
18 23
19 20
19 21
19 22
19 24
20 21
20 22
20 23
20 24
21 22
21 23
21 24
22 23
22 24
23 24
