0 77.38381218348192
1 114.79542830029743
2 100.8221277853448
3 50.646044269325586
4 108.60265187821817
5 34.999483714175376
6 78.60983137718995
7 117.61604835349951
8 84.94629608094368
9 24.144981438386687
10 104.77751569427339
11 33.67869298674979
12 35.285227929250034
13 30.49163578629255
14 22.108425076026244
15 54.58887387710901
16 75.00116945260993
17 119.39095065349986
18 111.0760411429563
19 29.585375734149796
20 101.49751628672314
21 27.3537058909541
22 48.469481383297776
23 56.8717592942016
24 119.51715047660025
0 1
0 5
0 8
0 14
0 23
1 2
1 5
1 9
1 12
1 18
1 22
1 23
1 24
2 3
2 4
2 13
2 19
3 4
3 7
3 8
3 10
3 14
3 17
3 22
4 5
4 9
4 12
4 13
4 19
4 20
5 6
5 8
5 9
5 10
5 13
5 18
5 19
5 21
6 7
6 9
6 14
6 23
7 8
7 9
7 11
7 12
7 13
7 15
7 18
7 20
8 9
8 10
8 17
8 24
9 10
9 11
9 13
9 14
9 15
9 16
9 17
9 18
9 22
10 11
10 13
10 16
10 21
10 23
11 12
11 14
11 15
11 17
11 22
12 13
12 15
12 19
12 24
13 14
13 19
13 23
13 24
14 15
14 22
14 23
15 16
15 18
15 23
15 24
16 17
16 23
17 18
18 19
18 20
19 20
20 21
20 24
21 22
21 24
22 23
23 24
