0 111.51626754457281
1 24.412374403408137
2 64.3012062633111
3 84.34997523587874
4 73.95182353495485
5 96.13251796236507
6 80.45184773925293
7 89.48781826014935
8 82.05822188594303
9 107.90949819684491
10 101.10722056537361
11 23.199512589831276
12 67.00885802527736
13 66.11037980128296
14 89.329558811098
15 101.67506911452638
16 57.81621656273325
17 112.60592490289359
18 30.81826819164077
19 22.87918287764859
20 52.666495367081325
21 100.3022770602787
22 44.57755766555785
23 64.5538021971595
24 114.5447965485265
0 1
0 2
0 3
0 12
0 14
0 15
0 18
0 19
0 20
0 21
0 23
1 2
1 4
1 5
1 7
1 9
1 10
1 17
1 22
1 23
1 24
2 3
2 4
2 5
2 6
2 7
2 8
2 10
2 11
2 12
2 15
2 16
2 20
2 21
2 22
2 24
3 4
3 5
3 6
3 9
3 11
3 12
3 13
3 15
3 16
3 18
3 20
4 5
4 8
4 10
4 12
4 15
4 19
4 21
4 22
5 6
5 7
5 10
5 12
5 15
5 17
5 18
5 20
5 21
5 24
6 7
6 9
6 13
6 17
6 18
7 8
7 9
7 11
7 12
7 13
7 16
7 19
7 22
7 23
7 24
8 9
8 10
8 11
8 12
8 13
8 17
8 19
8 20
8 22
8 24
9 10
9 11
9 13
9 14
9 15
9 18
9 19
9 21
10 11
10 20
10 21
10 23
10 24
11 12
11 15
11 16
11 20
11 21
12 13
12 14
12 15
12 16
12 17
12 19
13 14
13 15
13 17
13 18
13 19
13 20
13 24
14 15
14 18
14 23
15 16
15 18
15 19
15 20
15 21
15 22
16 17
16 19
16 20
16 22
17 18
17 19
17 21
17 23
18 19
18 20
18 21
18 24
19 20
19 21
20 21
20 24
21 22
21 24
22 23
23 24
