0 74.15608255950401
1 112.57764052751257
2 77.69000215502155
3 118.99410492528963
4 82.09157490234367
5 48.68369059025824
6 73.04949564492003
7 102.03008576756854
8 101.97649511025476
9 37.62645197925124
10 75.5084211224123
11 111.33388993068583
12 68.78592514810448
13 30.408675278470962
14 106.38575192389982
15 78.10486819714117
16 119.47529354396752
17 107.78718934530507
18 57.21349474035425
19 87.79770323144622
20 116.42907025108212
21 89.8314672598226
22 32.05294145115542
23 71.67603275432509
24 106.60675510766784
0 1
0 9
0 11
0 15
0 17
0 23
1 2
1 4
1 6
1 7
1 8
1 10
1 11
1 15
1 18
1 24
2 3
2 9
2 11
2 12
2 16
2 18
2 19
2 20
2 22
3 4
3 6
3 8
3 15
3 19
3 24
4 5
4 7
4 9
4 11
4 16
4 18
5 6
5 7
5 13
5 16
5 18
5 20
5 22
5 23
6 7
6 8
6 9
6 10
6 12
6 13
6 19
6 21
6 23
7 8
7 10
7 16
7 17
7 22
8 9
8 12
8 14
8 19
8 20
8 24
9 10
9 15
9 20
9 21
9 22
10 11
10 12
10 14
10 23
10 24
11 12
11 15
11 19
11 23
12 13
12 16
12 18
13 14
13 15
13 20
13 24
14 15
15 16
15 18
15 20
16 17
17 18
17 19
18 19
18 20
19 20
20 21
21 22
22 23
23 24
