0 33.47433941843352
1 66.25574138559963
2 22.729875608634114
3 97.7801319488814
4 102.68355288831286
5 51.56308823791097
6 112.23448529415192
7 111.55303766757419
8 43.85239055075156
9 108.64607160650145
10 34.35908960903064
11 44.593139929226616
12 54.78570577528621
13 62.02367857812971
14 84.84598641025161
15 75.78857573412614
16 37.82774266107185
17 78.02121140761554
18 28.554233431419313
19 83.89029736202173
20 119.35273952111409
21 75.97625130235389
22 82.09917542624993
23 50.610310950644525
24 25.35760527446695
0 1
0 2
0 3
0 6
0 8
0 10
0 12
0 13
0 15
0 16
0 20
0 21
0 23
0 24
1 2
1 3
1 4
1 6
1 10
1 12
1 13
1 15
1 16
1 17
1 18
1 20
1 21
1 24
2 3
2 5
2 6
2 7
2 8
2 10
2 16
2 19
2 20
2 21
2 24
3 4
3 7
3 8
3 10
3 11
3 12
3 13
3 14
3 15
3 16
3 18
3 20
3 21
3 23
3 24
4 5
4 6
4 7
4 9
4 11
4 12
4 13
4 14
4 16
4 17
4 18
4 21
4 22
4 23
4 24
5 6
5 8
5 11
5 12
5 13
5 14
5 15
5 19
5 23
6 7
6 10
6 11
6 12
6 13
6 15
6 16
6 17
6 20
6 22
6 23
7 8
7 10
7 12
7 13
7 14
7 16
7 18
7 19
7 20
7 22
7 24
8 9
8 11
8 12
8 14
8 17
8 21
8 23
8 24
9 10
9 11
9 12
9 13
9 14
9 15
9 16
9 18
9 19
9 20
9 23
10 11
10 12
10 13
10 14
10 15
10 16
10 17
10 18
10 19
10 20
10 21
10 22
11 12
11 15
11 16
11 17
11 18
11 19
11 20
11 21
11 22
11 23
11 24
12 13
12 14
12 15
12 16
12 17
12 18
12 19
12 20
12 21
12 22
12 23
13 14
13 15
13 17
13 20
13 21
13 22
13 23
13 24
14 15
14 16
14 18
14 19
14 20
14 22
14 23
14 24
15 16
15 17
15 18
15 19
15 20
15 22
15 23
16 17
16 18
16 19
16 21
16 23
17 18
17 19
18 19
18 20
18 21
18 22
18 23
18 24
19 20
19 21
19 24
20 21
20 22
20 23
21 22
21 23
22 23
22 24
23 24
