0 94.42712381483749
1 45.71395751098291
2 44.030820947212774
3 107.27063946084752
4 87.292947329453
5 92.9776041716681
6 99.64712848038813
7 98.51704714001939
8 106.94131834895826
9 111.3050696976445
10 40.97546300595342
11 109.55199669572413
12 112.40326343953177
13 46.08275928377706
14 53.56731764100664
15 63.895160705425965
16 77.18433717644281
17 61.65312268828728
18 96.10796871093832
19 90.28538172145227
20 73.51810400803052
21 45.591604351777406
22 117.22805020302773
23 94.31377089914974
24 93.3369395032942
0 1
0 10
0 12
0 14
0 17
0 20
0 21
1 2
1 9
1 10
1 11
1 13
1 17
2 3
2 6
2 8
2 11
2 16
2 17
2 20
3 4
3 5
3 9
3 13
3 15
3 17
3 21
3 22
4 5
4 6
4 7
4 11
4 14
4 18
4 24
5 6
5 7
5 10
5 15
5 18
5 21
6 7
6 12
6 13
6 14
6 16
6 17
6 21
7 8
7 10
8 9
8 13
8 21
8 23
9 10
9 11
9 12
9 15
9 18
9 22
9 23
10 11
10 15
10 17
10 18
10 19
11 12
11 14
11 15
11 20
11 22
12 13
12 15
12 18
12 23
13 14
13 16
13 22
13 24
14 15
14 16
14 17
14 22
15 16
15 22
16 17
16 20
16 24
17 18
17 21
17 22
17 23
18 19
19 20
19 23
20 21
20 24
21 22
22 23
23 24
