0 84.94912006751224
1 96.02919360542295
2 54.91099198678081
3 47.338275325747986
4 71.09479682812375
5 26.75137278215305
6 34.38233401225043
7 23.673321752258918
8 110.94800630270387
9 82.42357378559007
10 22.2616625792656
11 27.590427282169507
12 30.327780740049832
13 28.602821965134556
14 47.12085708528371
15 31.574172126596203
16 83.331437790884
17 88.36512625619397
18 94.9732583661629
19 69.88655275720558
20 89.56092036254012
21 69.26793551554016
22 32.95330823573407
23 63.559931796252414
24 109.13686947750382
0 1
0 7
0 12
0 17
0 18
1 2
1 6
1 11
1 20
1 21
2 3
2 21
3 4
3 16
4 5
4 11
5 6
5 16
5 18
6 7
6 16
7 8
8 9
8 22
9 10
10 11
10 20
11 12
12 13
12 21
12 24
13 14
14 15
14 20
15 16
15 24
16 17
16 21
16 22
16 24
17 18
18 19
18 21
19 20
19 21
20 21
21 22
22 23
22 24
23 24
