0 105.13204850514408
1 50.70042712659876
2 113.85131011962184
3 95.73792665860248
4 58.0430367996102
5 84.72543378433537
6 37.766262562772994
7 118.24561825010424
8 71.88654771986893
9 92.08653335345616
10 56.23878190733429
11 104.8253205323656
12 63.85455917305893
13 76.8736160802781
14 74.99638516546075
15 64.09988158376878
16 89.0602030241427
17 59.88949405059126
18 107.48695403290519
19 95.67508152791692
20 74.26081345782497
21 119.32117045484597
22 82.52646152764552
23 40.09513445381893
24 68.05293259696569
0 1
0 11
0 19
0 23
1 2
1 12
1 23
2 3
3 4
3 17
4 5
4 7
4 10
5 6
5 9
5 14
5 24
6 7
6 8
6 10
6 11
6 23
7 8
7 9
7 12
7 13
7 21
8 9
9 10
9 19
10 11
10 16
11 12
11 15
11 16
12 13
12 18
13 14
13 21
14 15
15 16
16 17
17 18
17 19
18 19
19 20
20 21
21 22
22 23
23 24
