0 97.87901120993432
1 100.36971705552074
2 103.15237086191897
3 119.08413738422593
4 62.757525228318386
5 41.88699218248207
6 96.94339648940381
7 115.97542647499682
8 38.86597472538139
9 77.79366568493101
10 61.63951336262726
11 81.03438900621975
12 37.01902649344254
13 56.34586148095765
14 99.18759152979312
15 59.81606874340674
16 58.73808360010727
17 23.89743641787933
18 30.094119142407763
19 108.27996057638293
20 80.87610249112922
21 68.78987718155992
22 28.713820761714906
23 55.72024475988263
24 33.4286938106431
0 1
0 6
0 10
0 12
0 13
0 14
0 16
0 19
1 2
1 14
1 19
1 20
2 3
2 5
2 6
2 9
2 10
2 12
2 13
2 19
2 20
2 22
3 4
3 7
3 13
3 14
3 16
3 24
4 5
4 6
4 7
4 16
4 22
5 6
5 11
5 15
5 18
5 20
5 22
6 7
6 12
6 13
6 15
6 17
6 19
6 21
6 23
7 8
7 9
7 12
7 15
7 17
7 18
7 21
8 9
8 10
8 13
8 23
9 10
9 11
9 14
9 16
9 17
9 19
9 23
10 11
10 12
10 16
10 22
10 24
11 12
11 17
11 18
12 13
13 14
13 16
13 17
13 19
13 20
13 23
13 24
14 15
15 16
15 21
15 22
15 23
16 17
16 19
17 18
17 21
18 19
18 21
18 22
19 20
19 23
20 21
21 22
22 23
22 24
23 24
