0 69.13318509609641
1 97.09247783002029
2 67.22336426993408
3 118.78995762094513
4 100.27579122105513
5 65.2229752841696
6 119.88903922578885
7 26.95520675497645
8 57.06363132736939
9 118.84647228328716
10 36.57839236175454
11 48.32032844768495
12 113.86422063283707
13 73.59130583179446
14 63.64793068002231
15 113.53199342775153
16 48.2201596859008
17 90.06229604156586
18 66.6222797980019
19 104.03017255595088
20 118.03918408153176
21 104.12293498667857
22 100.98170326309065
23 119.5606834837948
24 51.26069191885463
0 1
0 2
0 3
0 7
0 8
0 11
0 15
0 17
0 19
0 21
0 22
0 23
1 2
1 4
1 10
1 14
1 16
1 19
1 21
2 3
2 4
2 11
2 12
2 16
2 18
2 19
2 21
2 24
3 4
3 5
3 6
3 10
3 14
3 21
3 23
4 5
4 13
4 20
5 6
5 8
5 17
5 20
5 24
6 7
6 8
6 15
6 19
6 24
7 8
7 10
7 12
7 15
7 18
7 22
7 24
8 9
8 20
8 23
9 10
9 20
9 23
10 11
10 16
10 17
10 18
10 24
11 12
11 18
11 23
11 24
12 13
12 15
12 16
12 20
12 21
13 14
13 15
13 16
13 17
13 22
14 15
14 20
14 24
15 16
15 18
15 20
15 22
16 17
16 20
17 18
17 24
18 19
18 21
18 24
19 20
20 21
20 24
21 22
22 23
23 24
