0 44.40437043843309
1 60.33731770006277
2 47.206446554209165
3 69.71351486516558
4 38.30715742362722
5 25.030494350567036
6 43.55741660023747
7 29.733573582712616
8 95.02254346858348
9 74.75755176370672
10 69.62984527475874
11 67.74833166751057
12 71.61724251354168
13 76.41777516228242
14 39.44224716746494
15 93.11419742849324
16 101.72272691845363
17 53.50302159740261
18 96.15813930867354
19 32.523530623418196
20 38.60105564857207
21 75.30338349999639
22 113.95548736007737
23 30.820383398055725
24 97.87435841769403
0 1
0 3
0 6
0 9
0 11
0 12
0 14
0 16
0 17
0 18
0 20
0 23
1 2
1 4
1 5
1 9
1 10
1 13
1 15
1 18
1 19
1 20
1 21
2 3
2 4
2 7
2 8
2 9
2 10
2 11
2 12
2 13
2 14
2 16
2 18
2 20
2 21
2 22
2 24
3 4
3 5
3 6
3 14
3 16
3 18
3 19
3 23
3 24
4 5
4 6
4 14
4 20
4 21
5 6
5 9
5 11
5 14
5 15
5 17
5 24
6 7
6 8
6 12
6 13
6 14
6 20
6 22
6 23
6 24
7 8
7 11
7 13
7 16
7 18
7 20
7 22
8 9
8 10
8 11
8 12
8 13
8 14
8 17
8 19
8 21
8 23
9 10
9 12
9 14
9 15
9 16
9 17
9 18
9 19
9 22
9 23
10 11
10 13
10 14
10 20
10 21
10 24
11 12
11 14
11 15
11 18
11 19
11 20
11 21
11 22
11 23
11 24
12 13
12 14
12 19
12 20
12 21
12 23
13 14
13 21
13 22
13 23
14 15
14 19
14 22
14 23
15 16
15 20
15 22
15 23
15 24
16 17
16 19
16 23
16 24
17 18
17 24
18 19
18 21
18 22
19 20
19 21
19 23
19 24
20 21
21 22
21 23
21 24
22 23
23 24
