0 105.83696617527592
1 82.86348235938314
2 111.3483269337695
3 93.20697969531675
4 61.09812412420011
5 21.786929059731346
6 94.89350045650346
7 27.935346869926608
8 59.21752431961428
9 28.18284996490145
10 43.5425052388473
11 65.57463475621698
12 112.70527260630465
13 43.512298903769846
14 35.00037480027912
15 57.196656210464006
16 101.30789049082962
17 91.73037770447024
18 27.020741577493606
19 90.2200448458524
20 86.8069742049781
21 86.48653720982969
22 64.93335099906928
23 118.00438062691019
24 100.14767353792071
0 1
0 2
0 3
0 4
0 5
0 6
0 7
0 8
0 11
0 13
0 14
0 15
0 17
0 18
0 19
0 23
0 24
1 2
1 4
1 7
1 8
1 9
1 10
1 11
1 13
1 14
1 15
1 16
1 17
1 19
1 21
1 22
1 23
1 24
2 3
2 5
2 6
2 8
2 12
2 15
2 20
2 21
2 22
2 24
3 4
3 5
3 6
3 7
3 8
3 10
3 12
3 13
3 14
3 16
3 19
3 20
3 21
3 22
3 23
3 24
4 5
4 7
4 8
4 9
4 11
4 12
4 13
4 18
4 20
4 21
4 22
4 23
4 24
5 6
5 8
5 10
5 12
5 16
5 18
5 20
5 23
5 24
6 7
6 8
6 10
6 11
6 13
6 14
6 15
6 16
6 17
6 18
6 20
6 22
6 23
7 8
7 9
7 12
7 13
7 14
7 15
7 16
7 18
7 19
7 20
7 21
7 24
8 9
8 10
8 11
8 13
8 14
8 16
8 17
8 18
8 22
9 10
9 12
9 13
9 14
9 16
9 17
9 19
9 20
9 21
9 22
9 23
9 24
10 11
10 12
10 13
10 14
10 17
10 18
10 19
10 20
10 23
10 24
11 12
11 13
11 15
11 16
11 17
11 18
11 19
11 20
11 21
11 22
11 23
11 24
12 13
12 15
12 16
12 17
12 19
12 21
12 23
12 24
13 14
13 18
13 19
13 22
13 23
14 15
14 16
14 17
14 18
14 20
14 21
14 23
14 24
15 16
15 18
15 19
15 20
15 22
15 24
16 17
16 19
16 20
16 22
16 24
17 18
17 19
17 23
17 24
18 19
18 20
18 21
18 23
19 20
19 23
20 21
20 22
20 24
21 22
21 24
22 23
22 24
23 24
