0 119.9504399683904
1 89.44964072791973
2 92.21416835884528
3 28.18286862679379
4 28.127698520964575
5 50.95044483837756
6 60.60204890350997
7 100.98259825785684
8 48.74879804493725
9 114.40024496914052
10 80.68342726118814
11 76.08272334041703
12 81.93460160709714
13 24.73405869731365
14 22.352249371262026
15 116.62335339725571
16 23.83150436654296
17 72.99332539514185
18 28.15851072847415
19 111.5679851133961
20 23.31029398455207
21 67.57416352442574
22 108.63975163799101
23 102.91417175933243
24 117.14565658072306
0 1
0 8
0 15
0 19
0 23
1 2
1 6
1 8
1 14
1 18
1 20
2 3
2 10
2 12
2 13
2 17
2 18
2 19
2 20
2 22
3 4
3 5
3 7
3 11
3 20
4 5
4 6
4 7
4 9
4 15
4 18
4 19
5 6
5 16
5 19
5 24
6 7
6 9
6 12
6 14
6 19
6 21
7 8
7 11
7 12
7 13
7 14
7 15
7 21
8 9
8 14
8 15
8 19
8 20
8 22
9 10
9 11
9 12
9 16
9 17
9 18
9 19
9 20
10 11
10 13
10 14
10 18
10 19
10 20
11 12
11 19
11 20
11 23
12 13
12 14
12 19
12 22
13 14
13 15
13 16
13 19
13 23
14 15
15 16
15 19
16 17
16 19
17 18
17 22
17 24
18 19
18 21
18 24
19 20
19 22
20 21
21 22
21 23
22 23
23 24
