0 109.95355448912747
1 104.56822719132235
2 27.168970661704186
3 37.108313343256874
4 20.880099550203372
5 65.05231519402105
6 46.67184292049566
7 109.14365602349352
8 96.77255128473584
9 75.13766528343973
10 36.18486136933075
11 91.48297486897185
12 71.07596680165503
13 52.82238165277762
14 35.4177197063864
15 83.61564841236489
16 61.95455396721458
17 69.80525074530897
18 97.00109676454854
19 80.98869528310553
20 74.64777957510337
21 49.250409003565146
22 98.06064521591212
23 38.42738445831841
24 86.14240241300722
0 1
0 8
0 10
0 11
0 14
0 23
1 2
1 8
1 11
1 13
1 16
1 17
1 23
2 3
2 4
2 6
2 10
2 19
2 20
3 4
3 8
3 10
3 12
3 14
3 16
3 18
3 19
3 24
4 5
4 8
4 11
4 12
4 13
4 14
4 15
4 19
4 21
5 6
5 13
5 15
5 16
5 23
6 7
6 12
7 8
7 9
7 11
7 12
7 18
7 20
7 23
8 9
8 10
8 11
9 10
9 11
9 14
9 16
9 18
9 21
10 11
10 14
10 15
10 17
10 20
11 12
11 15
11 18
11 21
12 13
12 19
13 14
13 16
13 18
13 22
14 15
14 17
14 18
15 16
15 20
15 23
16 17
16 21
16 24
17 18
17 20
17 21
17 24
18 19
18 20
18 22
18 24
19 20
19 21
19 24
20 21
20 24
21 22
22 23
23 24
