0 63.47447507337529
1 44.90627177967025
2 22.604503945412862
3 75.4914499638045
4 27.20398108301652
5 89.37489288031666
6 72.7194160997411
7 58.85784174625883
8 99.63505351285654
9 76.73174286463687
10 119.21104610014639
11 58.531962616481536
12 65.56029344081973
13 46.60599213700095
14 67.67391094232445
15 36.71129318882974
16 97.3104472754256
17 90.86673281677224
18 67.12744927348103
19 105.45238740305767
20 100.02863288928795
21 78.21404689542247
22 63.96071764491449
23 58.07273694619704
24 116.41887458840714
0 1
0 2
0 7
0 8
0 9
0 10
0 11
0 12
0 13
0 16
0 19
0 20
0 22
0 24
1 2
1 8
1 9
1 10
1 12
1 13
1 16
1 17
1 22
1 23
2 3
2 4
2 8
2 9
2 10
2 11
2 15
2 16
2 18
2 21
2 24
3 4
3 6
3 11
3 13
3 14
3 15
4 5
4 6
4 10
4 11
4 12
4 14
4 19
4 23
5 6
5 12
5 13
5 21
5 22
6 7
6 8
6 10
6 11
6 13
6 15
6 16
6 17
6 21
7 8
7 9
7 10
7 11
7 15
7 16
7 18
7 19
7 21
7 22
8 9
8 10
8 11
8 16
8 17
8 18
8 19
8 21
8 23
9 10
9 11
9 13
9 14
9 18
9 19
9 20
9 21
9 22
9 23
10 11
10 12
10 15
10 16
10 17
10 18
10 20
10 21
10 24
11 12
11 13
11 14
11 15
11 19
12 13
12 15
12 16
12 23
12 24
13 14
13 18
13 21
13 22
14 15
14 16
14 17
14 19
14 20
14 21
14 23
14 24
15 16
15 17
15 18
15 20
15 23
15 24
16 17
16 18
16 21
16 23
16 24
17 18
17 20
17 24
18 19
18 20
18 23
18 24
19 20
19 22
19 23
20 21
20 22
21 22
22 23
22 24
23 24
