0 40.982919149141
1 102.05042824838934
2 39.28376910845135
3 60.304361513560195
4 25.715216395039047
5 107.28328273872752
6 101.85055729488904
7 48.85977011504407
8 35.575470071963636
9 43.11416671343112
10 43.252166931119774
11 34.02664333067314
12 31.21106184310873
13 102.3544316331732
14 20.113894761575896
15 28.331378191640027
16 110.1442870592544
17 68.81376046648036
18 29.888049255390243
19 27.018567377742517
20 78.51402357703525
21 77.56199324935712
22 27.366862286154348
23 83.67311200658389
24 102.80861870552047
0 1
0 6
0 7
0 8
0 9
0 12
0 15
0 16
0 17
0 20
1 2
1 4
1 5
1 7
1 8
1 9
1 10
1 12
1 14
1 20
1 21
1 24
2 3
2 4
2 5
2 6
2 7
2 8
2 13
2 17
2 20
2 21
2 23
2 24
3 4
3 5
3 7
3 8
3 9
3 10
3 14
3 22
3 23
4 5
4 6
4 7
4 11
4 14
4 19
4 21
4 24
5 6
5 7
5 8
5 9
5 10
5 11
5 12
5 15
5 16
5 20
5 24
6 7
6 8
6 10
6 12
6 17
6 18
6 21
6 24
7 8
7 9
7 11
7 14
7 16
7 17
7 18
7 22
7 23
8 9
8 10
8 14
8 15
8 16
8 18
8 19
8 24
9 10
9 11
9 12
9 13
9 17
9 18
9 19
9 20
9 24
10 11
10 13
10 14
10 15
10 16
10 19
10 20
10 23
10 24
11 12
11 14
11 16
11 17
11 18
11 19
11 21
11 24
12 13
12 15
12 16
12 17
12 20
12 22
12 23
13 14
13 15
13 16
13 19
13 21
13 24
14 15
14 16
14 17
14 18
14 20
14 23
15 16
15 20
16 17
16 19
16 23
17 18
17 19
18 19
18 21
18 22
19 20
19 23
20 21
21 22
21 23
21 24
22 23
23 24
