0 100.78028467432961
1 88.46546081188472
2 68.9960675351014
3 43.32598329394796
4 42.46174745167731
5 98.40038783610545
6 107.7466770715016
7 112.80526518932092
8 32.56883334722746
9 83.2399162721968
10 118.96103206640639
11 71.60031439273209
12 57.5888610815082
13 86.29708356119518
14 62.60630899967004
15 30.892906351536933
16 22.20019915283416
17 47.80485176959875
18 56.47824428111945
19 67.11723277302816
20 104.35163058289882
21 110.18119144140894
22 76.36797809413709
23 85.36062463001454
24 86.94323517866613
0 1
0 6
0 10
0 12
0 15
0 17
0 20
0 21
0 23
0 24
1 2
1 4
1 5
1 7
1 8
1 10
1 13
1 15
1 19
1 21
1 22
1 23
1 24
2 3
2 4
2 5
2 10
2 11
2 12
2 13
2 14
2 17
2 18
2 24
3 4
3 6
3 7
3 8
3 9
3 13
3 15
3 16
3 17
3 18
3 20
3 21
3 23
3 24
4 5
4 9
4 11
4 13
4 14
4 16
4 18
5 6
5 10
5 11
5 12
5 15
5 17
5 18
5 19
6 7
6 8
6 9
6 11
6 16
6 17
6 19
6 20
6 22
6 23
6 24
7 8
7 9
7 10
7 12
7 14
7 18
7 21
8 9
8 11
8 12
8 14
8 15
8 16
8 18
8 19
8 20
8 21
8 22
8 24
9 10
9 15
9 16
9 20
10 11
10 12
10 13
10 14
10 15
10 17
10 20
10 22
10 23
11 12
11 20
11 23
11 24
12 13
12 16
12 18
12 19
12 21
13 14
13 16
13 20
14 15
14 17
14 22
14 23
15 16
15 19
15 20
15 23
15 24
16 17
16 19
16 23
17 18
17 20
17 21
17 22
17 24
18 19
18 20
18 21
18 23
18 24
19 20
19 21
20 21
20 22
20 23
20 24
21 22
22 23
22 24
23 24
