0 79.67782589602879
1 59.87153212928657
2 60.26294144692885
3 94.09806092850057
4 74.96616772068546
5 113.50601944360656
6 113.38412132178983
7 49.29376975008591
8 117.64205571515615
9 37.42629249378156
10 51.87470195687783
11 55.968800403880394
12 40.674546847230445
13 45.052709101153546
14 82.07077612400926
15 85.36885795456328
16 45.08543120749479
17 59.380480464791404
18 74.75255394484621
19 35.720721004270445
20 93.30976020943716
21 37.521838315133785
22 38.77150959719688
23 67.3133373157956
24 69.0229919908898
0 1
0 3
0 4
0 8
0 10
0 16
0 17
0 18
0 19
0 21
0 23
0 24
1 2
1 3
1 5
1 6
1 7
1 8
1 10
1 11
1 12
1 14
1 15
1 17
1 18
1 19
1 20
1 22
2 3
2 6
2 7
2 10
2 12
2 13
2 14
2 16
2 22
3 4
3 5
3 7
3 8
3 9
3 10
3 13
3 15
3 18
3 22
4 5
4 8
4 11
4 12
4 14
4 17
4 18
4 19
4 21
4 22
4 24
5 6
5 7
5 8
5 9
5 11
5 17
5 20
5 21
6 7
6 10
6 14
6 15
6 16
6 17
6 18
6 19
7 8
7 9
7 10
7 13
7 16
7 19
7 20
7 21
7 22
7 23
7 24
8 9
8 10
8 11
8 13
8 17
8 18
8 20
8 21
9 10
9 11
9 13
9 14
9 15
9 17
9 18
9 23
10 11
10 17
10 20
10 22
10 24
11 12
11 14
11 15
11 16
11 21
12 13
12 14
12 19
12 20
12 21
12 22
12 24
13 14
13 15
13 17
13 21
13 22
14 15
14 17
14 19
14 21
15 16
15 20
16 17
16 18
16 20
16 23
16 24
17 18
17 21
17 24
18 19
18 20
18 21
18 22
19 20
19 24
20 21
20 24
21 22
21 24
22 23
22 24
23 24
