0 96.34996161669811
1 91.5704800430049
2 96.3215663225773
3 106.57796829521752
4 58.738182279901125
5 99.06219471242869
6 53.96258793936347
7 108.32990691028108
8 112.82904815713876
9 35.034411810650994
10 104.78533446273211
11 32.40304824488885
12 50.35206437336553
13 87.55068090890771
14 22.10645882266044
15 104.701285042095
16 90.22593790891447
17 74.7842873309815
18 66.01815594107384
19 63.22971302747992
20 104.7592980923494
21 88.70471282990097
22 76.56586919126927
23 95.42317127967796
24 69.00291997712162
0 1
0 3
0 8
0 20
1 2
1 3
1 5
1 21
1 23
2 3
2 15
3 4
3 7
3 12
3 23
4 5
4 8
4 21
5 6
5 12
6 7
6 20
7 8
7 14
8 9
8 10
8 15
9 10
10 11
10 13
10 14
11 12
11 23
12 13
13 14
13 15
13 16
13 21
14 15
14 16
15 16
16 17
17 18
18 19
19 20
19 24
20 21
21 22
22 23
23 24
