0 37.72606026676571
1 51.41637518150846
2 106.46800204219728
3 21.214143721215578
4 98.72990160408878
5 71.57142051051922
6 31.726002776617303
7 91.6323727749554
8 31.311071466277742
9 37.71855699928918
10 113.02209255609517
11 67.8313474173374
12 62.90300939322737
13 82.36429410906376
14 27.15013819457137
15 106.26637526287088
16 77.73695409117997
17 40.65257269527213
18 114.60696007013027
19 102.66678801385758
20 69.64096352183267
21 78.54862203220162
22 58.35196490831727
23 105.18803500003426
24 61.14078973923263
0 1
0 8
0 11
0 24
1 2
1 6
1 9
1 10
1 24
2 3
2 10
2 11
2 16
2 22
3 4
3 7
3 11
4 5
4 6
5 6
5 10
5 17
5 24
6 7
6 24
7 8
8 9
9 10
9 21
10 11
11 12
12 13
13 14
13 16
13 20
14 15
15 16
15 22
15 23
16 17
17 18
17 22
18 19
18 24
19 20
19 21
20 21
21 22
22 23
23 24
