0 116.43080882324871
1 80.50128144579514
2 58.5248296302625
3 33.598852866792534
4 118.5892096186245
5 76.40357568272398
6 81.92557810957473
7 97.17931339869341
8 42.33787150109795
9 36.83262785913877
10 48.26971634486021
11 89.3523817569237
12 29.61184991291464
13 47.30303851202915
14 27.021804928061215
15 51.88118160278262
16 66.55183634998556
17 48.79009715369287
18 73.80964723006903
19 108.41729120322847
20 39.81511107676489
21 75.20582204531553
22 22.762450765594327
23 114.44630291814933
24 60.21144124579884
0 1
0 3
0 5
0 6
0 7
0 11
0 12
0 14
0 19
0 20
0 21
0 22
0 23
1 2
1 3
1 4
1 8
1 9
1 12
1 16
1 20
1 22
1 23
2 3
2 4
2 6
2 8
2 12
2 13
2 16
2 17
2 18
2 21
2 22
2 23
3 4
3 5
3 6
3 7
3 8
3 9
3 10
3 11
3 12
3 13
3 15
3 16
3 19
3 23
3 24
4 5
4 6
4 9
4 11
4 16
4 17
5 6
5 7
5 9
5 10
5 16
5 21
5 22
6 7
6 11
6 13
6 15
6 18
6 20
6 22
6 23
7 8
7 10
7 13
7 14
7 16
7 17
7 20
7 24
8 9
8 10
8 11
8 13
8 15
8 16
8 18
8 19
9 10
9 13
9 14
9 17
9 18
9 19
9 21
9 23
10 11
10 14
10 18
10 21
10 22
10 24
11 12
11 14
11 18
11 20
11 21
11 23
11 24
12 13
12 21
12 23
12 24
13 14
13 15
13 16
13 17
13 19
13 20
13 21
13 23
14 15
14 17
14 22
14 23
15 16
15 18
15 22
15 24
16 17
16 20
16 21
16 23
17 18
17 19
17 24
18 19
18 20
18 22
18 24
19 20
19 21
19 22
19 23
20 21
20 22
20 23
21 22
21 23
22 23
23 24
