0 98.12669223859088
1 60.55962006915944
2 31.376424838320098
3 46.65357145581354
4 79.79578286590537
5 108.65962780168002
6 62.96835140430797
7 62.418668639493
8 56.9308552241324
9 89.38087739635608
10 70.82990844318813
11 105.56717836670414
12 93.79447074581995
13 64.7556210880418
14 35.68240577725134
15 95.51490109605338
16 104.80571080006597
17 95.7828885177975
18 27.476445554375353
19 38.97100219351594
20 118.3417300492184
21 42.31948013690741
22 33.65161571325346
23 110.75022908705286
24 60.05082231457835
0 1
0 2
0 3
0 4
0 6
0 8
0 13
0 14
0 15
0 16
0 19
0 21
1 2
1 4
1 6
1 8
1 10
1 11
1 14
1 18
1 23
2 3
2 5
2 11
2 12
2 13
2 16
2 18
2 19
2 20
2 21
2 23
2 24
3 4
3 8
3 12
3 13
3 14
3 15
3 16
3 17
3 19
3 20
4 5
4 6
4 13
4 15
4 17
4 18
4 21
4 23
4 24
5 6
5 7
5 8
5 10
5 11
5 13
5 15
5 16
5 18
5 19
5 21
6 7
6 9
6 11
6 16
6 20
6 21
6 23
7 8
7 9
7 11
7 13
7 14
7 15
7 17
7 23
7 24
8 9
8 13
8 16
8 20
8 21
8 24
9 10
9 11
9 13
9 16
9 18
9 19
9 22
9 24
10 11
10 13
10 15
10 16
10 19
10 20
10 21
10 22
11 12
11 18
11 20
11 21
11 22
12 13
12 15
12 16
12 17
12 18
12 19
12 20
13 14
13 17
13 18
13 19
13 20
13 23
14 15
14 16
14 17
14 18
14 20
14 23
14 24
15 16
15 20
16 17
16 18
16 19
16 20
16 22
16 23
16 24
17 18
17 19
18 19
18 20
18 21
18 24
19 20
19 21
19 22
20 21
20 23
21 22
21 23
22 23
23 24
