0 103.98287062024097
1 87.4132597119524
2 79.74914665500788
3 32.57650169743334
4 70.5178518421439
5 65.77027188348791
6 27.476589794866687
7 98.27563277378707
8 112.45112106246538
9 81.06738169112964
10 59.96011063440163
11 20.36241742067944
12 76.70546790355738
13 43.39767949477178
14 62.2543698890404
15 74.41541053999953
16 41.60607816936398
17 68.01039436967115
18 26.762223027752825
19 71.09083689527023
20 43.08721836564604
21 34.88201506291343
22 78.97224266017871
23 65.38210354134615
24 119.98089725331477
0 1
0 3
0 4
0 6
0 8
0 9
0 11
0 14
0 16
0 17
0 23
1 2
1 4
1 5
1 6
1 7
1 9
1 11
1 12
1 19
1 20
1 21
2 3
2 4
2 6
2 7
2 8
2 11
2 14
2 15
2 16
2 23
3 4
3 6
3 13
3 15
3 17
3 18
3 19
3 20
3 22
3 23
4 5
4 6
4 7
4 8
4 10
4 11
4 12
4 16
4 24
5 6
5 7
5 14
5 19
5 21
5 22
5 23
5 24
6 7
6 13
6 16
6 20
6 21
6 22
6 23
7 8
7 9
7 11
7 13
7 14
7 16
7 17
7 19
7 20
7 22
7 23
7 24
8 9
8 10
8 11
8 14
8 15
8 21
9 10
9 13
9 16
9 17
9 22
10 11
10 13
10 14
10 15
10 16
10 19
10 21
10 22
11 12
11 13
11 14
11 16
11 18
11 20
11 21
12 13
12 15
12 18
12 20
12 21
12 23
12 24
13 14
13 15
13 16
13 17
13 18
13 20
13 22
13 23
13 24
14 15
14 18
14 20
14 23
14 24
15 16
15 18
15 21
15 24
16 17
16 20
16 21
16 23
17 18
17 19
17 21
17 22
18 19
18 21
19 20
19 21
19 22
19 24
20 21
20 23
21 22
21 23
22 23
22 24
23 24
