0 67.71154455897263
1 91.73745345654348
2 78.96242616254982
3 69.76577085033972
4 83.3313106851878
5 45.17366317572637
6 114.67848656507428
7 65.64587451878319
8 51.239502559970724
9 40.84213931219615
10 77.01596798229389
11 94.73426112316122
12 79.43055640524499
13 46.523741057433156
14 73.51711810659594
15 41.899775149596195
16 92.56610724378368
17 72.12657905486091
18 103.30698041367452
19 118.5592446468786
20 97.51150697840755
21 43.213853295962615
22 77.53640295054868
23 62.05794804564047
24 101.04449308248557
0 1
0 2
0 3
0 4
0 5
0 6
0 8
0 9
0 10
0 11
0 12
0 17
0 18
0 20
0 21
0 22
0 23
0 24
1 2
1 3
1 4
1 5
1 6
1 7
1 8
1 11
1 12
1 13
1 14
1 15
1 16
1 17
1 18
1 19
1 20
1 21
1 22
1 23
1 24
2 3
2 4
2 5
2 6
2 7
2 9
2 10
2 11
2 12
2 13
2 14
2 16
2 17
2 18
2 19
2 20
2 22
2 23
2 24
3 4
3 5
3 6
3 8
3 9
3 10
3 11
3 12
3 13
3 14
3 15
3 16
3 17
3 19
3 20
3 21
3 22
3 23
3 24
4 5
4 6
4 7
4 8
4 10
4 11
4 12
4 13
4 14
4 15
4 17
4 18
4 19
4 20
4 21
4 22
4 23
4 24
5 6
5 8
5 9
5 11
5 12
5 13
5 16
5 17
5 18
5 20
5 21
5 22
5 23
5 24
6 7
6 9
6 10
6 11
6 12
6 13
6 14
6 15
6 17
6 18
6 19
6 20
6 21
6 22
6 23
6 24
7 8
7 9
7 10
7 11
7 12
7 15
7 16
7 17
7 18
7 21
7 22
7 23
7 24
8 9
8 10
8 11
8 12
8 13
8 14
8 15
8 16
8 18
8 19
8 21
8 22
8 23
8 24
9 10
9 11
9 12
9 13
9 14
9 15
9 17
9 18
9 19
9 20
9 21
9 22
9 23
9 24
10 11
10 12
10 13
10 14
10 15
10 16
10 20
10 21
10 23
10 24
11 12
11 14
11 16
11 17
11 18
11 19
11 20
11 21
11 22
11 23
11 24
12 13
12 14
12 15
12 16
12 17
12 18
12 19
12 20
12 21
12 22
12 23
13 14
13 16
13 17
13 18
13 19
13 20
13 21
13 23
14 15
14 16
14 17
14 18
14 19
14 21
14 22
14 23
14 24
15 16
15 17
15 18
15 19
15 22
16 17
16 18
16 20
16 21
16 22
16 23
16 24
17 18
17 19
17 22
17 23
17 24
18 19
18 21
18 22
18 23
19 20
19 21
19 22
19 23
19 24
20 21
20 22
20 23
20 24
21 22
21 24
22 23
22 24
23 24
