0 81.54502106340824
1 109.82850582085865
2 71.89495189757318
3 109.21087102642453
4 47.50375177040006
5 33.69442066470952
6 38.06510635655032
7 97.22767557194608
8 67.45575180242692
9 50.21005088222315
10 99.0956930513692
11 97.86553850047522
12 108.61013871674155
13 62.038857631508364
14 36.79128891443759
15 76.57753106023402
16 58.44224989940993
17 92.8223872913612
18 49.484261509055656
19 91.29715049679567
20 84.10163544405125
21 28.250552216050785
22 73.12724284989841
23 22.608927046064046
24 105.8391580765728
0 1
0 5
0 6
0 9
0 11
0 13
0 14
0 15
0 16
0 17
0 20
0 23
1 2
1 9
1 10
1 12
1 13
1 15
1 17
1 20
1 21
1 22
1 24
2 3
2 4
2 6
2 7
2 10
2 11
2 13
2 14
2 16
2 17
2 18
2 20
2 23
3 4
3 7
3 8
3 10
3 11
3 15
3 16
3 17
3 20
3 24
4 5
4 8
4 9
4 10
4 11
4 12
4 13
4 20
4 21
4 22
5 6
5 7
5 10
5 13
5 17
5 18
5 22
5 23
6 7
6 8
6 10
6 13
6 15
6 16
6 17
6 21
6 23
7 8
7 9
7 14
7 15
7 16
7 17
7 18
7 19
7 24
8 9
8 13
8 14
8 15
9 10
9 12
9 13
9 14
9 21
9 23
9 24
10 11
10 16
10 19
10 21
10 22
11 12
11 14
11 15
11 17
11 18
11 22
12 13
12 14
12 16
12 18
12 19
12 22
13 14
13 15
13 17
13 18
13 19
13 20
13 22
13 23
13 24
14 15
14 18
14 19
14 20
15 16
15 17
15 18
15 19
15 21
15 23
15 24
16 17
16 18
16 20
16 22
16 23
17 18
17 19
17 23
17 24
18 19
18 22
19 20
19 22
19 24
20 21
20 22
21 22
21 23
22 23
23 24
