0 78.36734822789461
1 37.66914502538424
2 67.36148028392175
3 41.0434840684311
4 64.15715672164484
5 56.713658090926714
6 70.26811467743204
7 33.19190993875509
8 64.36982547265197
9 53.68970594267289
10 52.614932230518754
11 46.08484327884166
12 61.24002031487743
13 58.66542009217518
14 58.885147842890376
15 29.79112829452454
16 52.98768604308743
17 24.922200109886475
18 55.30814958188605
19 119.79199295680505
20 104.63316785017382
21 20.032177739190843
22 70.07708710044142
23 85.55370063359405
24 112.82916984185452
0 1
0 5
0 12
0 13
1 2
1 11
1 18
2 3
2 14
3 4
3 20
3 24
4 5
4 10
5 6
5 11
5 13
5 20
6 7
6 10
6 14
6 18
7 8
8 9
8 16
8 22
9 10
9 15
9 16
9 21
10 11
10 15
10 20
11 12
12 13
13 14
13 21
14 15
15 16
16 17
16 20
17 18
18 19
18 22
18 23
19 20
20 21
21 22
22 23
23 24
