0 91.01864583115993
1 81.91108817404161
2 83.39568385212945
3 69.78850811319406
4 66.44590035319436
5 62.782759028714935
6 112.65715256084852
7 40.35063271683738
8 42.44932578086767
9 92.02061520858462
10 39.9776404555335
11 38.50631192516872
12 74.15853084847382
13 105.2867640370774
14 53.281295464391086
15 86.71937308160612
16 108.41186396117298
17 75.43369054445773
18 59.685056160484955
19 74.00935344557013
20 29.210494701704913
21 66.366620033
22 97.43836710540008
23 94.05347600448509
24 68.26122482611166
0 1
0 3
0 4
0 6
0 7
0 8
0 9
0 10
0 11
0 12
0 14
0 15
0 16
0 17
0 18
0 19
0 21
0 23
0 24
1 2
1 3
1 4
1 5
1 6
1 7
1 8
1 9
1 10
1 11
1 13
1 14
1 15
1 16
1 18
1 20
1 21
1 22
1 23
1 24
2 3
2 4
2 5
2 6
2 7
2 10
2 11
2 12
2 14
2 16
2 17
2 18
2 19
2 21
2 23
3 4
3 5
3 6
3 8
3 9
3 10
3 11
3 12
3 14
3 15
3 16
3 17
3 18
3 19
3 20
3 21
3 22
3 23
3 24
4 5
4 6
4 8
4 9
4 10
4 11
4 12
4 13
4 14
4 15
4 16
4 17
4 20
4 22
4 23
4 24
5 6
5 8
5 9
5 10
5 11
5 13
5 14
5 15
5 16
5 18
5 22
5 23
5 24
6 7
6 8
6 9
6 10
6 11
6 12
6 13
6 14
6 15
6 18
6 20
6 21
6 22
6 23
6 24
7 8
7 9
7 11
7 13
7 14
7 15
7 16
7 17
7 18
7 19
7 20
7 21
7 22
7 23
8 9
8 10
8 11
8 13
8 14
8 15
8 17
8 18
8 19
8 20
8 21
8 22
8 24
9 10
9 12
9 14
9 15
9 16
9 19
9 21
9 22
9 23
9 24
10 11
10 12
10 13
10 14
10 15
10 16
10 17
10 18
10 20
10 21
10 22
10 23
10 24
11 12
11 13
11 14
11 15
11 16
11 17
11 18
11 19
11 20
11 21
11 22
11 23
11 24
12 13
12 14
12 16
12 17
12 18
12 19
12 20
12 21
12 22
12 23
12 24
13 14
13 15
13 16
13 17
13 18
13 19
13 20
13 21
13 22
13 23
13 24
14 15
14 16
14 17
14 19
14 20
14 21
14 23
15 16
15 17
15 18
15 19
15 22
15 23
15 24
16 17
16 18
16 19
16 20
16 21
16 22
16 23
17 18
17 19
17 20
17 21
17 22
17 23
17 24
18 19
18 20
18 21
18 22
18 23
18 24
19 20
19 21
19 23
19 24
20 21
20 22
20 23
20 24
21 22
21 23
21 24
22 23
22 24
23 24
