0 61.93365882867354
1 57.175883763894916
2 20.24808431336326
3 50.23502393695405
4 113.15794661265534
5 110.56916387910661
6 102.45203174865358
7 116.97300363002317
8 114.98006058012352
9 87.63315953532056
10 109.72153279580206
11 41.04150930379336
12 70.24743309972995
13 38.2757541190358
14 25.198188057388275
15 47.98462637127174
16 110.99834556609323
17 81.58312642553763
18 28.705795845554647
19 56.39004097841387
20 101.37374223196815
21 34.604506723296325
22 26.872103920409135
23 21.062130674744232
24 112.61933313278615
0 1
0 9
0 14
0 17
0 19
0 21
0 23
1 2
1 10
1 13
1 16
1 18
1 20
1 24
2 3
2 4
2 5
2 6
2 8
2 11
2 12
2 17
2 19
2 20
2 23
3 4
3 9
3 16
4 5
4 6
4 9
4 12
4 16
4 17
4 18
4 21
5 6
5 12
5 18
5 22
5 23
6 7
6 9
6 10
6 20
6 21
6 24
7 8
7 9
7 12
7 15
7 18
8 9
8 13
8 17
8 20
8 24
9 10
9 18
9 24
10 11
10 12
10 19
10 21
11 12
11 21
11 24
12 13
12 16
12 18
12 20
12 24
13 14
13 20
14 15
14 18
14 22
15 16
15 18
15 19
15 20
16 17
16 20
16 22
17 18
17 20
18 19
18 20
18 22
18 23
18 24
19 20
19 21
19 22
19 23
20 21
20 22
21 22
22 23
23 24
