0 54.18944779864071
1 106.73875919583573
2 75.73969885467503
3 36.89028169176619
4 117.51549843682491
5 110.75093408109176
6 118.90027668061879
7 29.30073098777842
8 32.49948580338115
9 92.15623702623446
10 75.89919201071969
11 66.07384259491093
12 35.655115309258164
13 106.92701187381931
14 113.83118001383717
15 85.51938389157674
16 81.41215179356821
17 92.27548506787389
18 74.97350835165511
19 31.718569721003746
20 60.38816113203373
21 29.64190148426708
22 58.93221425443516
23 43.0096929876588
24 32.33018333833347
25 102.95330728635297
26 101.02715001708683
27 116.88603754094382
28 97.82599736207672
29 77.93725757546133
30 62.080018804904114
31 63.857990822257975
32 59.54493196164163
33 77.59116303793309
34 72.99223780964861
35 76.21008773801177
36 78.55320396160892
37 31.34941416190003
38 83.8471256511679
39 54.087737449054465
40 114.15904345341369
41 31.05675940207384
42 51.74358143789209
43 50.97718804325929
44 46.7779122665043
45 35.54790928848738
46 64.16603106565674
47 23.39624440184473
48 22.46835753848188
49 27.449661099639272
50 35.418148412875944
51 95.4921857168822
52 25.07417289352514
53 40.763311707031676
54 32.49545133058011
55 78.24712079875678
56 77.31865500584485
57 45.85149622691871
58 83.74453632472714
59 115.1201006815503
60 95.73200113127467
61 99.64498682630263
62 98.75442178317314
63 61.209044301939585
64 75.95290163484623
65 43.20143326568402
66 81.1480670090196
67 41.39454855189945
68 64.73070984967657
69 56.18940829173418
70 47.28981541071727
71 74.43151367336398
72 82.86457306231898
73 58.43749791367229
74 73.3971706591773
75 94.58344676179783
76 99.35115523648209
77 82.37966364663936
78 81.14296190379372
79 50.148171494560316
80 21.172727063654598
81 27.044404450657627
82 37.55662251539294
83 109.1026320315529
84 55.44251955171812
85 44.17675819584919
86 88.88093669004817
87 56.09835155575591
88 21.034423038058442
89 100.1484962615337
90 70.0133068917916
91 22.167992457780787
92 35.359277815260754
93 103.50334838730699
94 31.258197131634244
95 48.75745661857295
96 78.61011568287302
97 87.30043819407342
98 102.34012109122078
99 51.0767417230469
100 42.5839301501382
101 87.86054832060721
102 69.97414956471796
103 112.26680690164687
104 104.09765021437931
105 67.08626952889108
106 79.76361573829983
107 109.50849458735381
108 24.051172773779662
109 84.2183952494682
110 85.79229530694629
111 45.9535657383837
112 62.350501766176556
113 34.70746247444734
114 62.00105039027714
115 38.23671229899841
116 116.18910053568517
117 38.82063184323158
118 58.28656538829362
119 88.33139095185525
120 34.59585130482187
121 80.67058229863525
122 31.23242742871599
123 50.64119869355823
124 35.69306258472651
125 69.5444320525707
126 104.48049883671243
127 90.47241169052812
128 54.76815335981771
129 119.72720965600718
130 116.97319128719595
131 118.41222977463204
132 81.04784229565082
133 22.455659054101233
134 98.64484372662126
135 76.6411740544188
136 98.97378269222145
137 114.2047219672387
138 72.61316421368883
139 47.83696848783028
140 35.81371523771337
141 29.20032458738598
142 20.519239546946416
143 55.08118282251912
144 31.6024531969263
145 60.86857578343794
146 63.38737507541647
147 22.058776538904684
148 89.69207643157871
149 46.87285231512995
150 104.22360256506006
151 66.84463716254285
152 36.60094177364986
153 35.456690717186675
154 50.544403813854856
155 109.70004740036468
156 118.38621526433286
157 87.00175566047116
158 85.12482878490573
159 85.55601669110177
160 87.42482759801442
161 114.02660891041822
162 81.47784813880197
163 65.23919694438563
164 88.27289727124894
165 65.29340353267867
166 66.92443990094401
167 106.00013737204594
168 34.18381305536825
169 115.25599560328965
170 20.586561146206332
171 71.53243063095007
172 76.9003453102521
173 28.77443298615748
174 56.232811433125384
175 84.42527625160578
176 111.49628535972583
177 32.837136147702076
178 80.62926868384736
179 99.87089016141472
180 25.328281572900515
181 41.97349787029087
182 36.895589818071734
183 118.45202400614787
184 95.56872311843725
185 52.106077731070535
186 39.33919652311313
187 87.9638707970757
188 63.325610291841
189 38.78292667112299
190 81.33793540649911
191 79.4784665363564
192 64.0155882385133
193 70.04698398220506
194 51.06433478741837
195 61.23862657124815
196 73.44141525454314
197 71.64095252538021
198 21.192204847585742
199 35.472341917664934
200 36.935318611087354
201 62.812373821703865
202 88.19895702952095
203 47.8475149441356
204 84.96485868879327
205 114.67511915521447
206 24.47472843676956
207 27.040765745111912
208 102.7580448336052
209 69.89985519702938
210 72.17202811380253
211 62.772986953134
212 113.78963253295186
213 102.447487706206
214 51.577251949253736
215 84.66819129901215
216 57.380672483255964
217 89.12597514577872
218 78.75812500129385
219 61.42114982093028
220 89.19855834221082
221 110.94229368555048
222 87.33873057320082
223 100.01318937397903
224 110.10492861431949
225 101.53781247353805
226 27.476485967059144
227 88.09443862142048
228 33.584002490073466
229 112.43663055419408
230 71.46304670006836
231 89.15470302181892
232 34.89402069846548
233 70.40294417558746
234 89.84381458289421
235 69.73409192831076
236 86.1196798194936
237 60.89484567768621
238 74.54832055961498
239 110.67837918716765
240 70.46352530713166
241 83.41839922285871
242 76.24649348302961
243 30.323017965316573
244 86.3995250688837
245 89.52722444445551
246 91.9934025933653
247 26.493630251216487
248 97.72211526693897
249 32.27923903705096
250 86.1977724059749
251 26.339684343004
252 59.059207462602735
253 27.153608768201757
254 53.04719196714663
255 118.27201032606233
256 48.07779250616087
257 48.747371569784804
258 31.745619057807843
259 28.653657389265987
260 65.39595363503044
261 65.01258017234753
262 67.26641109467903
263 97.39757645136449
264 21.12519881536014
265 41.36125544703458
266 68.79681591649603
267 101.2534278837678
268 113.00227737463862
269 30.656815675281177
270 55.64743810452242
271 71.31982475124934
272 115.22966950503577
273 101.92706607599047
274 96.12294607401317
275 52.197120146089695
276 39.42924931966941
277 50.575248909509355
278 38.697847238929825
279 54.19984413599746
280 99.52362826042562
281 75.93201519331964
282 106.8138907239149
283 57.17673991435305
284 110.89494308979236
285 108.18267822106309
286 78.71326880266528
287 34.74030070325367
288 80.83097849055284
289 116.02038904645521
290 101.94445382398777
291 81.08656764981271
292 102.05365596762148
293 28.817411713966425
294 98.52519257330336
295 39.08990361893355
296 44.03508425625468
297 62.672966139501305
298 101.21975963843637
299 47.986329607401686
300 47.84156073103155
301 48.38760514221456
302 23.985352368100944
303 51.71293210495445
304 69.40598340829519
305 21.230429654273692
306 110.36501708253847
307 34.84976001323355
308 83.41439345567746
309 47.306904220754475
310 22.45229407227444
311 82.11450188111237
312 55.402450607216714
313 29.401397480103174
314 30.025309240220146
315 89.4892053155004
316 113.1928048313916
317 56.360021180882875
318 34.54578196010854
319 90.31214249259425
320 100.46454913074035
321 34.39569911902369
322 115.94101613358389
323 98.04686373320393
324 75.0309984383145
325 66.13886235696044
326 21.434640398323182
327 108.94437355620168
328 22.312273494151974
329 23.823511224102162
330 25.164483666300036
331 52.44330436363484
332 90.52429768253695
333 96.68983886503196
334 74.92366713667343
335 24.90682229951165
336 118.26593743570284
337 79.50099817386709
338 108.08359524866832
339 93.17389856111556
340 117.47124919088937
341 109.01298833612195
342 62.60526072375039
343 108.4065979931979
344 95.10388917589384
345 48.30307465599924
346 31.017843380040855
347 27.84375196856689
348 45.5058842480891
349 65.05352560869221
350 105.34134386371979
351 102.32548129695842
352 21.973230109356162
353 49.20389866528062
354 39.15253310949715
355 50.831809402490656
356 100.91577364303008
357 67.82645108808887
358 109.34126175981103
359 109.78257333875642
360 84.86913299430037
361 60.64574541657766
362 94.57675413853958
363 114.47472767845153
364 51.6615101734116
365 38.31483393240764
366 100.10122459430647
367 42.78704822949762
368 46.19837097819586
369 57.37686983279668
370 49.19073337013266
371 27.16114759945711
372 28.613217667646566
373 110.78240696824327
374 30.47097393590175
375 119.87160987442559
376 37.94272132493584
377 90.89898650190396
378 37.24819498209949
379 78.72698776146697
380 104.01973790958115
381 53.14110614197093
382 60.113253400057665
383 25.59727666678976
384 41.93783208534992
385 32.6650038202127
386 97.2993539853017
387 118.54239959406922
388 93.2260935799076
389 44.014140001020145
390 28.621732805834327
391 69.82015378465573
392 35.78320738068094
393 24.16761662911331
394 58.3001859908359
395 36.680981703638935
396 70.65488381520939
397 63.13526149886525
398 69.56300564290503
399 109.61077271798584
400 107.89890773652682
401 103.05939480750733
402 49.65354922778285
403 23.56191752393251
404 116.06721571392649
405 76.72483730394825
406 37.70828301520824
407 21.716645080873125
408 70.24460847087688
409 99.44499373380513
410 119.94785890521271
411 108.45561571498186
412 32.118787411986176
413 24.483354868761793
414 46.72040461999374
415 38.45866770552741
416 22.216637160659417
417 21.48611141376074
418 74.15884749167344
419 102.24350464925456
420 99.22678342685879
421 39.84298106575891
422 39.56180408482406
423 84.95197764412232
424 44.238622014559255
425 74.45980850224912
426 64.08013559278155
427 94.82262375587932
428 58.76318075644768
429 60.11780296056294
430 38.88904847622928
431 80.54190078062476
432 24.561347589605834
433 82.41082272078174
434 91.74814178473603
435 82.54558483080663
436 40.59008247314733
437 108.19337570501513
438 49.69956322554431
439 92.34560981505102
440 47.78749214760025
441 106.53851699566589
442 110.62703745792291
443 26.08658259154882
444 75.95272721836929
445 52.39620588535894
446 111.49619432312319
447 53.79012563651629
448 98.63682148219776
449 79.45903991948077
450 34.31931302639244
451 64.1240402503564
452 61.74579953350812
453 76.18378264211199
454 22.235200400008054
455 86.03727859257953
456 59.46749041591456
457 99.48339523024708
458 87.56762057918317
459 33.230537346978295
460 67.16863504340905
461 114.29580650360779
462 81.32333772411843
463 85.1862524953801
464 105.06908863769422
465 54.051968363582205
466 59.313483916190734
467 69.36063914247578
468 98.78498640650233
469 37.00720068261029
470 23.929622534399435
471 63.144355439215836
472 23.243012789902945
473 66.46620602715987
474 42.57853731926538
475 91.32725022832132
476 65.00293585202772
477 89.12358234513187
478 43.87743150482049
479 55.05660674244631
480 114.68584841404709
481 85.05800802863723
482 70.93388325617792
483 91.65711388742668
484 105.99062543392036
485 115.35975848428969
486 27.382537427650593
487 31.184814635751984
488 50.691323547514095
489 58.93751166014889
490 86.32321919226742
491 85.21609252731847
492 80.04336772498169
493 28.74193955455062
494 44.90272675179794
495 76.12671389306458
496 92.18651683557236
497 69.45985990802771
498 98.00534233386168
499 90.9948455066989
0 1
0 27
0 254
1 2
1 135
1 245
1 405
2 3
2 436
3 4
3 166
3 225
3 258
4 5
4 313
4 338
5 6
5 55
5 418
5 482
6 7
6 265
6 354
6 429
7 8
7 128
7 165
8 9
8 46
8 158
8 211
8 241
8 496
9 10
9 138
10 11
10 212
11 12
11 182
12 13
12 338
13 14
13 135
13 277
14 15
14 113
15 16
15 461
16 17
16 320
16 377
16 435
16 458
17 18
17 212
17 309
17 371
17 460
18 19
19 20
19 35
19 221
19 326
20 21
20 369
21 22
21 93
21 149
21 438
22 23
23 24
23 130
24 25
24 63
25 26
25 209
26 27
26 171
26 417
27 28
27 36
27 70
27 78
27 81
27 152
27 157
27 279
28 29
28 43
28 76
28 229
28 359
29 30
29 31
30 31
30 179
31 32
31 323
31 384
32 33
32 255
32 294
33 34
33 46
33 159
33 281
33 301
34 35
34 396
34 445
34 498
35 36
35 39
35 91
35 225
35 439
35 489
36 37
37 38
37 73
37 278
38 39
38 295
38 312
38 355
38 402
39 40
39 123
39 262
39 354
40 41
40 158
40 349
41 42
41 105
41 457
42 43
42 315
42 379
43 44
43 261
43 398
44 45
44 257
44 400
45 46
45 252
45 287
45 301
46 47
46 201
46 237
46 254
46 358
46 482
47 48
47 425
47 428
48 49
48 172
48 414
49 50
50 51
51 52
51 75
51 154
52 53
53 54
53 387
53 442
54 55
54 172
54 266
55 56
55 165
56 57
56 417
57 58
58 59
58 197
58 247
58 348
58 481
59 60
59 350
60 61
60 80
60 184
60 208
60 363
60 497
61 62
61 226
61 409
62 63
62 107
63 64
64 65
64 338
65 66
65 268
65 317
66 67
67 68
67 201
67 230
68 69
69 70
69 407
70 71
70 283
70 385
70 403
70 415
71 72
71 291
72 73
72 270
73 74
73 144
73 321
73 433
74 75
74 258
74 499
75 76
75 105
76 77
76 105
76 398
77 78
77 93
77 96
77 106
77 125
78 79
78 302
79 80
79 171
79 235
80 81
80 232
81 82
81 424
81 452
82 83
83 84
83 419
83 451
84 85
84 171
84 289
85 86
85 101
85 102
85 262
85 314
86 87
86 390
87 88
87 173
87 425
88 89
88 175
88 247
88 372
89 90
89 325
90 91
90 170
90 202
90 255
90 417
91 92
92 93
92 107
92 143
92 450
93 94
93 498
94 95
94 443
95 96
95 184
96 97
96 178
96 381
96 476
97 98
97 196
97 325
97 398
98 99
98 374
99 100
100 101
100 172
100 461
101 102
101 266
101 389
101 480
102 103
102 121
103 104
104 105
105 106
105 308
105 488
106 107
106 132
106 164
106 173
106 232
106 438
106 453
107 108
108 109
108 440
109 110
109 120
109 137
109 300
109 373
109 417
109 449
110 111
110 483
111 112
111 178
111 480
112 113
112 166
112 176
112 254
113 114
113 223
113 309
113 497
114 115
114 322
114 375
114 474
115 116
115 216
115 278
115 337
115 482
116 117
116 228
117 118
117 446
118 119
118 442
119 120
119 233
119 268
120 121
121 122
121 224
121 380
121 436
122 123
122 215
123 124
124 125
124 399
124 483
125 126
125 249
125 440
126 127
127 128
127 234
128 129
129 130
130 131
130 427
131 132
132 133
132 471
133 134
134 135
134 141
134 164
134 266
135 136
135 369
136 137
137 138
137 233
137 332
138 139
139 140
139 409
139 421
140 141
140 169
141 142
141 423
142 143
142 255
143 144
143 280
143 485
144 145
144 295
144 393
145 146
145 297
145 332
145 455
146 147
146 364
146 441
147 148
147 459
148 149
148 457
149 150
149 244
150 151
150 267
150 375
151 152
151 263
151 315
151 462
152 153
152 456
153 154
153 492
154 155
154 207
154 236
154 365
155 156
155 424
156 157
157 158
157 388
158 159
158 346
158 415
159 160
159 233
159 375
160 161
160 229
160 279
161 162
162 163
163 164
163 258
163 274
164 165
164 184
164 219
164 359
164 374
165 166
166 167
167 168
167 253
168 169
168 238
168 423
169 170
170 171
170 344
170 452
170 493
171 172
171 426
171 447
172 173
173 174
173 189
174 175
174 336
175 176
176 177
177 178
177 281
177 426
178 179
179 180
180 181
180 237
180 282
180 348
180 448
181 182
182 183
182 219
183 184
183 376
184 185
184 209
185 186
185 275
185 291
185 380
185 408
186 187
186 374
187 188
187 212
188 189
188 345
189 190
190 191
191 192
192 193
192 352
193 194
194 195
195 196
195 201
196 197
196 454
196 495
197 198
198 199
198 232
198 321
199 200
199 240
200 201
200 214
200 352
201 202
201 348
201 442
202 203
203 204
204 205
204 221
204 303
205 206
206 207
206 469
207 208
207 305
208 209
209 210
210 211
210 316
211 212
211 399
212 213
212 268
212 384
212 426
213 214
213 232
213 438
214 215
214 244
214 326
215 216
216 217
217 218
217 393
218 219
219 220
219 395
219 482
220 221
220 407
221 222
221 284
221 318
222 223
222 380
223 224
223 285
223 313
224 225
224 422
225 226
225 478
226 227
226 333
226 337
226 357
227 228
228 229
229 230
229 259
230 231
231 232
232 233
232 361
233 234
233 236
233 435
234 235
234 271
235 236
235 286
236 237
237 238
237 453
238 239
239 240
240 241
240 371
241 242
241 247
241 401
242 243
243 244
244 245
244 424
245 246
245 364
246 247
246 357
247 248
248 249
248 297
249 250
249 308
250 251
250 365
251 252
251 349
251 397
252 253
252 371
253 254
253 443
254 255
255 256
255 303
255 426
255 434
256 257
256 258
256 329
257 258
258 259
258 292
259 260
259 478
259 490
260 261
261 262
261 332
262 263
263 264
264 265
265 266
266 267
266 309
267 268
268 269
269 270
269 403
269 425
269 497
270 271
271 272
271 420
272 273
272 423
272 447
273 274
273 307
273 400
274 275
275 276
275 430
276 277
277 278
277 357
278 279
279 280
279 437
279 446
280 281
281 282
282 283
282 286
282 417
282 453
283 284
283 483
284 285
284 369
284 432
285 286
286 287
286 397
287 288
287 438
288 289
288 435
289 290
290 291
291 292
291 421
292 293
293 294
294 295
294 401
295 296
296 297
296 340
296 345
297 298
298 299
299 300
300 301
300 360
301 302
301 355
302 303
303 304
303 459
304 305
304 333
304 492
305 306
306 307
306 491
307 308
308 309
308 458
309 310
309 406
310 311
310 329
310 369
311 312
311 439
312 313
312 375
313 314
313 409
313 446
314 315
314 344
314 393
315 316
315 358
315 449
316 317
316 352
316 416
317 318
317 394
317 450
318 319
318 372
318 461
319 320
320 321
320 390
320 484
321 322
321 479
322 323
323 324
324 325
324 442
325 326
326 327
327 328
327 371
327 431
328 329
329 330
330 331
331 332
331 333
332 333
332 442
333 334
333 367
333 446
334 335
335 336
336 337
337 338
337 435
338 339
338 381
339 340
339 469
340 341
341 342
341 470
342 343
342 375
343 344
344 345
345 346
345 461
346 347
346 476
347 348
348 349
349 350
349 385
349 459
350 351
351 352
352 353
352 393
353 354
354 355
354 423
355 356
355 394
356 357
357 358
357 412
358 359
359 360
359 450
360 361
361 362
362 363
362 399
363 364
363 400
363 450
363 491
364 365
365 366
365 454
366 367
367 368
368 369
369 370
370 371
371 372
371 396
371 444
372 373
372 428
373 374
373 397
373 440
374 375
374 436
375 376
375 449
376 377
376 414
376 416
377 378
378 379
378 482
379 380
380 381
380 434
381 382
381 387
382 383
382 449
383 384
384 385
385 386
386 387
386 427
387 388
388 389
389 390
390 391
391 392
392 393
392 395
393 394
394 395
395 396
396 397
397 398
398 399
399 400
400 401
401 402
401 403
402 403
403 404
404 405
404 464
405 406
406 407
407 408
408 409
408 410
408 435
409 410
410 411
410 477
411 412
412 413
413 414
414 415
415 416
416 417
417 418
418 419
418 427
419 420
420 421
421 422
422 423
422 434
422 456
423 424
424 425
425 426
425 489
426 427
427 428
428 429
429 430
430 431
431 432
432 433
432 474
433 434
433 466
434 435
435 436
436 437
437 438
438 439
439 440
439 441
440 441
441 442
442 443
443 444
444 445
445 446
446 447
447 448
448 449
449 450
450 451
451 452
451 457
452 453
453 454
454 455
455 456
455 481
456 457
457 458
458 459
459 460
459 473
460 461
461 462
462 463
463 464
464 465
465 466
466 467
467 468
468 469
469 470
469 483
470 471
471 472
472 473
473 474
474 475
474 489
475 476
476 477
477 478
478 479
479 480
480 481
481 482
482 483
483 484
483 494
484 485
485 486
485 487
486 487
487 488
488 489
489 490
490 491
491 492
492 493
493 494
494 495
495 496
496 497
497 498
498 499
