0 114.4447551843033
1 110.7572187948587
2 100.1609238549799
3 104.30929491353145
4 75.86166755754903
5 95.77430406592583
6 23.540120761543662
7 60.951698918167914
8 79.00310786701056
9 61.048691731313106
10 34.196282917355106
11 80.36554739285249
12 95.67244741276953
13 94.95714701351618
14 79.17096067805484
15 36.73519909583424
16 87.94011336048126
17 41.91745963363321
18 60.12390528753457
19 115.48875281431617
20 22.09754357153479
21 58.4178737006667
22 70.48235459466345
23 84.84036281977713
24 47.67317586184673
25 59.39922260195589
26 22.605024647352906
27 56.62479051661987
28 40.26843057535174
29 44.88542937427274
30 36.81451153055473
31 26.368662714063163
32 110.19426288415028
33 85.13690625372216
34 93.9368552353785
35 59.984281776336175
36 60.23652517960352
37 34.10526986725132
38 110.89722667753594
39 25.038271666665985
40 35.35105304452139
41 35.59676428579546
42 84.95585862828143
43 48.2387363276858
44 44.68705122446335
45 84.30559213854954
46 66.32845724038482
47 117.60101253937295
48 52.05994169083787
49 104.75737565928063
50 61.22054013612794
51 37.69349452359778
52 24.84261551107934
53 115.20675935426723
54 37.71525744887964
55 89.43145172646857
56 103.2165657175605
57 50.662169492087386
58 105.48943215759857
59 42.0781098646329
60 101.82209587027526
61 29.464579858235346
62 66.99270121650822
63 114.4287255956808
64 84.0694735311666
65 61.2260991958828
66 92.50983429680544
67 84.59477527162441
68 55.72047725621377
69 110.43803716804209
70 54.436376589898806
71 103.37173541100535
72 108.82253967604761
73 49.68709074683787
74 67.13301452636301
75 74.8654504945993
76 109.67526014906741
77 59.172113208512705
78 117.88415571483391
79 29.86834521943588
80 65.23177168798117
81 55.09290227303189
82 41.77140916089152
83 32.41828434807935
84 21.18507486396908
85 58.48632650555117
86 88.68277156376797
87 28.03918626371878
88 41.962127312493934
89 48.213990790655615
90 54.213513259620655
91 63.353961598177094
92 97.94610593371992
93 77.0595999852012
94 97.87490738588437
95 81.07671953949551
96 38.469960597961666
97 68.27303593786381
98 51.81206404232333
99 21.83262258082415
100 60.47196686804906
101 51.402101707518916
102 31.142372592921507
103 44.820154843544984
104 92.17673213709797
105 40.881760496843356
106 93.06111282475783
107 113.02195482916657
108 98.76265702405121
109 108.60466796470776
110 56.021010692101044
111 75.48686824573419
112 82.69961314254894
113 52.57560889103902
114 82.57767671975711
115 119.14709212347793
116 95.2881984222869
117 117.75643940712125
118 49.902964388394004
119 55.70094687876987
120 97.90457467182017
121 82.33699124838623
122 80.50352463195028
123 55.28294482854045
124 111.55261181032003
125 82.92133229257118
126 82.34190844972917
127 37.95946498039849
128 71.54763713579436
129 115.49765496255071
130 52.34277612626818
131 86.5295887362063
132 60.50382906311912
133 115.56398818853363
134 30.17690749487573
135 49.67713870859875
136 27.269867680776034
137 90.4108414241348
138 50.25089377524974
139 63.21134149349606
140 112.0551840857617
141 49.31577877414906
142 28.990474279876064
143 28.949964409472067
144 88.7117596001283
145 53.283833812275645
146 41.79074384001133
147 55.74012924703005
148 103.98409495408742
149 84.97156793119555
150 89.41650575932829
151 85.17849158366535
152 40.512634264560276
153 21.561543932840117
154 27.171297694256708
155 95.7838016414143
156 55.473574243333005
157 78.60777275320225
158 31.813683674265015
159 103.69132852550923
160 49.96065725882089
161 81.25173728811936
162 110.98464214066723
163 55.379992586970126
164 105.5621810254526
165 110.71240256508261
166 117.81998043508335
167 38.50951176413817
168 84.05913976123789
169 68.58254063893763
170 119.45689114561797
171 20.636175248674352
172 23.76805074009837
173 99.2176943234347
174 82.30390249981403
175 62.39239465024641
176 81.77469822740649
177 111.38284540018095
178 79.22865447557173
179 41.65649600571244
180 65.15262312548803
181 44.32594972914002
182 94.22807401822396
183 68.30562139769508
184 66.23295011998897
185 30.576236974557716
186 98.680663956736
187 65.33608575240106
188 67.08967833710156
189 118.01920657851124
190 99.9408130586071
191 41.45187247100448
192 106.6273194909876
193 27.179079011815595
194 117.82017633348923
195 82.66338188087664
196 110.0053439087431
197 36.143392152929906
198 27.41129499211992
199 46.00496327416647
200 64.6066204726977
201 105.19337152235613
202 117.74383018814203
203 47.17115410089994
204 89.35464617606594
205 75.95753678398587
206 54.92395609657414
207 95.68794701408218
208 84.90701856073481
209 105.78500065660066
210 105.69250213679167
211 46.176842688036984
212 71.10029191389592
213 27.03872892167256
214 72.7477535612266
215 102.33582679085949
216 114.99399825726618
217 53.138032606661085
218 116.7138494495903
219 31.45281216354146
220 27.959239651348216
221 88.43338611735933
222 91.29589546640217
223 21.583522572869413
224 63.47997644591758
225 37.37563442394115
226 97.94815062035248
227 40.96717146550829
228 78.68273971055024
229 49.94550164241102
230 74.29166809536
231 39.81970034396997
232 32.08316249933685
233 84.93828687520805
234 66.55304535214546
235 68.33577330037792
236 77.63543298034617
237 20.452468721324763
238 100.45601662054877
239 71.54709343457719
240 80.89331268652475
241 91.8098967176761
242 57.28282497186543
243 61.62602361779397
244 26.939165864112063
245 91.13913390461498
246 82.23244915219048
247 61.28994791090806
248 111.70998509632037
249 119.98242657698503
250 100.73788740642959
251 58.153113152835246
252 108.44710172730211
253 46.54067038444599
254 95.06494328813834
255 109.18921532855234
256 79.2189433892097
257 82.54967886587849
258 98.29998165655583
259 86.9093176248442
260 57.81380342019085
261 61.28492054306897
262 95.74444228928361
263 64.42610907847904
264 64.77230739820644
265 67.82085714287174
266 84.76887154697836
267 95.26697183135053
268 27.92686496625696
269 45.424838025139685
270 33.33958351161216
271 55.61464688657618
272 72.53809069533438
273 77.8445257024951
274 94.71603102308464
275 81.59575305044058
276 113.96577369719678
277 26.25161529403884
278 81.2272827270304
279 52.303829222442346
280 32.78475667207355
281 81.73359899204075
282 73.57102684985405
283 40.43489612640701
284 37.353553357864506
285 79.47918880309038
286 43.73879535737758
287 76.73005755207734
288 22.066395252338317
289 109.18196451006395
290 99.45616149500601
291 51.86096000581024
292 110.86688361823025
293 47.690657822909586
294 115.93687750868625
295 109.9604086625776
296 35.07417935349771
297 34.56341473999167
298 106.78506259961891
299 71.69179119558561
300 32.17029047407905
301 108.9373425833888
302 100.0396849664431
303 61.567418912373654
304 67.9196771369742
305 27.00343887496804
306 27.64078958295315
307 104.16726591236672
308 78.04001431163198
309 83.38101702649493
310 107.00701143222818
311 96.97597898889632
312 97.61570077061499
313 66.81457298408881
314 91.94912515828814
315 63.747501843201164
316 96.5432223884451
317 90.86999488972859
318 96.80452278893648
319 41.62297887110532
320 67.5202848807072
321 53.685879492722016
322 52.462640932958365
323 57.669089249331755
324 119.43815685954782
325 97.33967668705057
326 35.861576008972456
327 106.07030879417374
328 113.50940910566383
329 57.01721811922245
330 25.571192203410824
331 45.90003009804559
332 42.0608530636796
333 112.9281863882362
334 75.23828470802826
335 101.21187752044595
336 90.6441212591871
337 83.78889776718819
338 63.95444378445634
339 60.13396550164488
340 42.964063157012404
341 29.697719519565588
342 78.01742815447486
343 37.71522316658121
344 85.09766433906489
345 64.35737673097358
346 102.09207229778231
347 88.4643555616252
348 40.57399969265015
349 111.85222776152055
350 49.43683220936379
351 28.838392047104616
352 21.108242282723136
353 81.56759698831611
354 40.647253464421595
355 57.37919115205759
356 109.13052454753782
357 76.34206549168653
358 48.277871906191486
359 40.76266599968349
360 97.72303441121286
361 93.57259684099236
362 60.73906119979403
363 67.71690695566639
364 101.17640450059378
365 26.746228563936278
366 83.02568763757849
367 59.581798006131635
368 115.09911208920576
369 25.751025675321063
370 84.11941313304695
371 66.22409093281838
372 48.86127450991762
373 28.322807046803746
374 21.316763912957786
375 69.08836265149185
376 75.12684891622544
377 32.11318945720934
378 20.27018562402126
379 59.35563047965105
380 41.32592775771253
381 37.11826209555721
382 66.18947383029546
383 58.497852177934746
384 66.14147723163086
385 51.58623359722481
386 66.4361142731178
387 100.95791355235508
388 100.43252359188463
389 21.026189659073363
390 77.65324642157621
391 104.25113585169494
392 66.48839640468135
393 109.56911787742159
394 51.60910672268066
395 110.47571085773616
396 102.10640619370639
397 35.686149158524685
398 43.09194287874193
399 95.03592010530546
400 26.70786557563265
401 40.147972939067714
402 40.47960684197244
403 103.32335962224495
404 115.55509753335807
405 43.11321462357566
406 25.01710254510614
407 94.16782493817735
408 115.1047183566899
409 29.362499728524412
410 38.37061846790631
411 40.06089664628415
412 57.630111994192596
413 85.94886740129326
414 39.68665138445472
415 58.47170435202998
416 36.468698631154176
417 104.9140095960634
418 63.170021088087275
419 26.015718687672546
420 84.59723147840243
421 55.22384843539014
422 45.10473455791417
423 57.8038374800906
424 58.71105719476262
425 22.70573887772446
426 75.27679979443106
427 117.99045885926759
428 68.58084292639148
429 114.5235944464124
430 41.918254644926705
431 64.35561297116193
432 107.18304637552008
433 25.606069182612174
434 81.57681965873826
435 119.69763994829135
436 30.947968866892143
437 68.44689016659356
438 115.72577788347157
439 105.87932807206973
440 111.4419084175967
441 74.82527454974701
442 54.463767603550764
443 72.56177918625852
444 29.897636888556594
445 88.24836021492833
446 74.31442051325234
447 101.97674508615711
448 114.23000296122768
449 79.29640360006985
450 31.920871803100162
451 73.52953592443113
452 24.521182142216738
453 32.55542755078157
454 58.34032618798325
455 27.5910005743053
456 77.43270591203512
457 73.45096329625667
458 89.67906266586836
459 76.528550666667
460 62.59911907878758
461 26.05034346513463
462 28.96838304833977
463 72.84251668166996
464 44.780673622701656
465 118.77998039844617
466 101.46714892572555
467 59.21559299161885
468 64.40023092124665
469 84.00795106551303
470 60.986789186531645
471 93.34953305341291
472 46.06213373768031
473 29.571093072433513
474 28.369676618455838
475 61.654618387376615
476 99.74846017654214
477 95.57977007736238
478 94.91210093796084
479 70.17388115547016
480 52.61080034916052
481 48.212304617787765
482 103.30806160697094
483 28.56542231102604
484 80.62324794080415
485 103.71506119262634
486 26.600374966097032
487 23.532627659274233
488 118.83505618852317
489 20.452998873324052
490 101.66066715731257
491 111.78343263662929
492 116.55897161387918
493 44.60946002346752
494 37.88005571236771
495 49.416212431762865
496 69.55401365760792
497 46.01286044325841
498 114.03739562206076
499 114.57133401950698
0 1
0 2
0 8
0 20
0 95
0 107
0 131
0 143
0 162
0 210
0 239
0 296
0 349
0 392
0 401
0 438
0 442
0 443
1 2
1 12
1 123
1 148
1 156
1 199
1 227
1 244
1 267
1 272
1 293
1 300
1 317
1 323
1 338
1 340
1 348
1 366
1 369
1 421
1 437
1 455
1 491
2 3
2 20
2 35
2 87
2 89
2 92
2 94
2 127
2 205
2 272
2 281
2 353
2 397
2 408
2 449
3 4
3 36
3 142
3 165
3 183
3 232
3 292
3 304
3 310
3 352
3 360
3 391
3 404
3 466
3 469
3 493
4 5
4 71
4 82
4 89
4 111
4 114
4 132
4 180
4 261
4 266
4 325
4 368
4 383
4 385
4 387
4 466
5 6
5 54
5 167
5 233
5 246
5 260
5 277
5 314
5 337
5 440
5 450
5 453
6 7
6 38
6 44
6 54
6 65
6 142
6 144
6 193
6 196
6 199
6 227
6 243
6 255
6 296
6 318
6 387
6 457
6 473
7 8
7 28
7 32
7 104
7 110
7 120
7 134
7 140
7 143
7 148
7 156
7 162
7 193
7 277
7 328
7 370
7 383
7 434
7 437
7 446
7 488
8 9
8 33
8 40
8 47
8 68
8 110
8 114
8 144
8 215
8 235
8 266
8 296
8 365
8 496
9 10
9 19
9 33
9 40
9 48
9 75
9 81
9 172
9 182
9 235
9 237
9 265
9 273
9 309
9 395
9 444
9 493
9 494
10 11
10 22
10 197
10 230
10 245
10 327
10 331
10 341
10 396
10 447
10 469
11 12
11 19
11 62
11 83
11 101
11 110
11 129
11 138
11 163
11 175
11 176
11 299
11 312
11 319
11 375
11 378
11 382
11 388
11 421
12 13
12 14
12 23
12 85
12 111
12 120
12 128
12 147
12 190
12 243
12 245
12 247
12 274
12 281
12 285
12 320
12 334
12 354
12 390
12 414
12 431
12 440
12 468
12 472
12 477
13 14
13 31
13 45
13 117
13 196
13 218
13 223
13 235
13 265
13 268
13 274
13 362
13 364
13 370
13 394
13 400
13 414
13 447
14 15
14 103
14 115
14 120
14 143
14 183
14 196
14 238
14 242
14 244
14 254
14 268
14 316
14 371
14 395
15 16
15 30
15 33
15 73
15 104
15 137
15 138
15 160
15 175
15 214
15 225
15 250
15 258
15 282
15 376
15 485
16 17
16 19
16 56
16 75
16 77
16 119
16 126
16 159
16 217
16 239
16 247
16 271
16 282
16 292
16 324
16 357
16 397
16 399
16 458
16 461
16 465
16 485
17 18
17 19
17 42
17 97
17 106
17 126
17 136
17 149
17 169
17 175
17 267
17 296
17 329
17 399
17 417
17 430
17 445
17 492
18 19
18 38
18 53
18 62
18 86
18 200
18 207
18 210
18 215
18 271
18 317
18 346
18 381
18 426
18 444
18 454
18 476
19 20
19 48
19 173
19 176
19 182
19 198
19 216
19 222
19 278
19 327
19 328
19 386
19 435
19 447
19 452
19 455
19 461
19 485
19 493
19 494
20 21
20 24
20 105
20 109
20 118
20 123
20 130
20 135
20 148
20 170
20 174
20 190
20 193
20 275
20 291
20 314
20 337
20 393
20 396
20 456
21 22
21 47
21 78
21 121
21 202
21 206
21 220
21 231
21 258
21 286
21 315
21 435
21 476
21 487
22 23
22 58
22 123
22 130
22 153
22 169
22 252
22 281
22 286
22 304
22 330
22 367
22 421
22 448
23 24
23 40
23 42
23 50
23 112
23 121
23 157
23 167
23 183
23 191
23 200
23 254
23 280
23 282
23 359
23 373
23 383
23 397
23 398
23 429
23 487
24 25
24 35
24 71
24 131
24 156
24 178
24 202
24 212
24 260
24 263
24 274
24 298
24 363
24 364
24 368
24 386
24 388
24 403
24 405
24 431
24 472
24 477
25 26
25 55
25 56
25 73
25 80
25 144
25 153
25 155
25 176
25 181
25 238
25 242
25 253
25 264
25 396
25 473
25 496
26 27
26 128
26 142
26 143
26 168
26 229
26 231
26 255
26 257
26 258
26 275
26 290
26 305
26 315
26 364
26 385
26 389
26 391
26 426
26 457
26 470
26 480
26 484
26 490
27 28
27 72
27 80
27 87
27 88
27 90
27 152
27 161
27 188
27 205
27 224
27 311
27 315
27 341
27 344
27 381
27 416
27 437
27 464
27 498
28 29
28 39
28 143
28 162
28 240
28 255
28 372
28 487
29 30
29 77
29 79
29 163
29 189
29 217
29 226
29 283
29 287
29 298
29 305
29 308
29 315
29 346
29 350
29 354
29 390
29 412
29 423
29 436
29 447
29 469
30 31
30 32
30 60
30 65
30 66
30 99
30 101
30 135
30 143
30 145
30 152
30 173
30 196
30 204
30 233
30 259
30 266
30 297
30 324
30 396
30 425
30 466
31 32
31 39
31 41
31 80
31 93
31 122
31 130
31 139
31 161
31 168
31 184
31 200
31 305
31 310
31 311
31 342
31 393
31 403
31 407
31 425
31 485
32 33
32 47
32 70
32 85
32 96
32 100
32 125
32 133
32 142
32 151
32 181
32 190
32 248
32 286
32 297
32 299
32 354
32 389
32 409
33 34
33 45
33 78
33 101
33 139
33 198
33 210
33 222
33 291
33 331
33 364
33 391
33 414
33 434
33 479
34 35
34 41
34 69
34 76
34 82
34 176
34 206
34 341
34 390
34 394
34 423
34 468
34 498
35 36
35 55
35 57
35 104
35 132
35 151
35 160
35 185
35 242
35 252
35 362
35 404
35 412
35 424
35 427
35 433
35 452
35 484
36 37
36 39
36 179
36 194
36 239
36 244
36 252
36 266
36 292
36 315
36 331
36 332
36 356
36 360
37 38
37 80
37 102
37 147
37 152
37 180
37 189
37 195
37 210
37 225
37 251
37 284
37 288
37 291
37 293
37 326
37 349
37 382
37 383
37 395
37 399
37 414
37 469
38 39
38 70
38 125
38 127
38 156
38 157
38 175
38 200
38 211
38 215
38 227
38 261
38 419
39 40
39 44
39 60
39 83
39 97
39 185
39 215
39 232
39 249
39 259
39 303
39 327
39 343
39 358
39 363
39 422
39 470
39 490
39 492
40 41
40 44
40 81
40 109
40 133
40 141
40 254
40 259
40 284
40 366
40 377
40 428
40 432
40 466
40 469
40 474
41 42
41 62
41 66
41 103
41 113
41 164
41 171
41 245
41 251
41 253
41 315
41 361
41 385
41 393
41 394
41 405
41 414
41 426
41 446
42 43
42 45
42 88
42 166
42 173
42 180
42 272
42 341
42 346
42 354
42 359
42 373
42 379
42 400
42 412
42 414
42 472
42 483
43 44
43 67
43 81
43 124
43 133
43 140
43 165
43 182
43 183
43 202
43 244
43 280
43 298
43 350
43 363
43 403
43 432
43 479
43 495
44 45
44 69
44 78
44 88
44 97
44 107
44 145
44 151
44 153
44 189
44 196
44 217
44 257
44 269
44 292
44 299
44 300
44 359
44 457
44 492
45 46
45 182
45 229
45 292
45 325
45 384
45 405
45 409
45 448
45 488
45 489
46 47
46 61
46 77
46 103
46 133
46 188
46 241
46 262
46 280
46 323
46 325
46 338
46 346
46 366
46 373
46 390
46 394
46 403
46 432
46 483
46 486
47 48
47 93
47 119
47 139
47 146
47 147
47 180
47 245
47 296
47 322
47 397
47 402
47 407
47 421
47 440
47 457
47 478
48 49
48 75
48 77
48 83
48 112
48 119
48 160
48 202
48 233
48 289
48 301
48 325
48 340
48 351
48 377
48 382
48 421
48 433
48 435
48 463
49 50
49 74
49 113
49 121
49 141
49 178
49 230
49 264
49 285
49 290
49 345
49 357
49 366
49 380
49 388
49 411
49 488
50 51
50 64
50 92
50 128
50 156
50 164
50 277
50 305
50 316
50 444
50 464
50 471
50 484
50 486
51 52
51 94
51 99
51 194
51 229
51 237
51 245
51 267
51 282
51 341
51 342
51 376
51 378
51 407
51 415
51 456
52 53
52 71
52 94
52 111
52 158
52 221
52 222
52 234
52 245
52 286
52 291
52 297
52 412
52 438
52 485
53 54
53 98
53 108
53 204
53 220
53 225
53 245
53 286
53 293
53 298
53 322
53 365
53 372
53 373
53 424
53 444
53 451
53 491
54 55
54 74
54 102
54 125
54 156
54 170
54 325
54 368
54 376
54 395
54 403
54 411
54 428
54 465
55 56
55 57
55 61
55 87
55 90
55 115
55 166
55 186
55 188
55 217
55 234
55 284
55 385
55 386
55 447
55 472
55 479
56 57
56 163
56 168
56 178
56 202
56 226
56 288
56 292
56 369
56 408
56 420
56 439
56 445
56 451
56 465
57 58
57 61
57 63
57 101
57 104
57 127
57 228
57 229
57 232
57 258
57 293
57 303
57 316
57 339
57 378
57 419
57 423
57 469
57 497
58 59
58 122
58 133
58 147
58 152
58 162
58 205
58 207
58 212
58 218
58 229
58 236
58 279
58 288
58 311
58 312
58 313
58 319
58 333
58 357
58 363
58 366
58 397
58 398
58 419
58 452
58 462
58 491
59 60
59 65
59 68
59 119
59 194
59 206
59 210
59 213
59 215
59 241
59 271
59 279
59 347
59 411
59 430
59 482
59 493
59 497
60 61
60 128
60 182
60 192
60 226
60 246
60 247
60 274
60 316
60 336
60 356
60 364
60 392
60 403
60 405
60 412
60 451
60 494
61 62
61 64
61 75
61 76
61 87
61 96
61 111
61 152
61 203
61 211
61 216
61 226
61 233
61 250
61 294
61 359
61 431
61 433
61 441
61 466
61 467
61 493
61 497
62 63
62 125
62 133
62 184
62 202
62 209
62 211
62 222
62 227
62 253
62 291
62 307
62 404
62 439
63 64
63 113
63 145
63 163
63 219
63 241
63 273
63 277
63 280
63 286
63 293
63 297
63 300
63 302
63 318
63 319
63 340
63 389
63 398
63 399
63 471
64 65
64 77
64 87
64 102
64 186
64 208
64 250
64 297
64 404
64 416
64 475
64 490
64 495
65 66
65 68
65 79
65 93
65 138
65 151
65 236
65 259
65 261
65 266
65 283
65 292
65 299
65 317
65 330
65 334
65 339
65 350
65 395
65 410
65 432
65 436
65 438
65 439
65 450
65 471
65 473
65 485
66 67
66 71
66 147
66 159
66 181
66 239
66 245
66 263
66 266
66 271
66 274
66 277
66 347
66 355
66 356
66 385
66 433
66 453
66 454
66 497
67 68
67 89
67 117
67 118
67 124
67 141
67 281
67 316
67 345
67 359
67 381
67 394
67 396
67 412
67 418
67 474
68 69
68 85
68 99
68 104
68 111
68 160
68 191
68 211
68 235
68 269
68 273
68 303
68 326
68 334
68 349
68 382
68 405
68 407
68 452
68 470
68 471
68 477
68 479
68 484
69 70
69 101
69 163
69 167
69 241
69 243
69 253
69 262
69 275
69 304
69 325
69 373
69 409
69 440
69 445
69 452
69 499
70 71
70 109
70 112
70 152
70 156
70 182
70 190
70 205
70 229
70 264
70 266
70 280
70 309
70 352
70 367
70 413
70 475
70 476
70 488
70 498
71 72
71 74
71 76
71 95
71 99
71 163
71 187
71 190
71 196
71 231
71 263
71 285
71 318
71 326
71 352
71 362
71 376
71 400
71 414
71 415
71 441
71 450
71 453
71 469
71 490
72 73
72 156
72 157
72 283
72 329
72 344
72 432
73 74
73 176
73 190
73 200
73 263
73 281
73 298
73 329
73 345
73 437
73 447
73 462
73 471
73 485
74 75
74 84
74 117
74 157
74 167
74 229
74 254
74 260
74 279
74 302
74 315
74 316
74 334
74 337
74 391
74 436
74 452
74 491
74 499
75 76
75 88
75 92
75 112
75 113
75 143
75 182
75 187
75 302
75 307
75 313
75 331
75 358
75 388
75 456
75 474
76 77
76 130
76 154
76 193
76 198
76 262
76 285
76 297
76 307
76 316
76 327
76 330
76 341
76 420
76 465
77 78
77 106
77 141
77 167
77 175
77 181
77 190
77 198
77 214
77 221
77 253
77 304
77 361
77 374
77 415
77 427
77 447
77 486
78 79
78 111
78 137
78 147
78 207
78 214
78 265
78 311
78 341
78 384
78 432
78 434
78 450
78 457
78 470
78 483
78 491
79 80
79 94
79 96
79 103
79 111
79 217
79 225
79 241
79 275
79 316
79 318
79 323
79 325
79 336
79 341
79 426
79 428
79 433
79 436
79 448
79 462
79 468
80 81
80 96
80 110
80 111
80 132
80 136
80 142
80 159
80 190
80 206
80 227
80 238
80 252
80 256
80 257
80 270
80 377
80 407
80 413
80 429
80 463
80 465
80 470
80 474
80 484
80 490
81 82
81 102
81 119
81 160
81 244
81 250
81 263
81 271
81 313
81 322
81 344
81 348
81 450
82 83
82 166
82 168
82 229
82 309
82 340
82 465
82 499
83 84
83 113
83 116
83 127
83 153
83 217
83 236
83 268
83 299
83 320
83 335
83 377
83 399
83 415
83 433
83 479
83 486
84 85
84 102
84 174
84 209
84 211
84 242
84 292
84 321
84 343
84 391
84 433
84 440
84 467
84 488
84 498
85 86
85 91
85 115
85 121
85 131
85 146
85 212
85 256
85 257
85 277
85 315
85 343
85 347
85 357
85 400
85 416
85 459
85 465
85 468
85 490
85 497
86 87
86 112
86 123
86 128
86 143
86 158
86 256
86 278
86 301
86 302
86 312
86 369
86 377
86 468
87 88
87 109
87 136
87 168
87 190
87 216
87 251
87 295
87 335
87 358
87 420
87 498
88 89
88 96
88 185
88 199
88 203
88 229
88 277
88 279
88 369
88 379
88 403
88 404
88 407
88 476
88 484
88 498
89 90
89 224
89 257
89 262
89 265
89 269
89 274
89 291
89 301
89 368
89 425
89 467
89 469
89 475
89 478
90 91
90 100
90 103
90 124
90 125
90 143
90 158
90 203
90 210
90 254
90 256
90 274
90 277
90 321
90 325
90 337
90 338
90 358
90 361
90 443
90 481
90 482
91 92
91 96
91 125
91 160
91 177
91 208
91 229
91 262
91 286
91 296
91 314
91 379
91 426
91 430
91 453
91 486
91 498
92 93
92 95
92 125
92 177
92 203
92 215
92 233
92 262
92 265
92 276
92 280
92 364
92 365
92 380
92 467
92 475
92 481
93 94
93 108
93 139
93 142
93 153
93 176
93 198
93 211
93 285
93 326
93 392
93 437
93 448
94 95
94 122
94 128
94 145
94 181
94 201
94 309
94 412
94 437
94 459
94 464
95 96
95 107
95 158
95 176
95 194
95 228
95 242
95 289
95 309
95 433
95 455
95 461
95 484
96 97
96 101
96 108
96 226
96 256
96 285
96 299
96 363
96 438
96 446
96 448
96 453
97 98
97 199
97 224
97 244
97 248
97 276
97 289
97 322
97 414
97 426
97 438
97 477
97 478
98 99
98 117
98 198
98 227
98 250
98 333
98 356
98 371
98 414
98 459
99 100
99 110
99 154
99 159
99 164
99 175
99 189
99 225
99 316
99 321
99 413
99 446
99 477
100 101
100 110
100 120
100 121
100 123
100 134
100 141
100 152
100 225
100 256
100 314
100 348
100 359
100 369
100 370
100 383
100 386
100 399
100 406
100 412
100 417
100 452
101 102
101 133
101 187
101 219
101 281
101 284
101 302
101 306
101 321
101 325
101 449
101 473
101 484
101 495
101 496
102 103
102 105
102 150
102 167
102 192
102 201
102 207
102 242
102 259
102 296
102 319
102 359
102 368
102 388
102 420
102 440
103 104
103 115
103 140
103 176
103 204
103 205
103 217
103 222
103 230
103 238
103 296
103 297
103 306
103 329
103 351
103 366
103 385
103 463
103 466
103 477
103 483
103 495
104 105
104 131
104 158
104 163
104 166
104 194
104 207
104 259
104 261
104 357
104 398
105 106
105 125
105 157
105 166
105 245
105 254
105 271
105 299
105 307
105 319
105 353
105 394
105 428
105 446
105 451
106 107
106 112
106 133
106 158
106 166
106 176
106 214
106 252
106 270
106 318
106 400
106 434
106 482
106 495
107 108
107 118
107 127
107 166
107 171
107 183
107 209
107 264
107 276
107 291
107 295
107 310
107 333
107 347
107 367
107 427
107 442
107 452
107 480
108 109
108 127
108 203
108 221
108 272
108 293
108 305
108 353
108 401
108 449
108 483
108 487
109 110
109 111
109 126
109 141
109 150
109 157
109 177
109 214
109 268
109 290
109 359
109 397
109 421
109 439
109 445
109 456
109 457
110 111
110 163
110 165
110 198
110 222
110 229
110 243
110 251
110 301
110 309
110 316
110 357
110 376
110 394
110 458
111 112
111 120
111 178
111 184
111 246
111 255
111 293
111 301
111 314
111 324
111 352
111 406
111 435
111 439
111 479
111 492
112 113
112 165
112 237
112 268
112 359
112 373
112 381
112 417
112 426
112 460
112 483
112 486
113 114
113 126
113 130
113 151
113 185
113 257
113 337
113 408
113 434
113 486
113 491
113 497
114 115
114 122
114 129
114 181
114 258
114 261
114 270
114 293
114 309
114 364
114 383
114 389
114 411
114 413
114 414
114 417
114 466
114 477
114 480
115 116
115 123
115 139
115 183
115 202
115 204
115 234
115 279
115 307
115 309
115 347
115 378
115 381
115 439
115 453
115 474
115 481
116 117
116 151
116 155
116 201
116 204
116 209
116 266
116 272
116 282
116 300
116 314
116 340
116 369
116 454
116 456
116 461
116 476
117 118
117 138
117 140
117 178
117 192
117 294
117 309
117 340
117 364
117 373
118 119
118 160
118 225
118 229
118 235
118 241
118 318
118 338
118 363
118 401
118 439
118 474
118 490
119 120
119 125
119 135
119 193
119 215
119 292
119 346
119 348
119 351
119 387
119 423
119 448
119 456
119 461
120 121
120 133
120 222
120 234
120 307
120 318
120 329
120 396
120 456
120 478
121 122
121 163
121 184
121 185
121 218
121 278
121 323
121 340
121 371
121 423
121 469
122 123
122 126
122 205
122 237
122 240
122 286
122 300
122 351
122 403
122 414
122 433
122 454
122 483
123 124
123 149
123 169
123 179
123 196
123 198
123 239
123 331
123 347
123 472
124 125
124 133
124 147
124 184
124 201
124 228
124 234
124 238
124 249
124 263
124 290
124 296
124 371
124 390
124 391
124 401
124 416
124 417
124 421
124 456
124 466
125 126
125 167
125 177
125 201
125 241
125 268
125 276
125 290
125 437
125 441
125 442
125 477
126 127
126 139
126 147
126 177
126 239
126 281
126 293
126 294
126 310
126 336
126 341
126 368
126 376
126 383
126 462
126 497
126 499
127 128
127 138
127 140
127 165
127 193
127 299
127 315
127 323
127 339
127 340
127 369
127 372
127 375
127 378
127 399
127 422
127 424
128 129
128 134
128 179
128 185
128 245
128 252
128 272
128 274
128 315
128 327
128 338
128 353
128 359
128 369
128 375
128 440
128 484
129 130
129 187
129 231
129 264
129 279
129 294
129 299
129 328
129 379
129 403
129 410
129 440
129 468
129 470
129 472
129 485
129 486
129 489
130 131
130 134
130 165
130 168
130 203
130 235
130 274
130 276
130 280
130 311
130 355
130 356
130 375
130 388
130 415
130 424
130 437
130 457
130 481
131 132
131 135
131 148
131 172
131 203
131 240
131 244
131 265
131 267
131 322
131 345
131 357
131 379
131 381
131 384
131 392
131 462
131 476
131 479
131 490
132 133
132 160
132 162
132 206
132 227
132 250
132 287
132 334
132 358
132 401
132 420
133 134
133 155
133 260
133 272
133 351
133 370
133 375
133 386
133 395
133 404
133 405
133 432
133 450
133 451
133 458
133 476
133 499
134 135
134 172
134 206
134 207
134 210
134 261
134 348
134 359
134 443
134 446
135 136
135 143
135 162
135 180
135 247
135 290
135 317
135 357
135 359
135 362
135 374
135 387
135 389
135 412
135 443
135 480
136 137
136 159
136 183
136 322
136 343
136 345
136 368
136 374
136 378
136 395
136 422
136 452
136 464
136 472
136 484
136 491
136 497
137 138
137 180
137 260
137 303
137 325
137 335
137 336
137 355
138 139
138 164
138 176
138 194
138 236
138 300
138 375
138 383
139 140
139 169
139 176
139 192
139 209
139 219
139 234
139 261
139 270
139 300
139 334
139 385
139 394
139 400
139 438
139 466
139 492
140 141
140 144
140 156
140 208
140 245
140 285
140 296
140 300
140 327
140 331
140 333
140 367
140 396
140 415
140 433
140 454
140 489
141 142
141 186
141 188
141 251
141 281
141 304
141 317
141 323
141 337
141 341
141 347
141 362
141 393
141 440
141 467
141 496
142 143
142 168
142 184
142 218
142 228
142 256
142 268
142 313
142 324
142 337
142 369
142 383
142 490
143 144
143 152
143 161
143 165
143 175
143 223
143 229
143 245
143 254
143 258
143 270
143 309
143 310
143 343
143 356
143 456
143 482
144 145
144 149
144 177
144 216
144 225
144 233
144 249
144 278
144 302
144 345
144 362
144 405
144 442
144 474
144 494
145 146
145 245
145 257
145 274
145 295
145 296
145 323
145 329
145 335
145 346
145 429
145 473
145 489
146 147
146 251
146 252
146 277
146 288
146 329
146 360
146 393
146 431
146 457
146 478
147 148
147 158
147 203
147 243
147 253
147 263
147 267
147 284
147 311
147 356
147 364
147 422
147 438
147 447
147 451
147 467
147 468
148 149
148 190
148 209
148 280
148 290
148 322
148 361
148 366
148 396
148 493
149 150
149 187
149 208
149 243
149 247
149 284
149 305
149 324
149 364
149 365
149 417
149 425
149 427
149 463
150 151
150 173
150 196
150 226
150 270
150 292
150 333
150 353
150 461
150 466
150 475
150 496
151 152
151 206
151 260
151 360
151 379
151 389
151 414
151 415
151 420
151 437
151 450
152 153
152 202
152 246
152 252
152 288
152 335
152 344
152 374
152 413
153 154
153 155
153 215
153 232
153 245
153 263
153 284
153 334
153 369
153 381
153 383
153 445
153 495
154 155
154 158
154 225
154 233
154 234
154 235
154 275
154 290
154 302
154 334
154 339
154 373
154 374
154 384
154 387
154 402
154 405
154 429
154 446
154 471
154 492
154 495
155 156
155 185
155 213
155 271
155 291
155 359
155 367
155 408
155 415
155 423
155 437
155 484
156 157
156 207
156 245
156 268
156 279
156 327
156 349
156 354
156 362
156 391
156 398
156 415
156 439
156 445
157 158
157 228
157 254
157 277
157 289
157 324
157 349
157 355
157 366
157 375
157 392
157 394
157 431
157 436
157 493
157 495
158 159
158 183
158 189
158 242
158 273
158 284
158 343
158 356
158 364
158 462
159 160
159 178
159 187
159 201
159 229
159 250
159 278
159 323
159 379
159 409
159 429
159 461
159 471
159 481
160 161
160 180
160 191
160 204
160 248
160 252
160 273
160 280
160 328
160 331
160 380
160 392
160 414
160 438
160 471
161 162
161 224
161 249
161 269
161 290
161 291
161 311
161 349
161 374
161 402
161 468
161 479
161 490
161 498
162 163
162 193
162 261
162 290
162 305
162 309
162 319
162 323
162 388
162 432
162 466
162 488
162 494
162 496
163 164
163 209
163 219
163 254
163 265
163 285
163 362
163 364
163 386
163 398
163 428
163 440
163 487
164 165
164 243
164 355
164 356
164 366
164 371
164 385
164 386
165 166
165 175
165 177
165 188
165 244
165 252
165 254
165 278
165 304
165 319
165 353
165 368
165 374
165 406
165 430
165 485
166 167
166 180
166 183
166 197
166 210
166 231
166 253
166 330
166 344
166 352
166 379
166 395
166 398
166 401
166 457
166 488
167 168
167 186
167 229
167 243
167 263
167 316
167 345
167 352
167 366
167 390
167 391
167 395
167 437
167 461
167 484
167 489
168 169
168 218
168 220
168 273
168 285
168 397
168 402
168 434
168 476
168 479
169 170
169 184
169 306
169 341
169 342
169 468
170 171
170 174
170 194
170 225
170 231
170 239
170 247
170 266
170 295
170 356
170 398
170 485
171 172
171 183
171 275
171 348
171 353
171 392
171 398
171 417
171 430
171 468
171 476
171 489
171 491
172 173
172 175
172 177
172 190
172 221
172 271
172 274
172 284
172 294
172 301
172 337
172 352
172 375
172 412
173 174
173 187
173 211
173 293
173 377
173 385
173 389
173 401
173 440
173 446
173 480
173 494
174 175
174 209
174 231
174 266
174 279
174 307
174 311
174 321
174 388
175 176
175 217
175 219
175 234
175 241
175 275
175 291
175 317
175 343
175 350
175 433
175 499
176 177
176 231
176 341
176 358
176 367
176 373
176 450
176 498
177 178
177 213
177 218
177 294
177 300
177 310
177 312
177 326
177 353
177 361
177 378
177 395
177 432
177 484
178 179
178 183
178 199
178 233
178 251
178 265
178 266
178 271
178 296
178 339
178 377
178 395
178 412
178 423
178 438
178 465
178 467
178 472
179 180
179 207
179 217
179 261
179 263
179 313
179 353
179 415
179 423
179 426
179 451
179 467
180 181
180 182
180 199
180 200
180 220
180 242
180 246
180 299
180 305
180 399
180 405
180 443
181 182
181 212
181 222
181 239
181 253
181 264
181 357
181 383
181 440
181 486
181 499
182 183
182 184
182 215
182 242
182 279
182 330
182 337
182 340
182 362
182 413
182 421
182 433
182 445
182 497
183 184
183 202
183 219
183 234
183 308
183 311
183 319
183 320
183 373
183 376
183 392
183 437
183 459
183 483
183 486
183 492
183 496
184 185
184 186
184 189
184 203
184 297
184 317
184 359
184 396
184 460
184 483
185 186
185 227
185 288
185 309
185 358
185 378
185 388
186 187
186 294
186 332
186 349
186 351
186 372
186 407
186 496
187 188
187 204
187 205
187 218
187 245
187 250
187 258
187 280
187 291
187 318
187 349
187 374
187 377
187 434
187 448
187 469
187 483
188 189
188 190
188 236
188 310
188 361
188 405
188 422
188 432
188 455
188 470
188 471
189 190
189 270
189 322
189 366
189 406
189 412
189 491
190 191
190 223
190 232
190 245
190 261
190 265
190 270
190 282
190 400
191 192
191 240
191 261
191 313
191 322
191 344
191 388
191 391
191 424
191 450
191 452
191 457
191 464
191 483
192 193
192 205
192 213
192 314
192 334
192 346
192 413
192 420
192 427
192 437
192 475
193 194
193 195
193 236
193 239
193 264
193 358
193 387
193 410
193 435
193 443
193 451
193 467
194 195
194 218
194 229
194 239
194 376
194 390
194 479
195 196
195 244
195 262
195 320
195 350
195 410
195 444
195 469
196 197
196 205
196 240
196 294
196 299
196 316
196 351
196 355
196 357
196 456
197 198
197 312
197 398
197 405
197 422
197 425
197 436
197 438
197 440
197 491
198 199
198 210
198 211
198 226
198 235
198 238
198 288
198 292
198 320
198 325
198 338
198 381
198 392
198 406
198 419
198 470
198 497
198 498
199 200
199 244
199 323
199 346
199 348
199 360
199 390
199 410
199 415
199 426
199 427
199 451
199 493
200 201
200 228
200 232
200 236
200 253
200 272
200 299
200 306
200 322
200 339
200 344
200 406
200 448
200 481
200 495
201 202
201 209
201 214
201 224
201 239
201 240
201 246
201 268
201 323
201 352
201 360
201 383
201 409
201 437
201 438
201 459
201 474
202 203
202 236
202 246
202 277
202 287
202 297
202 313
202 315
202 373
202 384
202 393
202 399
202 406
202 423
202 433
202 435
202 462
202 478
203 204
203 238
203 253
203 280
203 300
203 304
203 317
203 354
203 387
203 450
203 483
203 486
203 497
204 205
204 208
204 218
204 270
204 279
204 303
204 356
204 381
204 424
205 206
205 216
205 226
205 264
205 286
205 333
205 405
206 207
206 220
206 232
206 246
206 326
206 381
206 385
206 386
206 394
206 419
206 483
206 485
207 208
207 218
207 225
207 228
207 238
207 241
207 246
207 252
207 262
207 362
207 413
207 440
208 209
208 215
208 233
208 269
208 330
208 339
208 361
208 379
208 403
208 414
208 437
209 210
209 291
209 309
209 330
209 343
209 381
209 391
209 417
209 466
209 485
210 211
210 255
210 272
210 304
210 323
210 334
210 353
210 368
210 379
210 417
210 445
210 483
210 484
211 212
211 220
211 261
211 317
211 330
211 337
211 342
211 390
211 396
211 448
211 475
212 213
212 238
212 272
212 313
212 315
212 367
212 402
212 454
213 214
213 237
213 263
213 287
213 326
213 338
213 416
213 456
213 481
214 215
214 247
214 421
214 488
215 216
215 257
215 266
215 396
215 426
215 459
215 492
216 217
216 260
216 264
216 266
216 286
216 291
216 301
216 302
216 322
216 349
216 356
216 365
216 441
216 447
216 450
216 460
216 469
216 471
217 218
217 222
217 226
217 240
217 244
217 263
217 348
217 360
217 387
217 415
217 493
218 219
218 223
218 229
218 290
218 313
218 367
218 375
218 392
218 402
218 441
219 220
219 293
219 326
219 349
219 362
219 381
219 392
219 454
219 473
219 495
219 496
220 221
220 234
220 295
220 360
220 366
220 421
220 445
220 483
221 222
221 227
221 242
221 245
221 250
221 280
221 299
221 303
221 411
221 432
221 437
221 440
221 468
221 492
222 223
222 258
222 302
222 305
222 310
222 311
222 322
222 346
222 415
222 423
222 467
223 224
223 272
223 279
223 397
223 410
223 431
223 468
223 498
224 225
224 310
224 311
224 334
224 350
224 390
224 427
225 226
225 273
225 295
225 298
225 304
225 391
225 439
225 447
225 466
226 227
226 254
226 278
226 295
226 317
226 328
226 410
226 423
226 452
227 228
227 231
227 254
227 281
227 323
227 329
227 342
227 386
227 394
227 399
227 417
227 428
227 471
227 494
228 229
228 246
228 292
228 336
228 364
228 394
228 423
228 482
229 230
229 237
229 246
229 277
229 327
229 336
229 337
229 390
229 418
229 430
229 451
230 231
230 247
230 265
230 279
230 282
230 284
230 292
230 303
230 344
230 351
230 362
230 389
230 442
230 457
231 232
231 242
231 253
231 270
231 273
231 292
231 316
231 328
231 396
231 435
231 442
231 469
232 233
232 304
232 311
232 312
232 313
232 314
232 316
232 340
232 402
232 478
232 486
233 234
233 240
233 241
233 282
233 309
233 338
233 349
233 360
233 380
233 439
233 475
233 491
234 235
234 243
234 280
234 295
234 306
234 317
234 345
234 368
234 441
235 236
235 241
235 249
235 261
235 318
235 353
235 386
235 403
235 437
235 439
235 483
236 237
236 272
236 289
236 300
236 453
236 463
237 238
237 269
237 304
237 333
237 336
237 365
237 378
237 412
237 442
237 448
238 239
238 246
238 264
238 295
238 343
238 406
238 430
238 441
238 473
238 493
239 240
239 250
239 280
239 334
239 384
239 415
239 435
239 453
239 494
240 241
240 249
240 290
240 343
240 357
240 430
240 436
240 461
240 493
240 496
241 242
241 254
241 261
241 282
241 289
241 310
241 325
241 357
241 433
241 434
241 460
241 472
242 243
242 291
242 333
242 343
242 381
242 464
242 474
242 484
242 491
243 244
243 250
243 252
243 285
243 337
243 377
243 400
243 409
243 475
243 477
243 492
244 245
244 281
244 283
244 312
244 332
244 349
244 374
244 375
244 381
244 401
244 455
244 456
244 461
245 246
245 331
245 361
245 369
246 247
246 255
246 282
246 353
246 362
246 401
246 418
246 440
246 493
247 248
247 258
247 289
247 310
247 312
247 334
247 352
247 383
247 447
247 456
247 461
248 249
248 259
248 265
248 298
248 299
248 359
248 377
248 420
248 424
248 443
248 470
249 250
249 334
249 338
249 346
249 433
249 436
249 472
249 480
249 485
250 251
250 275
250 318
250 481
250 486
251 252
251 261
251 270
251 322
251 327
251 406
251 435
251 447
251 464
252 253
252 324
252 385
252 427
252 430
252 469
252 471
252 475
253 254
253 256
253 260
253 282
253 305
253 334
253 345
253 378
253 399
253 403
253 431
253 434
253 473
253 490
254 255
254 297
254 316
254 360
254 400
254 464
254 475
255 256
255 265
255 287
255 327
255 361
255 407
255 415
255 453
255 463
255 471
256 257
256 277
256 295
256 305
256 307
256 338
256 375
256 390
256 394
256 483
256 485
256 491
257 258
257 341
257 388
257 431
257 473
258 259
258 296
258 319
258 324
258 356
258 397
258 422
258 463
259 260
259 263
259 274
259 279
259 299
259 303
259 355
259 362
259 376
259 410
259 435
259 487
259 491
260 261
260 324
260 341
260 345
260 346
260 361
260 449
260 452
260 453
260 463
260 476
261 262
261 294
261 297
261 351
261 369
261 398
261 400
261 418
261 421
261 427
261 441
261 444
261 487
262 263
262 290
262 311
262 385
262 400
262 403
262 408
262 410
262 413
262 421
262 432
262 449
262 453
263 264
263 296
263 317
263 332
263 341
263 349
263 385
263 390
263 418
263 452
263 490
264 265
264 349
264 353
264 355
264 384
264 386
264 411
264 431
264 437
264 450
264 464
264 484
265 266
265 312
265 338
265 340
265 369
265 433
265 445
265 458
265 466
265 489
266 267
266 292
266 352
266 442
266 468
267 268
267 274
267 292
267 294
267 306
267 315
267 317
267 332
267 404
267 434
267 440
267 450
268 269
268 295
268 306
268 333
268 419
268 431
268 441
268 451
268 467
268 482
268 485
269 270
269 282
269 289
269 311
269 325
269 369
269 390
269 443
270 271
270 280
270 282
270 288
270 403
270 424
270 453
270 495
271 272
271 277
271 279
271 296
271 327
271 372
271 414
271 420
271 474
271 486
272 273
272 274
272 322
272 335
272 368
272 378
272 379
272 380
272 414
272 421
272 440
272 451
272 482
273 274
273 278
273 311
273 333
273 359
273 380
273 382
273 400
273 498
274 275
274 279
274 333
274 377
274 435
274 448
274 487
275 276
275 305
275 343
275 346
275 385
275 391
275 404
275 413
275 419
275 487
275 494
276 277
276 326
276 335
276 351
276 429
276 438
276 446
276 454
276 478
277 278
277 279
277 288
277 304
277 318
277 354
277 366
277 381
277 389
277 394
277 401
277 405
277 417
277 421
277 431
277 450
277 463
277 470
277 478
277 481
277 495
278 279
278 338
278 346
278 348
278 384
278 434
278 448
278 456
278 470
278 486
279 280
279 286
279 296
279 321
279 327
279 335
279 353
279 359
279 364
279 404
279 443
279 444
279 472
280 281
280 294
280 306
280 321
280 370
280 377
280 413
280 417
280 442
280 456
281 282
281 298
281 319
281 320
281 357
281 383
281 388
281 414
281 425
281 455
282 283
282 316
282 343
282 344
282 347
282 370
282 381
282 455
282 471
283 284
283 302
283 313
283 338
283 361
283 364
283 395
283 424
283 429
283 436
283 443
283 466
283 470
283 497
284 285
284 323
284 346
284 359
284 365
284 382
284 394
284 472
284 476
285 286
285 312
285 339
285 344
285 364
285 367
285 391
285 432
285 433
286 287
286 289
286 298
286 361
286 362
286 415
286 442
286 496
287 288
287 344
288 289
288 302
288 304
288 306
288 309
288 339
288 343
288 344
288 354
288 404
288 435
289 290
289 359
289 363
289 413
289 449
290 291
290 362
290 382
290 404
290 441
290 463
290 495
291 292
291 298
291 345
291 362
291 374
291 437
291 443
292 293
292 309
292 337
292 340
292 365
292 366
292 383
292 392
292 418
292 497
293 294
293 318
293 444
293 463
294 295
294 308
294 315
294 340
294 359
294 445
294 452
294 479
295 296
296 297
296 339
296 348
296 365
296 388
296 389
296 424
296 469
297 298
297 332
297 360
297 369
297 372
297 380
297 390
297 395
297 423
297 437
297 463
298 299
298 312
298 359
298 369
298 400
298 409
298 472
298 475
298 480
299 300
299 405
299 406
299 436
299 489
300 301
300 302
300 336
300 359
300 398
300 452
300 458
300 466
300 467
301 302
301 337
301 360
301 386
301 406
301 433
301 466
302 303
302 361
302 411
302 435
302 438
302 460
302 463
302 465
303 304
303 308
303 350
303 370
303 399
303 440
303 463
303 471
303 475
303 496
304 305
304 312
304 382
304 406
304 432
304 462
304 465
304 466
304 468
304 484
304 490
304 492
305 306
305 334
305 345
305 366
305 383
305 467
305 472
305 479
306 307
306 332
306 341
306 346
306 352
306 381
306 441
306 469
306 496
307 308
307 328
307 349
307 381
307 409
307 441
307 458
307 466
308 309
308 318
308 331
308 358
308 381
308 386
308 410
308 411
308 455
308 484
308 497
309 310
309 314
309 317
309 324
309 377
309 387
309 403
309 424
309 447
309 481
310 311
310 326
310 366
310 388
310 412
310 455
310 473
310 480
310 488
311 312
311 317
311 326
311 338
311 342
311 359
311 360
311 375
311 396
311 399
311 412
311 431
311 498
311 499
312 313
312 333
312 386
312 396
312 397
312 411
312 436
312 455
312 467
313 314
313 318
313 334
313 371
313 382
313 386
313 387
313 419
313 437
313 486
313 488
314 315
314 353
314 359
314 379
314 434
314 446
315 316
315 431
315 438
315 465
316 317
316 330
316 448
316 454
316 459
317 318
317 336
317 363
317 386
317 426
317 466
318 319
318 336
318 340
318 360
318 380
318 423
318 443
319 320
319 335
319 355
319 404
319 420
319 468
319 498
320 321
320 420
320 439
320 440
320 461
320 484
321 322
321 354
321 361
321 407
321 453
321 463
321 486
321 489
322 323
322 324
322 331
322 335
322 342
322 361
322 386
322 399
323 324
323 342
323 371
323 392
323 394
323 436
323 449
323 479
323 485
323 496
324 325
324 365
324 395
324 413
324 466
325 326
325 354
325 368
325 409
325 412
325 435
325 471
325 497
326 327
326 387
326 417
326 428
327 328
327 330
327 333
327 392
327 405
327 410
327 415
327 421
328 329
328 391
328 399
328 403
328 457
328 462
328 464
328 469
328 470
328 481
328 499
329 330
329 344
329 357
329 366
329 372
329 410
330 331
330 349
330 379
330 408
330 414
330 437
331 332
331 336
331 344
331 353
331 409
331 457
331 473
332 333
332 484
333 334
333 374
333 392
333 424
333 463
334 335
334 360
334 376
334 403
334 413
334 456
334 493
334 495
335 336
335 363
335 365
335 396
335 431
335 442
335 452
335 495
336 337
336 354
336 357
336 370
336 371
336 415
336 441
336 468
336 471
337 338
337 386
337 423
337 429
337 479
337 482
338 339
338 349
338 363
338 390
338 419
338 456
338 477
338 487
339 340
339 385
339 419
339 420
339 435
339 463
340 341
340 343
340 347
340 428
340 436
340 450
340 456
340 476
340 499
341 342
341 352
341 381
341 479
342 343
342 350
343 344
343 347
343 421
343 428
343 490
344 345
344 379
344 410
344 445
344 452
345 346
345 350
345 368
345 391
346 347
346 367
346 369
346 373
346 405
346 415
346 419
346 423
346 443
346 451
346 473
347 348
347 378
347 441
347 458
347 466
348 349
348 401
348 406
348 416
348 428
348 446
349 350
349 361
349 365
349 418
349 445
350 351
350 388
350 441
350 460
350 469
350 472
350 486
351 352
351 379
351 381
351 400
351 426
351 436
351 454
351 472
351 489
352 353
352 389
352 394
352 399
352 409
352 419
352 482
353 354
353 366
353 385
353 395
353 416
353 420
353 422
354 355
354 385
354 386
354 387
354 388
354 398
354 418
354 463
354 467
354 488
355 356
355 377
355 424
355 435
355 486
356 357
356 379
356 392
356 430
357 358
357 393
357 395
357 432
358 359
358 360
358 405
358 420
358 460
358 480
359 360
359 388
359 398
359 439
359 447
359 451
359 468
359 486
359 495
360 361
360 376
361 362
361 363
361 395
361 480
361 487
361 499
362 363
362 369
362 445
362 467
362 478
363 364
363 445
363 455
363 470
363 479
364 365
364 377
364 392
364 406
364 413
364 415
364 427
364 446
364 447
364 449
364 454
364 490
365 366
365 396
365 406
365 407
365 433
365 440
365 469
365 485
365 497
366 367
366 388
366 402
366 412
366 425
366 461
366 478
367 368
367 384
367 404
367 405
367 408
367 450
367 486
368 369
368 377
368 437
368 441
368 446
368 447
368 482
369 370
369 371
369 391
369 401
369 488
370 371
370 402
370 403
370 406
370 413
371 372
371 402
371 407
371 431
371 457
371 485
372 373
373 374
373 398
373 451
373 453
373 476
374 375
374 408
374 428
374 435
374 481
375 376
375 384
375 388
375 401
375 450
375 476
375 484
376 377
376 395
376 398
376 403
376 456
376 482
376 485
376 495
377 378
377 382
377 384
377 396
377 483
377 494
378 379
378 399
378 424
378 430
378 446
378 452
379 380
379 383
379 391
379 397
380 381
380 446
380 449
380 475
380 485
381 382
381 427
381 441
381 476
382 383
382 395
382 416
382 443
382 499
383 384
383 429
383 467
383 487
384 385
384 386
384 493
385 386
385 397
385 398
385 442
385 453
385 468
385 499
386 387
386 407
386 422
386 466
386 471
386 495
387 388
387 462
387 479
388 389
388 440
388 443
388 445
388 452
388 456
389 390
389 405
389 425
389 460
390 391
390 414
390 436
390 441
390 444
391 392
391 400
391 409
391 434
391 435
391 450
391 458
392 393
392 439
393 394
393 400
393 401
393 431
393 446
393 474
393 491
394 395
394 400
394 437
394 447
394 485
395 396
395 415
396 397
396 413
396 437
396 455
396 461
396 470
396 477
396 498
397 398
397 422
397 490
398 399
398 481
399 400
399 401
399 402
399 419
399 449
399 472
399 477
399 483
400 401
400 415
400 487
401 402
401 438
401 470
402 403
402 427
402 479
403 404
403 411
403 413
403 418
403 464
403 477
403 485
403 489
403 496
404 405
404 415
404 434
404 444
405 406
405 407
405 408
405 418
405 457
405 493
406 407
406 417
406 439
406 440
406 453
406 470
406 481
407 408
407 479
407 490
408 409
408 442
408 453
408 479
408 480
409 410
409 413
409 438
409 448
410 411
410 418
410 466
410 497
411 412
411 417
411 445
412 413
412 419
412 423
412 458
413 414
413 438
413 440
413 472
414 415
414 449
414 472
414 488
415 416
415 454
415 487
416 417
416 452
416 457
416 466
417 418
417 422
417 490
418 419
418 450
418 459
418 462
418 492
419 420
419 449
420 421
420 434
420 448
420 452
420 480
420 496
421 422
421 463
422 423
422 434
422 438
422 481
423 424
423 439
423 441
423 464
423 494
424 425
424 431
424 455
425 426
425 433
426 427
426 451
426 466
426 494
426 498
427 428
427 431
427 438
427 463
427 470
428 429
428 485
429 430
429 454
429 459
429 465
430 431
430 438
430 499
431 432
431 472
431 479
432 433
433 434
433 448
434 435
435 436
435 466
435 487
436 437
436 439
436 457
436 470
436 495
436 496
437 438
437 443
437 444
437 448
437 468
437 494
438 439
438 447
438 458
438 462
439 440
439 468
439 473
440 441
440 443
440 466
440 474
441 442
441 489
442 443
442 450
442 464
442 476
443 444
443 460
443 484
444 445
444 459
444 461
444 467
444 468
444 489
444 494
445 446
445 457
446 447
446 459
446 470
446 499
447 448
447 482
447 485
448 449
448 454
448 466
449 450
450 451
450 485
451 452
451 468
452 453
452 496
453 454
454 455
454 489
454 493
455 456
455 458
455 474
455 488
455 492
456 457
456 471
456 482
456 499
457 458
457 479
457 484
458 459
458 462
458 479
458 487
458 497
459 460
460 461
460 466
460 492
461 462
462 463
462 468
463 464
463 479
463 487
464 465
464 466
464 479
465 466
465 470
466 467
466 470
467 468
467 490
468 469
469 470
469 482
470 471
470 479
470 495
471 472
472 473
473 474
473 486
473 497
473 498
474 475
475 476
475 488
476 477
477 478
477 487
478 479
478 494
479 480
480 481
480 491
480 493
480 499
481 482
482 483
482 487
482 491
483 484
484 485
485 486
485 498
486 487
486 497
487 488
488 489
489 490
490 491
491 492
492 493
492 497
493 494
494 495
495 496
495 497
496 497
497 498
498 499
