0 31.71969303579839
1 101.1337495141493
2 47.29878746662086
3 75.70806349072492
4 43.89800532014576
5 98.98056618918963
6 73.65562004499458
7 60.993680836994265
8 78.70333528210118
9 73.1623275300858
10 87.5228976188428
11 21.77197909864684
12 111.3003762333516
13 74.56538288016976
14 55.91987268985129
15 75.83760011943787
16 93.04039686279803
17 57.5096277313766
18 48.42165456183055
19 27.943785738051133
20 56.46690925774605
21 88.61592007973441
22 87.55640622754893
23 47.04904374041719
24 96.43839119377616
25 107.58168864384184
26 34.574008787438316
27 108.59611513124496
28 62.30759840948768
29 53.832659034132256
30 35.02777359610744
31 38.49619403626027
32 94.63224511498147
33 69.20997708604531
34 98.7083493342464
35 105.74529903822751
36 66.55190014991943
37 36.168436061658454
38 116.69167403855216
39 23.978575791548
40 44.75117877451922
41 113.40295071675916
42 24.610480486698165
43 38.77222071951137
44 67.83938417982502
45 86.38676052552206
46 105.73149361938874
47 97.13163063326866
48 51.01201563909911
49 58.99630719007683
50 90.01813986333549
51 118.35826894962273
52 65.01959306757175
53 74.21413465303272
54 46.081235360949016
55 111.36668523276578
56 104.7545185095318
57 66.84251807862213
58 81.76774662570052
59 112.52698352163513
60 58.1767686159311
61 119.22699068415338
62 66.1104660776216
63 50.23696279180055
64 109.8344059070422
65 112.18032209375295
66 60.45894523236289
67 77.68207543293501
68 64.89505705129687
69 37.613873125924954
70 99.83488351665156
71 53.6202265668187
72 59.38964247393205
73 66.82475415652317
74 96.90261037284043
75 92.53236673414727
76 30.27980847178207
77 48.95347936063567
78 50.41815994078705
79 50.10871012314935
80 54.99566594999598
81 47.81836771196677
82 27.617923954413953
83 57.79435483810407
84 34.250613185295165
85 112.14921395138938
86 55.73065458558683
87 70.99694617002532
88 84.22513766270106
89 114.18425887796374
90 101.64414432806285
91 49.562967877468125
92 24.621691119135274
93 84.66084232579739
94 40.73064591125976
95 46.258116630656325
96 97.62786642654672
97 118.42152225410322
98 115.93269427274114
99 39.24116151865536
100 29.48525085517428
101 24.17390588697002
102 66.43369023795336
103 107.89955293457959
104 51.14652631722812
105 44.38376262802393
106 61.585216981484955
107 117.91898864071979
108 27.413467999778245
109 76.84748944793972
110 110.23576289976907
111 51.08802334262246
112 104.98378021805864
113 88.18129463982011
114 28.203170689216698
115 88.0927453481872
116 78.99467336550433
117 21.281000803517284
118 37.35574156776364
119 28.435404254205068
120 94.93646164177102
121 63.74764197600685
122 38.614653654046435
123 110.61483590237168
124 48.219411849596085
125 62.34055408077112
126 48.16294822691664
127 77.83538497330468
128 117.21240213823702
129 39.71096740857493
130 111.24403087699359
131 119.76497121603255
132 67.23196621160399
133 93.98559954579571
134 111.15528338029209
135 109.24182597960956
136 92.74556200663153
137 39.211069837544635
138 72.3900132937362
139 44.33334126073146
140 22.96299098893458
141 75.23643844661707
142 116.35365629938677
143 100.7793896338033
144 102.02507918972904
145 59.30254612493629
146 65.67780925208501
147 97.60635591517942
148 69.15888428026773
149 88.42320820043089
150 108.87826948080912
151 79.57706112833394
152 106.45385011043307
153 91.5847829358312
154 30.95098187245377
155 24.145617700733695
156 92.32348377605899
157 73.85700109193661
158 87.47242909078498
159 87.71521810068522
160 97.25228042502644
161 50.69935029740873
162 49.868609008223586
163 116.25072167739212
164 85.08778256634977
165 60.06372935811195
166 77.73949394687229
167 58.67682574231141
168 37.92283211922961
169 42.335482208200546
170 80.47341442100151
171 37.996521359529005
172 105.52320714667654
173 33.7213469270686
174 114.85857148844615
175 54.69342550600793
176 91.29097884452283
177 27.384216753506422
178 27.996448261219324
179 119.73548796221667
180 25.91415538747653
181 118.4410786842945
182 95.54460383271626
183 40.3765113812142
184 47.13820560657491
185 63.88185051183148
186 24.163980253666622
187 110.95576532953174
188 99.50537041539329
189 56.53325933828506
190 84.01846950417422
191 93.02494172345378
192 91.44266991863995
193 33.38332962717949
194 112.27221571590069
195 104.38558138330318
196 98.73979974310606
197 112.89842158299777
198 81.75270891650334
199 74.99899476351084
200 83.24316872740363
201 83.4061928439854
202 60.295441929772714
203 69.23462365910729
204 103.50255955451176
205 45.18425276546769
206 95.75851931141631
207 118.55170311656161
208 30.14200214710861
209 42.585689624579096
210 49.29327236348348
211 56.46297345779965
212 42.8866199542705
213 109.3490396394509
214 65.17962797851152
215 98.50808659273022
216 78.46238799519523
217 90.18171621311218
218 109.38256124667912
219 63.96829782153053
220 118.99584822487945
221 94.77224649046558
222 30.95868573532278
223 93.18291192376535
224 59.07604424231914
225 86.57818009985264
226 100.5396641916389
227 74.58183798317881
228 66.30103558604017
229 108.05281864594926
230 58.34177384543433
231 58.92759647213286
232 54.916559842369324
233 96.41541861344386
234 60.498625558704546
235 104.76388679262911
236 25.064518422452398
237 49.63587081200522
238 46.986693920983825
239 68.69690316367213
240 81.19417478063866
241 60.99629476101988
242 67.01095708313144
243 26.889339217368544
244 32.3490321407865
245 52.40836193621155
246 88.44063175225104
247 90.02602061331183
248 94.32761588280233
249 101.6066116899923
250 86.73259963738258
251 53.01397340309835
252 59.1264242681866
253 76.40438847081722
254 55.752831083042516
255 102.80866748935367
256 70.60858612605645
257 60.39045175506602
258 108.00371252947836
259 93.01204415666382
260 47.00182993532793
261 78.76072977329557
262 34.98789882195014
263 82.26686798494255
264 20.61455325001426
265 110.42106889831159
266 79.78690977857042
267 24.975863473332343
268 23.068972864225373
269 103.06325144154741
270 33.40538292360027
271 97.50296815183195
272 30.385437643886252
273 91.60796938311583
274 104.02956765178568
275 40.767955186129356
276 96.41217339713285
277 57.22481000647888
278 24.07122133317166
279 101.02459584441718
280 45.37987287468998
281 54.08079096338729
282 53.71583854972793
283 54.61642632176601
284 64.77072743178887
285 74.03527446500098
286 111.66670397335683
287 109.63309901141713
288 38.22660083505478
289 115.6906281948248
290 113.87396348718623
291 87.64417725859657
292 84.88125344556673
293 73.5242954101889
294 29.26057075396108
295 102.0661807293957
296 26.286669659960666
297 65.26940130363899
298 67.8045637049795
299 66.22257166445604
300 85.01364688686904
301 71.27743500647418
302 100.80987789755903
303 83.78526646056214
304 30.04205674067954
305 68.28790365354791
306 75.7954731121059
307 97.04019650545455
308 23.216254762544434
309 101.84630719305889
310 29.1552354448353
311 94.29830926305429
312 88.32631718497467
313 56.55317365521045
314 118.58880028976512
315 106.77734278933359
316 119.78592981623325
317 51.393307835812436
318 94.2760564286677
319 57.40859153294365
320 71.4129105992068
321 108.5857777301449
322 102.86577505089964
323 59.27679933649982
324 117.47851826683365
325 118.71162965938176
326 71.57144963784424
327 99.78019547855386
328 57.97680728646086
329 52.31767028986381
330 51.015085423158325
331 88.10164463158002
332 47.97550532204632
333 48.761108152162784
334 104.93236889232375
335 88.21074039440832
336 66.94502301105189
337 46.751210636750315
338 22.450242912593193
339 107.37059850123187
340 108.12233741846003
341 107.86058060987708
342 94.37063659482837
343 61.00202391767025
344 60.251687148813595
345 24.220015413393597
346 38.74168415116686
347 88.76159855448722
348 74.45413720749784
349 94.67736933045248
350 82.97049694898733
351 53.81918396084191
352 57.513274747077254
353 99.89221384092193
354 109.82916094148472
355 117.57420857990391
356 109.52437568722773
357 106.15449289485561
358 52.9282830812073
359 45.42901775852843
360 28.639642331473294
361 80.15678958845751
362 83.58010966549372
363 65.74150073900252
364 38.55215565953839
365 102.51625454453607
366 65.44585718177922
367 73.70806950662653
368 55.39645700526931
369 26.533569808708695
370 65.95956473654905
371 44.68201502497462
372 99.90371785134207
373 40.492831706697466
374 104.24343248931272
375 97.31112824715015
376 77.9346981664547
377 56.74755486757877
378 84.07728396479075
379 25.88243261073191
380 97.92381121331776
381 68.90447022951412
382 107.4574027063955
383 103.39073332094978
384 67.30278488044033
385 89.60815153798106
386 89.37770192423748
387 42.10159710266335
388 111.63252904910219
389 105.74593494565629
390 97.68880927725242
391 86.75835213833766
392 89.95703878096414
393 65.33398902963629
394 23.23831139125629
395 107.0864838163249
396 37.803257703848104
397 40.91182385153304
398 44.96806391966301
399 50.87782237446937
400 55.28602734143231
401 97.96389031079694
402 92.24213588147322
403 116.69076375641585
404 71.9373536211605
405 33.70337889416445
406 22.401566527666954
407 106.0816823613
408 62.16446535179014
409 41.49467287826803
410 25.38988515914483
411 119.28659296464689
412 55.65116494994986
413 99.25740586849845
414 39.265812740516424
415 65.4010585239463
416 85.55227830273941
417 76.38635813719124
418 110.51744706030097
419 68.36021058791879
420 43.9910366070131
421 103.03795951388385
422 61.314660351669104
423 63.39966434287338
424 69.15446006385433
425 48.07546727225283
426 32.184312719085256
427 95.18203071965527
428 71.19193211321618
429 107.53137874536672
430 53.06533767740992
431 48.40261023711713
432 115.15734122340017
433 114.13696861567861
434 58.29858332319667
435 64.44180168095392
436 118.39525970008326
437 40.285319912883025
438 101.82884145221149
439 23.510591515948768
440 87.0568982412322
441 81.73555066838598
442 47.74417262419493
443 100.73949171736682
444 111.84157102239543
445 77.43241549232398
446 108.25035281896315
447 36.7901083456507
448 66.5947398991469
449 42.00681632703755
450 76.27582576142436
451 98.82249638465878
452 105.05372071866137
453 61.839175554166694
454 53.125278002985205
455 46.03033032735151
456 30.817364692218092
457 33.0090493765654
458 102.94759172211847
459 55.45982287406392
460 23.52615888035369
461 100.02074823777559
462 75.25654745336436
463 108.45725590729934
464 40.2743576829863
465 87.88613613492429
466 24.340369251382782
467 85.84386517684024
468 75.43591561450884
469 106.96219010467988
470 20.11880909779187
471 70.79574866814099
472 54.37111077627952
473 49.88232087679099
474 88.85414341804955
475 112.41036796917274
476 56.89096987715198
477 92.98684248236512
478 44.0951249075241
479 60.070108918224385
480 114.89170885950149
481 60.84937866802571
482 68.33055127655398
483 38.96726687797198
484 105.23156995778332
485 111.8124564762451
486 84.05180716370491
487 100.53379615510454
488 63.707621645520135
489 54.8868432594198
490 109.27138563518693
491 48.02294712926447
492 78.90018810663253
493 113.9356962889651
494 27.01700585684406
495 107.11893325312276
496 85.68780268479868
497 113.75592508055183
498 110.9186835665121
499 84.20462835628959
0 1
0 92
0 141
0 160
0 235
0 302
0 309
0 360
0 370
0 421
0 447
0 453
0 457
1 2
1 7
1 22
1 91
1 125
1 146
1 160
1 167
1 368
1 382
1 383
1 421
1 476
1 489
1 493
2 3
2 21
2 45
2 90
2 139
2 205
2 286
2 390
2 433
2 436
2 440
2 475
3 4
3 11
3 28
3 31
3 37
3 249
3 401
3 407
3 409
3 424
3 441
3 449
3 491
4 5
4 79
4 173
4 255
4 302
4 412
4 427
4 449
4 458
4 480
5 6
5 67
5 113
5 129
5 173
5 200
5 209
5 230
5 243
5 248
5 333
5 339
5 343
5 357
5 428
5 439
5 456
5 474
6 7
6 97
6 130
6 165
6 195
6 253
6 294
6 296
6 312
6 346
6 411
6 472
6 474
6 486
6 497
7 8
7 79
7 83
7 155
7 185
7 256
7 282
7 292
7 299
7 347
7 381
7 389
7 417
7 467
7 488
7 497
8 9
8 88
8 97
8 125
8 169
8 185
8 193
8 204
8 251
8 257
8 295
8 335
8 350
8 417
8 419
8 449
8 476
9 10
9 18
9 40
9 61
9 74
9 107
9 110
9 120
9 140
9 183
9 195
9 257
9 349
9 416
9 423
9 447
9 451
10 11
10 20
10 104
10 136
10 152
10 162
10 171
10 184
10 202
10 210
10 226
10 250
10 269
10 331
10 469
11 12
11 128
11 134
11 137
11 157
11 164
11 186
11 247
11 263
11 279
11 316
11 338
11 416
11 422
12 13
12 24
12 44
12 76
12 84
12 106
12 239
12 252
12 277
12 343
12 353
12 354
12 358
12 375
12 391
12 432
12 438
12 455
12 483
13 14
13 23
13 37
13 88
13 273
13 325
13 338
13 412
13 448
14 15
14 43
14 54
14 56
14 90
14 96
14 115
14 123
14 124
14 270
14 287
14 351
14 427
14 430
14 439
14 449
14 472
15 16
15 22
15 41
15 50
15 93
15 154
15 157
15 159
15 263
15 270
15 323
15 328
15 487
15 499
16 17
16 19
16 54
16 57
16 60
16 62
16 63
16 78
16 102
16 199
16 322
16 381
16 388
16 390
16 433
16 453
17 18
17 61
17 102
17 148
17 178
17 265
17 289
17 312
17 314
17 327
17 345
17 408
17 433
18 19
18 32
18 56
18 101
18 140
18 167
18 168
18 186
18 259
18 262
18 267
18 269
18 354
18 419
18 433
18 469
19 20
19 50
19 72
19 155
19 169
19 189
19 229
19 312
19 365
19 371
19 411
19 413
19 436
19 473
19 490
19 493
20 21
20 25
20 82
20 87
20 143
20 161
20 211
20 281
20 287
20 311
20 344
20 346
20 356
20 361
20 373
20 414
20 441
20 461
21 22
21 114
21 145
21 164
21 225
21 254
21 279
21 285
21 310
21 328
21 340
21 374
21 427
21 480
22 23
22 56
22 93
22 130
22 162
22 204
22 269
22 281
22 283
22 360
22 409
22 413
22 415
22 460
22 486
22 490
22 492
23 24
23 41
23 96
23 97
23 108
23 122
23 212
23 214
23 216
23 343
23 363
23 473
24 25
24 101
24 171
24 243
24 258
24 275
24 403
24 412
24 416
24 456
24 499
25 26
25 69
25 74
25 99
25 105
25 130
25 135
25 198
25 209
25 212
25 227
25 249
25 259
25 284
25 464
25 474
26 27
26 30
26 149
26 307
26 340
26 359
26 364
26 399
26 415
26 430
26 440
26 482
27 28
27 65
27 82
27 94
27 139
27 170
27 173
27 188
27 198
27 221
27 227
27 257
27 267
27 306
27 365
27 392
27 415
27 472
27 488
28 29
28 88
28 101
28 150
28 181
28 207
28 238
28 241
28 249
28 260
28 343
28 453
28 472
28 488
29 30
29 93
29 104
29 119
29 154
29 206
29 240
29 286
29 371
29 380
29 382
29 472
30 31
30 38
30 94
30 144
30 163
30 220
30 230
30 240
30 259
30 303
30 304
30 317
30 349
30 351
30 402
30 436
30 453
30 484
31 32
31 74
31 78
31 152
31 155
31 164
31 190
31 204
31 228
31 249
31 264
31 295
31 321
31 373
31 395
31 471
32 33
32 83
32 122
32 165
32 175
32 201
32 218
32 222
32 225
32 289
32 352
32 377
32 407
32 444
32 481
33 34
33 126
33 146
33 154
33 166
33 279
33 293
33 330
33 331
33 365
33 419
33 425
33 432
33 438
34 35
34 43
34 79
34 134
34 148
34 187
34 223
34 320
34 324
34 350
34 355
34 405
34 468
35 36
35 91
35 97
35 101
35 230
35 258
35 277
35 377
35 416
35 447
35 452
35 480
35 488
35 499
36 37
36 53
36 58
36 95
36 187
36 198
36 207
36 215
36 237
36 334
36 395
36 459
36 462
36 484
36 499
37 38
37 60
37 61
37 76
37 149
37 155
37 170
37 306
37 314
37 419
37 487
38 39
38 70
38 130
38 152
38 204
38 249
38 258
38 260
38 282
38 294
38 313
38 317
38 331
38 356
38 367
38 378
39 40
39 120
39 135
39 220
39 284
39 477
39 494
39 498
40 41
40 52
40 115
40 202
40 206
40 207
40 267
40 284
40 309
40 314
40 328
40 363
40 365
40 394
40 403
40 436
40 441
40 489
40 497
41 42
41 167
41 195
41 212
41 220
41 276
41 311
41 326
41 336
41 347
41 358
41 374
41 401
41 448
42 43
42 48
42 64
42 96
42 97
42 132
42 135
42 253
42 292
42 293
42 348
42 400
42 422
42 453
43 44
43 71
43 84
43 143
43 149
43 156
43 197
43 209
43 235
43 245
43 297
43 329
43 369
43 389
43 411
43 451
44 45
44 53
44 83
44 116
44 131
44 180
44 181
44 183
44 201
44 282
44 292
44 324
44 371
44 381
44 386
44 451
44 457
44 469
44 476
44 478
45 46
45 67
45 72
45 83
45 110
45 158
45 166
45 198
45 249
45 251
45 298
45 299
45 334
45 340
45 371
45 415
45 419
45 438
45 451
45 456
45 482
46 47
46 50
46 54
46 127
46 140
46 225
46 265
46 387
46 437
47 48
47 114
47 164
47 186
47 198
47 212
47 248
47 306
47 327
47 341
47 359
47 429
47 443
47 457
47 491
48 49
48 69
48 72
48 82
48 88
48 103
48 127
48 208
48 221
48 272
48 277
48 347
48 370
48 426
48 436
48 491
49 50
49 60
49 64
49 99
49 144
49 218
49 257
49 312
49 395
49 399
49 409
49 441
49 494
50 51
50 83
50 114
50 164
50 175
50 185
50 207
50 250
50 267
50 272
50 289
50 349
50 377
50 434
50 461
50 485
50 490
51 52
51 74
51 116
51 236
51 303
51 318
51 336
51 340
51 389
51 414
52 53
52 128
52 162
52 170
52 172
52 189
52 195
52 314
52 332
52 336
52 421
52 433
52 443
52 499
53 54
53 90
53 121
53 208
53 253
53 269
53 281
53 299
53 312
53 325
53 336
53 355
53 356
53 441
54 55
54 69
54 155
54 159
54 202
54 259
54 294
54 329
54 404
54 436
54 452
55 56
55 98
55 119
55 129
55 130
55 166
55 169
55 207
55 225
55 238
55 281
55 338
55 342
55 430
56 57
56 79
56 97
56 121
56 144
56 189
56 291
56 296
56 335
56 398
56 417
56 457
57 58
57 72
57 92
57 107
57 126
57 340
57 387
57 435
57 441
57 487
57 490
58 59
58 83
58 188
58 192
58 194
58 199
58 204
58 224
58 243
58 251
58 299
58 335
58 342
58 374
58 382
58 397
58 459
59 60
59 193
59 264
59 270
59 343
59 385
59 404
59 408
59 433
59 441
59 445
59 484
59 492
59 493
60 61
60 141
60 230
60 276
60 279
60 381
60 386
60 395
60 411
60 480
60 489
60 498
61 62
61 78
61 94
61 140
61 153
61 228
61 290
61 421
61 439
61 471
61 478
61 494
62 63
62 123
62 158
62 200
62 226
62 259
62 288
62 301
62 318
62 334
62 344
62 387
62 391
62 404
62 453
62 456
62 485
62 496
63 64
63 73
63 77
63 97
63 116
63 150
63 210
63 227
63 246
63 258
63 260
63 282
63 444
63 482
64 65
64 201
64 269
64 378
64 425
64 453
64 455
64 498
65 66
65 84
65 107
65 127
65 162
65 199
65 280
65 361
65 465
65 478
65 480
66 67
66 104
66 108
66 130
66 145
66 150
66 162
66 165
66 242
66 290
66 293
66 302
66 344
66 345
66 386
66 454
66 482
66 493
67 68
67 90
67 109
67 122
67 163
67 243
67 354
67 380
67 418
67 421
67 429
67 476
67 484
67 486
68 69
68 130
68 195
68 219
68 235
68 244
68 311
68 348
68 366
68 396
68 406
68 413
68 438
68 474
68 488
69 70
69 80
69 191
69 195
69 196
69 275
69 305
69 338
69 353
69 423
69 473
70 71
70 94
70 142
70 176
70 184
70 197
70 240
70 268
70 295
70 318
70 347
70 368
70 461
71 72
71 81
71 88
71 89
71 112
71 138
71 164
71 170
71 239
71 389
71 406
71 414
71 434
71 444
71 469
72 73
72 179
72 196
72 225
72 228
72 240
72 242
72 265
72 444
72 461
72 476
73 74
73 96
73 150
73 181
73 234
73 288
73 330
73 363
73 458
73 461
74 75
74 88
74 134
74 185
74 206
74 210
74 217
74 312
74 314
74 331
74 348
74 411
74 426
75 76
75 106
75 127
75 141
75 169
75 224
75 228
75 229
75 243
75 254
75 303
75 363
75 388
75 448
75 453
76 77
76 91
76 103
76 106
76 196
76 220
76 240
76 246
76 258
76 259
76 266
76 288
76 406
76 454
76 465
76 499
77 78
77 100
77 109
77 154
77 167
77 188
77 190
77 228
77 406
78 79
78 120
78 133
78 256
78 341
78 360
78 385
78 412
78 421
78 433
78 436
78 447
78 448
78 460
78 470
78 492
78 493
79 80
79 88
79 92
79 130
79 154
79 187
79 198
79 221
79 223
79 228
79 332
79 482
80 81
80 142
80 160
80 184
80 250
80 263
80 313
80 349
80 365
80 391
80 404
80 447
80 463
80 494
81 82
81 163
81 166
81 194
81 237
81 245
81 294
81 301
81 322
81 358
81 367
81 375
81 492
81 493
82 83
82 91
82 122
82 167
82 267
82 276
82 292
82 300
82 343
82 368
82 376
82 415
82 454
83 84
83 124
83 150
83 223
83 240
83 279
83 352
83 391
83 409
83 495
84 85
84 131
84 143
84 147
84 170
84 259
84 317
84 325
84 366
84 375
84 379
84 384
84 401
84 452
84 461
84 465
85 86
85 128
85 175
85 211
85 228
85 261
85 285
85 289
85 294
85 299
85 371
85 437
85 461
85 470
86 87
86 111
86 138
86 158
86 176
86 191
86 286
86 355
86 388
86 393
86 398
86 429
86 460
86 461
86 490
87 88
87 130
87 150
87 168
87 183
87 218
87 227
87 234
87 246
87 304
87 415
87 424
87 452
87 461
88 89
88 96
88 99
88 113
88 116
88 128
88 130
88 145
88 146
88 170
88 175
88 194
88 217
88 226
88 295
88 350
88 359
88 450
88 464
88 490
89 90
89 182
89 277
89 304
89 398
89 470
89 493
90 91
90 116
90 148
90 149
90 213
90 217
90 261
90 264
90 293
90 460
90 477
91 92
91 99
91 110
91 130
91 133
91 145
91 149
91 165
91 178
91 192
91 217
91 230
91 236
91 244
91 263
91 271
91 282
91 291
91 294
91 309
91 310
91 363
91 384
91 396
91 426
91 474
92 93
92 101
92 218
92 229
92 315
92 351
92 368
92 379
92 397
92 475
93 94
93 147
93 192
93 327
93 330
93 369
93 406
93 462
93 495
94 95
94 229
94 251
94 280
94 454
95 96
95 136
95 180
95 182
95 183
95 185
95 202
95 228
95 229
95 248
95 272
95 322
95 343
95 355
95 444
96 97
96 187
96 189
96 282
96 361
96 397
96 399
96 414
96 442
96 477
97 98
97 108
97 123
97 142
97 170
97 196
97 302
97 362
97 404
97 469
98 99
98 110
98 115
98 176
98 184
98 283
98 355
98 485
99 100
99 166
99 177
99 194
99 241
99 242
99 312
99 363
99 378
99 447
100 101
100 120
100 167
100 191
100 199
100 215
100 259
100 282
100 323
100 324
100 334
100 368
100 433
100 469
101 102
101 120
101 187
101 217
101 224
101 316
101 394
101 475
101 487
102 103
102 171
102 182
102 239
102 296
102 322
102 350
102 405
102 443
102 450
102 486
102 488
103 104
103 110
103 280
103 318
103 386
103 413
103 428
103 451
103 478
104 105
104 165
104 167
104 239
104 258
104 274
104 305
104 326
104 335
104 349
104 362
104 378
104 383
104 390
104 428
104 491
105 106
105 143
105 151
105 157
105 218
105 273
105 314
105 326
105 366
105 439
105 440
105 443
105 444
105 485
106 107
106 128
106 170
106 176
106 185
106 204
106 307
106 315
106 340
106 361
106 368
106 435
106 439
106 475
107 108
107 137
107 146
107 209
107 219
107 223
107 226
107 265
107 266
107 343
107 348
107 371
107 377
107 398
107 432
107 439
107 449
107 477
107 484
107 487
108 109
108 120
108 131
108 135
108 155
108 171
108 194
108 237
108 306
108 332
108 387
108 431
108 463
108 494
109 110
109 163
109 187
109 191
109 413
109 427
110 111
110 154
110 243
110 327
110 336
110 349
110 365
110 416
110 483
111 112
111 146
111 201
111 249
111 275
111 307
111 336
111 357
111 394
111 405
111 457
111 494
112 113
112 130
112 236
112 239
112 240
112 297
112 361
112 387
112 397
112 400
112 413
112 436
112 447
113 114
113 126
113 162
113 193
113 241
113 273
113 326
113 372
113 498
114 115
114 148
114 166
114 168
114 173
114 184
114 223
114 244
114 335
114 366
114 444
114 473
115 116
115 148
115 160
115 174
115 177
115 182
115 217
115 254
115 287
115 313
115 337
115 369
116 117
116 227
116 415
116 428
116 440
116 452
116 459
116 498
117 118
117 157
117 176
117 204
117 235
117 239
117 267
117 276
117 296
117 307
117 404
117 424
117 444
117 451
117 483
118 119
118 127
118 149
118 252
118 254
118 282
118 295
118 302
118 310
118 323
118 398
118 479
119 120
119 131
119 169
119 172
119 193
119 214
119 232
119 282
119 361
119 371
119 406
119 409
119 446
119 447
119 490
120 121
120 251
120 329
120 345
120 351
120 363
120 369
120 387
120 435
120 438
120 458
120 487
121 122
121 281
121 307
121 326
121 332
121 424
121 442
121 453
122 123
122 130
122 147
122 166
122 200
122 230
122 286
122 292
122 296
122 372
122 378
122 383
122 419
122 471
123 124
123 165
123 207
123 211
123 229
123 231
123 241
123 246
123 252
123 280
123 285
123 369
123 375
123 423
123 424
123 442
123 461
123 493
124 125
124 186
124 212
124 222
124 284
124 301
124 327
124 345
124 395
124 410
124 428
124 473
125 126
125 152
125 169
125 184
125 187
125 206
125 266
125 280
125 345
125 356
125 357
125 433
125 437
125 438
125 475
126 127
126 169
126 179
126 213
126 263
126 319
126 360
126 375
126 376
126 451
126 488
127 128
127 130
127 149
127 179
127 202
127 218
127 243
127 244
127 275
127 359
127 411
127 413
127 428
127 439
128 129
128 161
128 214
128 267
128 324
128 353
128 374
128 380
128 415
128 417
128 422
128 450
129 130
129 191
129 246
129 272
129 321
129 426
129 456
130 131
130 161
130 166
130 221
130 279
130 281
130 360
130 383
130 402
130 438
130 465
131 132
131 140
131 142
131 170
131 219
131 238
131 249
131 268
131 354
131 457
132 133
132 156
132 161
132 162
132 170
132 184
132 231
132 253
132 299
132 344
132 351
132 380
132 389
132 411
132 435
132 438
132 478
132 491
133 134
133 168
133 197
133 206
133 254
133 268
133 306
133 323
133 393
133 404
134 135
134 178
134 180
134 240
134 343
134 374
134 425
134 478
134 490
135 136
135 138
135 184
135 220
135 229
135 271
135 371
135 438
135 465
135 466
135 475
136 137
136 152
136 209
136 257
136 297
136 354
136 453
136 498
137 138
137 155
137 178
137 188
137 254
137 329
137 354
137 386
138 139
138 140
138 192
138 194
138 223
138 241
138 291
138 326
138 334
138 354
138 368
138 391
138 427
138 438
138 446
138 448
139 140
139 190
139 210
139 251
139 345
139 441
139 450
139 474
140 141
140 184
140 395
141 142
141 428
141 464
142 143
142 168
142 184
142 204
142 224
142 290
142 340
142 362
142 383
142 390
142 397
142 404
142 412
142 433
143 144
143 181
143 235
143 285
143 334
143 380
143 433
143 455
143 489
144 145
144 316
144 348
144 434
144 485
145 146
145 170
145 217
145 246
145 273
145 293
145 319
145 380
145 421
145 445
146 147
146 157
146 162
146 233
146 236
146 350
146 376
146 385
147 148
147 156
147 165
147 212
147 227
147 296
147 303
147 318
147 359
147 368
147 372
148 149
148 187
148 197
148 227
148 247
148 312
148 352
148 389
148 391
148 416
148 420
148 421
148 471
148 488
148 491
148 493
149 150
149 178
149 204
149 233
149 241
149 266
149 317
149 459
149 485
150 151
150 171
150 181
150 188
150 227
150 237
150 270
150 354
150 383
150 410
150 427
150 441
151 152
151 162
151 189
151 326
151 398
152 153
152 211
152 275
152 313
152 388
152 398
152 460
153 154
153 173
153 227
153 229
153 329
153 336
153 373
153 374
153 412
153 423
153 447
154 155
154 193
154 286
154 327
154 338
154 346
154 360
154 397
154 403
154 489
155 156
155 173
155 211
155 225
155 279
155 291
155 336
155 348
155 363
155 385
155 424
156 157
156 161
156 184
156 189
156 200
156 281
156 299
156 316
156 349
157 158
157 201
157 317
157 332
157 347
157 354
157 391
157 393
158 159
158 187
158 203
158 208
158 236
158 302
158 317
158 428
158 430
158 446
158 474
159 160
159 173
159 189
159 230
159 322
159 339
159 366
159 369
159 395
159 417
159 446
159 475
159 492
160 161
160 271
160 372
160 384
160 396
160 401
160 499
161 162
161 199
161 363
161 368
161 394
161 432
161 440
161 465
161 476
162 163
162 206
162 277
162 317
162 325
162 486
162 489
163 164
163 183
163 205
163 222
163 243
163 245
163 295
163 305
163 332
163 362
163 411
163 413
163 451
163 473
163 491
164 165
164 180
164 184
164 207
164 227
164 228
164 230
164 234
164 268
164 314
164 318
164 329
164 364
164 377
164 407
164 411
164 420
164 427
164 451
164 489
165 166
165 230
165 249
165 278
165 297
165 304
165 316
165 357
165 436
165 440
165 467
165 470
166 167
166 172
166 218
166 298
166 299
166 333
166 340
166 353
166 366
166 381
166 410
166 420
167 168
167 183
167 199
167 220
167 226
167 233
167 327
167 381
167 387
168 169
168 200
168 241
168 254
168 321
168 325
168 376
168 393
168 402
168 430
168 434
169 170
169 239
169 253
169 258
169 272
169 355
169 364
169 424
169 453
169 496
170 171
170 190
170 208
170 209
170 293
170 304
170 339
170 466
170 476
170 477
171 172
171 206
171 245
171 289
171 291
171 355
171 366
171 373
171 490
172 173
172 224
172 289
172 328
172 366
172 398
172 432
172 434
173 174
173 178
173 181
173 223
173 279
173 359
174 175
174 178
174 211
174 219
174 241
174 384
174 392
174 432
174 434
174 494
174 496
175 176
175 177
175 201
175 303
175 304
175 305
175 379
175 389
175 407
175 413
175 496
175 499
176 177
176 187
176 213
176 241
176 300
176 319
176 320
176 326
176 344
176 351
176 452
176 459
177 178
177 235
177 246
177 415
177 431
178 179
178 219
178 242
178 290
178 352
178 375
178 433
178 441
178 458
178 487
179 180
179 209
179 257
179 288
179 293
179 326
179 328
179 356
179 387
179 420
179 494
180 181
180 249
180 337
180 363
180 371
181 182
181 275
181 315
181 353
181 366
181 386
181 436
181 473
182 183
182 320
182 328
182 474
183 184
183 277
183 326
183 349
183 381
183 390
183 413
183 422
183 429
184 185
184 233
184 355
184 366
184 389
184 393
184 402
184 406
184 415
185 186
185 267
185 332
185 333
185 377
185 408
185 461
185 476
185 484
186 187
186 237
186 251
186 282
186 311
186 349
186 451
186 472
186 475
186 486
187 188
187 215
187 237
187 259
187 292
187 315
187 327
187 328
187 465
187 472
188 189
188 244
188 259
188 277
188 287
188 296
188 303
188 327
188 391
188 428
188 433
188 476
189 190
189 199
189 218
189 231
189 245
189 257
189 293
189 326
189 360
189 361
189 369
189 372
189 404
189 408
189 442
189 463
189 478
189 494
190 191
190 215
190 301
190 302
190 355
190 359
190 434
190 458
191 192
191 200
191 212
191 223
191 240
191 245
191 311
191 336
191 349
191 382
191 450
191 497
191 498
192 193
192 261
192 294
192 295
192 341
192 350
192 437
192 448
193 194
193 198
193 234
193 269
193 284
193 378
193 420
193 423
193 446
194 195
194 209
194 269
194 289
194 358
194 412
194 413
194 490
195 196
195 268
195 287
195 317
195 321
195 332
195 399
196 197
196 265
196 364
196 367
196 371
196 385
196 407
196 408
196 446
196 464
196 479
197 198
197 263
197 267
197 272
197 287
197 329
197 375
197 391
197 396
197 432
198 199
198 254
198 293
198 331
198 363
198 393
198 423
198 442
198 471
198 493
198 499
199 200
199 235
199 353
199 396
199 406
200 201
200 210
200 279
200 286
200 288
200 291
200 308
200 344
200 353
200 425
200 466
200 498
201 202
201 261
201 302
201 317
201 336
201 392
201 395
201 402
201 487
202 203
202 262
202 320
202 324
202 430
202 471
202 479
202 491
202 496
203 204
203 205
203 238
203 282
203 284
203 300
203 314
203 333
203 382
203 454
203 488
204 205
204 255
204 273
204 319
204 332
204 437
204 472
205 206
205 217
205 222
205 262
205 286
205 298
205 342
205 362
205 373
205 399
205 439
206 207
206 383
206 430
206 462
207 208
207 229
207 243
207 271
207 327
207 345
207 354
207 383
207 388
207 414
207 418
207 429
208 209
208 219
208 338
208 364
208 436
208 494
209 210
209 382
209 399
209 401
209 418
209 433
209 435
209 448
209 457
209 475
210 211
210 229
210 242
210 253
210 271
210 282
210 352
210 387
210 390
210 394
210 426
210 428
210 438
210 460
211 212
211 275
211 282
211 341
211 368
211 437
211 474
212 213
212 307
212 323
212 355
212 362
212 391
212 425
212 448
213 214
213 243
213 244
213 247
213 278
213 301
213 315
213 329
213 392
213 446
213 463
213 469
213 481
213 482
214 215
214 312
214 322
214 440
214 486
215 216
215 287
215 306
215 364
215 404
215 405
215 427
216 217
216 254
216 265
216 313
216 359
216 368
216 465
216 486
216 487
217 218
217 220
217 321
217 396
217 453
217 464
218 219
218 222
218 299
218 396
218 417
218 427
218 444
218 451
218 474
218 487
219 220
219 238
219 301
219 304
219 488
220 221
220 249
220 271
220 287
220 295
220 360
220 399
220 488
221 222
221 223
221 250
221 266
221 296
221 299
221 304
221 341
221 348
221 405
221 424
221 445
221 477
222 223
222 240
222 241
222 260
222 301
222 302
222 310
222 376
222 396
222 404
223 224
223 248
223 254
223 279
223 286
223 305
223 325
223 397
223 410
223 417
223 439
223 459
223 460
223 461
223 469
223 489
223 496
224 225
224 288
224 353
224 378
224 386
224 390
224 391
224 422
224 462
224 495
225 226
225 235
225 261
225 267
225 284
225 357
225 384
225 404
225 477
225 487
226 227
226 238
226 244
226 245
226 265
226 301
226 371
226 450
226 465
226 486
226 494
226 495
227 228
227 288
227 411
227 428
228 229
228 237
228 257
228 338
228 360
228 383
228 388
228 433
228 437
229 230
229 240
229 251
229 252
229 291
229 303
229 306
229 354
229 360
229 365
229 382
229 397
229 407
229 425
229 429
229 461
229 487
230 231
230 276
230 300
230 345
230 353
230 360
230 404
230 421
230 424
230 476
231 232
231 255
231 294
231 355
231 358
231 371
231 377
231 412
232 233
232 247
232 272
232 287
232 325
232 352
232 439
232 460
233 234
233 256
233 262
233 300
233 311
233 385
233 433
233 480
233 481
234 235
234 248
234 288
234 366
234 376
234 377
234 407
234 425
234 427
234 435
235 236
235 264
235 268
235 291
235 302
235 312
235 331
235 350
235 366
235 454
235 484
236 237
236 255
236 262
236 272
236 295
236 297
236 360
236 403
236 412
236 453
236 468
236 473
237 238
237 241
237 267
237 322
237 403
237 426
238 239
238 256
238 258
238 373
238 469
238 471
239 240
239 244
239 270
239 272
239 369
239 478
239 484
240 241
240 246
240 348
240 443
240 447
240 475
240 476
240 496
241 242
241 317
241 364
241 367
241 412
241 435
242 243
242 262
242 286
242 344
242 358
242 401
242 418
242 455
243 244
243 282
243 284
243 296
243 348
243 376
243 399
243 410
243 423
243 437
243 466
244 245
244 293
244 296
244 317
244 418
244 428
244 432
244 494
245 246
245 254
245 259
245 268
245 288
245 308
245 338
245 341
245 348
245 377
245 418
245 448
245 497
246 247
246 263
246 273
246 342
246 352
246 388
246 413
246 457
246 488
246 491
247 248
247 270
247 309
247 322
247 380
247 381
247 389
247 406
247 424
247 437
247 471
248 249
248 367
248 435
248 476
248 490
249 250
249 256
249 318
249 322
249 326
249 354
249 455
249 470
249 487
250 251
250 270
250 321
250 328
250 372
250 383
250 410
251 252
251 317
251 344
251 374
251 384
251 387
251 393
251 395
252 253
252 357
252 369
252 386
252 394
252 450
252 453
252 472
253 254
253 324
253 328
253 433
253 449
253 456
253 496
254 255
254 487
254 495
255 256
255 267
255 292
255 328
255 356
255 402
255 412
255 413
255 430
255 463
255 488
256 257
256 340
256 370
256 375
256 388
256 422
256 443
256 474
257 258
257 278
257 318
257 381
257 397
257 430
257 480
258 259
258 263
258 313
258 315
258 372
258 396
258 462
259 260
259 262
259 278
259 316
259 350
259 370
259 395
259 425
259 499
260 261
260 350
260 356
260 402
260 448
260 497
261 262
261 313
261 404
261 416
261 431
261 457
261 472
261 475
262 263
262 284
262 292
262 334
262 370
262 379
262 415
262 431
262 453
262 480
262 487
263 264
263 399
263 444
263 461
263 469
264 265
264 314
264 355
264 358
264 370
264 371
264 397
264 418
265 266
265 349
265 447
265 451
265 467
266 267
266 309
266 357
266 432
267 268
267 278
267 310
267 326
267 336
267 357
267 366
267 400
267 402
267 458
267 472
267 475
268 269
268 270
268 274
268 322
268 341
268 346
268 350
268 395
268 426
268 431
268 444
268 482
269 270
269 271
269 317
269 346
269 444
270 271
270 303
270 334
270 340
270 385
270 404
270 425
270 488
271 272
271 318
271 374
271 379
271 400
271 462
272 273
272 279
272 280
272 312
272 318
272 337
272 417
272 422
272 464
273 274
273 370
273 407
273 421
273 451
273 488
274 275
274 320
274 323
274 335
274 404
274 439
274 496
275 276
275 286
275 294
275 305
275 314
275 335
275 354
275 380
275 432
275 457
275 470
275 474
275 480
275 481
275 488
276 277
276 311
276 385
276 388
276 437
276 443
276 458
276 489
276 492
277 278
277 350
277 355
278 279
278 376
278 382
278 474
279 280
279 282
279 311
279 325
279 460
280 281
280 287
280 309
280 322
280 374
280 379
280 385
280 396
280 403
280 431
280 466
280 468
280 490
280 494
281 282
281 313
281 376
281 402
281 414
281 451
281 458
281 469
281 474
281 476
282 283
282 307
282 366
282 411
282 493
283 284
283 319
283 348
283 452
283 488
284 285
284 303
284 330
284 340
284 353
284 395
284 398
284 465
284 466
284 482
285 286
285 311
285 324
285 341
285 470
285 498
286 287
286 356
286 393
286 412
286 467
286 481
286 499
287 288
287 346
287 359
287 376
287 396
287 432
287 435
287 460
287 472
288 289
288 296
288 326
288 348
288 390
288 435
289 290
289 354
289 397
290 291
290 355
290 404
290 415
290 442
290 472
290 494
291 292
291 358
291 378
292 293
292 320
292 346
292 357
292 498
293 294
293 335
293 359
293 427
293 486
294 295
294 346
294 370
294 386
294 417
294 423
294 440
295 296
295 324
295 330
295 359
295 411
295 444
295 468
296 297
296 458
296 496
297 298
297 313
297 326
297 359
297 380
297 398
297 405
297 433
297 459
297 476
298 299
298 313
298 338
298 344
298 380
298 423
298 438
298 483
298 495
299 300
299 317
299 323
299 365
299 397
299 421
299 477
300 301
300 348
300 419
300 441
300 456
300 468
300 479
301 302
301 308
301 327
301 359
301 390
301 426
302 303
302 381
302 416
302 417
303 304
303 308
303 318
303 330
303 399
303 425
303 445
303 468
303 469
304 305
304 309
304 321
304 327
304 357
304 380
304 462
305 306
305 342
305 398
305 425
305 460
306 307
306 329
306 361
306 417
306 456
307 308
307 325
307 350
307 356
307 370
307 403
307 422
307 426
307 447
307 471
307 480
308 309
308 375
308 427
308 435
308 468
309 310
309 329
309 334
309 347
309 364
309 384
309 408
309 429
309 438
310 311
310 413
310 414
310 424
310 476
311 312
311 345
311 374
311 383
311 447
311 472
311 476
312 313
312 317
312 319
312 412
312 475
312 498
313 314
313 323
313 381
313 390
313 424
313 497
314 315
314 376
314 386
314 403
314 419
314 424
314 465
315 316
315 322
315 417
316 317
316 483
316 491
317 318
317 360
317 395
317 426
317 441
317 455
317 469
317 483
318 319
318 397
318 398
318 437
318 450
319 320
319 321
319 335
319 382
319 440
319 470
319 489
320 321
320 334
320 372
320 391
320 392
320 432
320 450
320 484
320 491
321 322
321 360
321 462
322 323
322 332
322 362
322 367
322 387
322 394
322 450
323 324
323 332
323 349
323 433
323 450
323 467
324 325
324 382
324 499
325 326
325 327
325 330
325 366
325 423
325 425
325 479
326 327
326 354
326 367
326 390
326 427
326 484
326 497
327 328
327 332
327 334
327 380
327 389
327 413
327 425
327 462
327 484
328 329
328 446
329 330
329 337
329 345
329 347
329 358
329 430
330 331
330 374
330 399
330 400
330 415
330 450
330 453
331 332
331 355
331 360
331 365
332 333
332 334
332 352
332 392
332 467
332 484
333 334
333 348
333 492
334 335
334 385
334 430
335 336
335 352
335 380
335 439
336 337
336 357
336 419
336 423
336 442
336 443
336 450
336 469
337 338
337 470
337 475
338 339
338 382
338 437
338 473
338 486
338 491
339 340
339 346
339 380
339 388
340 341
340 343
340 376
340 393
340 402
340 405
340 416
340 443
340 479
340 499
341 342
341 366
341 402
341 472
341 499
342 343
342 379
342 388
342 443
343 344
343 350
343 416
343 469
343 499
344 345
344 364
344 376
344 430
344 442
344 454
344 469
345 346
345 351
345 403
345 412
345 448
345 458
346 347
346 356
346 359
346 370
346 406
346 442
346 444
346 472
346 494
347 348
347 366
347 371
347 391
347 468
348 349
348 352
348 447
349 350
349 473
349 481
350 351
350 423
350 434
350 449
350 475
351 352
351 375
351 460
351 466
352 353
352 407
352 422
352 437
353 354
353 421
353 446
353 480
354 355
354 357
354 401
354 472
354 475
355 356
355 400
355 450
355 463
356 357
356 368
356 371
356 396
357 358
357 389
357 397
357 435
357 454
358 359
358 419
358 481
358 483
359 360
359 372
359 384
359 390
359 460
359 478
360 361
360 368
360 373
360 424
360 476
361 362
361 376
361 449
361 477
361 478
361 493
362 363
362 368
362 463
362 468
362 485
362 491
363 364
363 370
363 375
363 485
364 365
364 427
364 438
364 443
364 460
364 468
365 366
365 368
365 372
365 414
365 482
366 367
366 414
366 423
366 431
366 437
366 441
366 462
366 471
366 490
366 498
367 368
367 370
367 402
367 406
367 456
368 369
368 415
368 488
369 370
369 385
369 387
369 423
369 478
370 371
370 388
370 400
370 442
370 471
371 372
371 430
372 373
372 461
373 374
373 410
373 426
373 453
373 492
373 497
374 375
374 387
374 446
374 474
375 376
375 410
376 377
376 406
376 423
376 448
376 466
377 378
377 393
377 477
377 483
377 492
377 493
377 498
378 379
378 380
378 392
378 498
379 380
379 484
380 381
380 395
380 414
380 446
381 382
381 411
381 460
381 469
381 475
381 480
381 487
381 497
382 383
382 395
383 384
383 413
383 446
384 385
384 395
384 398
384 412
384 457
384 465
384 480
385 386
385 408
385 432
385 436
385 461
385 477
385 495
385 498
386 387
386 411
386 415
386 430
386 442
386 449
387 388
387 427
387 432
387 439
387 445
387 469
387 492
388 389
388 392
388 410
388 479
389 390
389 407
389 450
389 451
389 465
389 494
390 391
390 398
390 442
390 466
391 392
391 399
391 410
391 417
391 419
391 429
391 436
391 466
391 489
392 393
392 413
392 488
393 394
393 420
394 395
394 404
394 417
394 451
394 485
395 396
395 405
395 409
395 417
395 446
395 459
395 486
395 487
396 397
396 458
397 398
397 455
397 474
398 399
398 402
398 433
399 400
399 402
399 408
399 448
399 476
400 401
400 448
401 402
401 406
401 464
401 465
402 403
402 419
402 471
402 492
403 404
403 424
403 431
403 457
403 475
404 405
404 472
404 482
405 406
405 425
405 446
405 449
406 407
406 438
406 490
407 408
408 409
409 410
409 480
409 482
409 483
410 411
410 484
411 412
412 413
412 450
412 482
412 493
413 414
413 419
413 464
413 483
414 415
415 416
415 480
416 417
416 431
416 446
416 484
417 418
417 465
418 419
418 470
419 420
419 451
419 492
420 421
420 439
420 473
420 487
420 491
421 422
421 424
421 450
421 467
421 495
421 496
422 423
422 485
423 424
423 440
424 425
424 434
424 473
424 484
424 487
425 426
425 440
425 469
426 427
426 480
427 428
428 429
428 478
429 430
429 454
429 462
429 474
430 431
430 494
431 432
431 441
431 491
432 433
433 434
433 464
434 435
434 449
434 480
434 483
435 436
436 437
437 438
437 461
437 471
438 439
438 494
439 440
439 453
439 461
440 441
441 442
441 445
442 443
442 450
442 464
443 444
444 445
444 463
444 467
444 477
444 483
444 499
445 446
446 447
447 448
447 488
448 449
448 453
449 450
449 492
450 451
450 458
450 460
450 465
450 473
451 452
451 470
452 453
452 492
452 497
453 454
454 455
454 465
454 466
454 498
455 456
456 457
456 489
457 458
458 459
459 460
459 468
460 461
461 462
462 463
462 484
463 464
463 491
463 495
464 465
464 469
464 470
465 466
465 472
466 467
466 479
467 468
468 469
469 470
469 497
469 499
470 471
470 496
471 472
471 482
472 473
473 474
474 475
475 476
475 487
475 490
476 477
477 478
477 483
478 479
478 496
479 480
479 494
480 481
481 482
481 486
482 483
483 484
484 485
484 489
485 486
486 487
487 488
487 491
488 489
489 490
490 491
491 492
492 493
493 494
494 495
495 496
496 497
497 498
497 499
498 499
