0 116.53636973669173
1 34.50036854085006
2 104.64833849805281
3 101.30655588604998
4 117.87028743922964
5 108.52327523640845
6 81.36113434195565
7 53.77393249859475
8 42.77462274702755
9 52.96383572382183
10 69.42383061811069
11 87.40310520379313
12 20.460841944524137
13 75.71905999313194
14 67.42175037195629
15 98.75388610986845
16 54.90796040516383
17 97.05304458121493
18 99.98052432059822
19 98.0106184516788
20 61.63277932639459
21 111.00338267994464
22 84.63775936710296
23 90.73243426545147
24 50.86370749463694
25 112.37836577562058
26 98.09834616070069
27 117.00488641063846
28 85.36830574386818
29 75.92023744986842
30 65.09423497006334
31 31.492071107725366
32 38.157339379084604
33 106.33878620712558
34 116.60466263505654
35 29.07985370982567
36 50.38575230484201
37 113.17332579342249
38 115.85295442744021
39 95.11709076835564
40 42.99367682641869
41 102.82019256097637
42 30.281212887557977
43 86.70326603489487
44 66.97820563446726
45 21.566626911456236
46 35.61433233363181
47 32.03727237707476
48 86.65935019679358
49 28.10092109607859
50 74.15995005122704
51 68.5335318137568
52 77.90121235907283
53 21.722586960089412
54 53.65108716685228
55 27.228044867721984
56 88.97213734811255
57 103.35520340661479
58 65.22342137754589
59 110.93834885654198
60 55.57516279069334
61 100.46849822672009
62 119.52924040757422
63 106.7077694163293
64 83.5528291591759
65 44.14515614298591
66 48.52531767714796
67 119.25580326122584
68 112.86802503490543
69 46.78172311509289
70 97.13211098706142
71 111.47278665926844
72 54.68520839776212
73 92.29189599558507
74 33.74680657702877
75 90.43851117821451
76 49.72399978930855
77 117.18438540739433
78 41.50291752224083
79 83.01079425561673
80 30.529804029384167
81 30.5164554947576
82 113.20429874463495
83 103.72141761308734
84 82.90376482017959
85 93.47814568340623
86 62.021589244763
87 29.53326825192321
88 92.45702234023157
89 55.24107720516568
90 77.32423699707437
91 60.95394728549153
92 31.10190397155405
93 20.709684109742504
94 100.43145097962223
95 67.06745581557274
96 85.26529387324041
97 107.94154920192405
98 68.60055819086344
99 83.23704349228807
100 52.70717255792729
101 38.257533556232254
102 77.23137786577922
103 54.54864459929035
104 38.04984723655687
105 90.44117952329334
106 40.05044984795178
107 95.50579520835119
108 58.47119623000278
109 41.93086762602277
110 84.94904121573194
111 67.05328920210543
112 30.487751018510686
113 114.5370583311941
114 109.18401937594344
115 55.698232331546066
116 46.35125143939094
117 39.97087538059481
118 31.810911986993
119 76.31362920880335
120 64.30483263318946
121 61.349203239153745
122 23.503500073428512
123 110.15092001488712
124 30.792740237904408
125 90.8453504430634
126 64.32458887318145
127 32.654436642653735
128 24.690113095556587
129 50.78325367528501
130 78.54763338502912
131 81.8620072432659
132 63.71698444055344
133 35.72712104555013
134 22.289128663557637
135 67.49249229571461
136 41.42337772607449
137 46.4972836628762
138 54.496829990389074
139 23.262303228280352
140 69.47996902422298
141 63.546943488593925
142 104.74895258423153
143 60.53945037818539
144 84.48149421662735
145 46.763432413804324
146 62.35475887746601
147 90.1350613654704
148 41.06766798677361
149 71.51147738274727
150 50.407011485280144
151 40.84867232465641
152 53.88913456555056
153 36.61488709962242
154 115.72197070964617
155 118.32505848359449
156 69.79353858012202
157 108.97697184584776
158 61.012781351829794
159 115.8467152757599
160 48.57949070687688
161 101.66892837140354
162 69.17718750070466
163 109.8775977212463
164 105.76388196209504
165 117.56931008337618
166 21.240753376887337
167 47.49001658499305
168 24.030629165735675
169 29.016616951617838
170 89.2818775731185
171 60.24808758049718
172 71.37660328149033
173 105.44098266580414
174 93.57501317077623
175 119.6875008474115
176 73.44311554320883
177 45.5697387368678
178 49.22376495009108
179 83.22278302455446
180 75.11908190712462
181 118.55568535911645
182 91.71555918885842
183 66.12963664386052
184 92.22450573380553
185 69.25567241643512
186 63.114861609414184
187 115.1913463845273
188 97.93071983303162
189 96.89109915642426
190 61.02197208873289
191 52.664641930294046
192 110.54636075589157
193 73.45077245854813
194 100.9596710044688
195 105.41183405885747
196 49.395814150539266
197 28.450531230518816
198 119.51005902156017
199 33.36241369462287
200 103.73939774445486
201 90.04290241205896
202 50.30918331798712
203 23.908740693475863
204 116.03238047897526
205 38.97400053231374
206 37.917104685271184
207 24.406838342332787
208 115.29238257753664
209 101.5137434129361
210 115.61629371754144
211 43.644723962576265
212 48.9425531291626
213 80.23942365822612
214 62.35135239925165
215 64.95709643127458
216 52.22043107494804
217 97.43150613773861
218 71.30824247169906
219 78.60664238312555
220 63.09016430453822
221 104.84450929836001
222 108.0413328721571
223 59.11857872879
224 37.56830412403446
225 95.7446643879555
226 109.59174768388566
227 84.44651214666712
228 45.47117207248243
229 40.35999230162696
230 77.70067807855297
231 118.16405179849154
232 29.8143420644234
233 54.26734376278284
234 49.00640491598053
235 53.31803998845183
236 94.44251035342731
237 100.74482535542172
238 83.024035680861
239 47.14569530526629
240 43.9406572141307
241 22.746981369047795
242 94.74201477293106
243 59.5493105103055
244 37.475031405389984
245 97.91396453139406
246 72.82970874631889
247 45.0386246589057
248 33.93522167332257
249 110.9048848104459
250 66.7354536986036
251 37.79231105429929
252 99.5961296977184
253 41.34936743999326
254 96.36465929223432
255 112.55654130149958
256 21.491440230843743
257 72.84032652136827
258 36.562700625383975
259 100.28985987764486
260 119.78769753512768
261 38.64482161887456
262 55.28747135197639
263 86.78012500405399
264 80.67089244846699
265 33.188772630220654
266 39.1416637850087
267 24.90061104012608
268 37.60502442261483
269 34.87524946499212
270 22.844945622597926
271 46.73879036090329
272 113.2948002203617
273 105.42490402419523
274 50.26142404843125
275 70.52273528210169
276 97.28227339599403
277 53.68108423866825
278 33.75788785891903
279 59.0864464342928
280 74.82990562779476
281 77.70101762452552
282 45.95350557459133
283 101.5568974052684
284 41.590145563582574
285 27.95837909568254
286 73.33178766188139
287 58.011867581598636
288 35.53434295370953
289 66.61148417063706
290 84.7208311140846
291 28.04918680368964
292 92.71137725965065
293 33.045229519567556
294 119.30794312048116
295 78.52430622192256
296 86.62915763969983
297 64.27381401437952
298 78.63996008161408
299 93.15457769885386
300 42.3996773298744
301 60.295182286025586
302 114.97071379898684
303 87.25499357248967
304 26.261071696243924
305 29.11704373059755
306 44.35223619584027
307 64.56159584283492
308 98.68773181307033
309 93.92821803717565
310 77.02648509589805
311 79.91510323223221
312 85.02214611354097
313 95.76798237923902
314 49.95948526882039
315 111.51877345872533
316 61.40992451764368
317 79.04995154028123
318 66.76999442885511
319 39.55086909152889
320 75.79194350910555
321 104.42601457903883
322 98.8398772776668
323 74.10355204607933
324 23.805365739300193
325 93.72966427581542
326 78.05363579956823
327 74.73641381903148
328 77.66783336382402
329 75.11703573582209
330 116.39957616427984
331 56.37422450629103
332 22.466860482118182
333 63.02781566468884
334 20.57536562582762
335 81.84497269902575
336 88.7490512782668
337 77.21716666657395
338 30.775808632120498
339 100.04557100023875
340 82.90147324958183
341 77.86361703211642
342 102.00084204088274
343 100.53909812752252
344 107.54014789543798
345 69.63687586144334
346 63.50697017047117
347 20.328798619572
348 32.96826488831818
349 106.61334516532848
350 37.435401920800786
351 56.62048856233299
352 27.73943817669812
353 112.05611117628557
354 71.18540926090552
355 110.57641618717206
356 81.45887121712533
357 112.32997285708005
358 39.761541367704815
359 111.38005182223971
360 56.1781038133772
361 72.60110570575571
362 104.10847893915104
363 47.372649052756785
364 84.08651308013805
365 113.47477168547992
366 69.35747932258602
367 61.58885621627234
368 88.67552891343308
369 82.35343206241025
370 72.94352870456152
371 52.71006319712134
372 44.14908893026624
373 51.051506890403076
374 46.71245587948731
375 59.27055630139989
376 103.57655229305277
377 112.0819750272348
378 39.42242520532553
379 94.89297296360492
380 20.13196714890107
381 50.03383563858206
382 56.45439042329429
383 45.39595196505441
384 57.736193415752005
385 71.58843479501655
386 72.08124116401513
387 34.808287574172276
388 37.5160852495987
389 87.97654418386023
390 96.30551018473759
391 116.64028029678546
392 94.71754946497394
393 57.056951058767
394 33.06073151898144
395 49.20441768735762
396 27.057014149929252
397 108.70126129173505
398 49.48158253048114
399 69.34388776958936
400 99.96842431803225
401 96.7985383877096
402 86.9832369912593
403 87.61886064761511
404 36.80058944379503
405 43.94723798613214
406 84.05038169846833
407 89.8168844303861
408 62.742356360019045
409 70.7808970660061
410 47.92161393592011
411 44.59509387896185
412 90.10072240986382
413 30.877858554686686
414 107.76500168971644
415 85.12843432571131
416 29.52965284418131
417 104.3342667499363
418 105.4758359029414
419 53.829395817515774
420 86.90506644916914
421 38.33348255622774
422 31.88765869271853
423 73.52126672576034
424 58.7640567591921
425 61.42391020750452
426 95.97290078426114
427 35.888226070988644
428 70.57410474886544
429 39.721241788548625
430 22.519580595540226
431 78.59208099930316
432 111.570681476969
433 87.8798922630138
434 109.80562415203408
435 56.13679388549105
436 107.49931325850675
437 95.43244783951359
438 42.9526411178733
439 96.37842299708512
440 38.320813064433636
441 79.97474642598725
442 50.92599960341591
443 74.51941904056169
444 51.78603704646808
445 32.678181280461544
446 115.5583413335402
447 29.49270356105764
448 45.75924310001338
449 78.73967570052616
450 89.5087164026472
451 93.83233585946151
452 92.26666781271098
453 35.633745692105194
454 56.72976258809879
455 107.44393925222823
456 54.469723682639966
457 115.40989570070364
458 73.80045637617644
459 38.129552651283305
460 104.10977925196426
461 83.78257322810599
462 63.39213456023447
463 37.287876228719384
464 81.44418288713027
465 58.38975986256047
466 92.17064007280635
467 117.90238672453752
468 52.29084604148201
469 101.35021349751675
470 54.59762533525371
471 53.74610493397321
472 107.52133482201374
473 37.1282756233606
474 101.37916442339025
475 63.67330889544799
476 119.19012938670215
477 105.71904537039453
478 96.71998755361157
479 62.93479001884728
480 114.46027858526554
481 43.29566402465957
482 62.0768563013014
483 34.644727316373505
484 53.5834197190187
485 67.71432188109247
486 65.76468016877382
487 98.8436492345704
488 101.41475529173941
489 34.65154404269504
490 47.55418347314382
491 34.043312510092264
492 63.291202342655914
493 21.652175167545256
494 25.31009168170804
495 36.70580348512889
496 115.57365672270075
497 91.99542017968515
498 116.75389444180504
499 87.80051653216479
0 1
0 76
0 80
0 158
0 172
0 214
0 294
0 372
0 386
1 2
1 7
1 48
1 166
1 226
1 326
1 368
1 426
1 454
2 3
2 98
2 111
2 205
2 281
2 320
2 447
2 494
3 4
3 34
3 118
3 140
3 146
3 150
3 167
3 194
3 316
3 326
3 355
3 381
3 435
3 446
3 481
4 5
4 8
4 17
4 112
4 128
4 157
4 203
4 239
4 244
4 261
4 262
4 288
4 291
4 355
4 367
4 376
4 388
4 391
4 398
5 6
5 26
5 126
5 217
5 235
5 352
5 497
6 7
6 74
6 245
6 306
6 390
6 410
6 418
6 428
7 8
7 78
7 89
7 103
7 191
7 194
7 221
7 298
7 328
8 9
8 45
8 163
8 170
8 230
8 231
8 308
8 405
8 459
8 470
9 10
9 33
9 45
9 71
9 84
9 218
9 287
9 303
9 324
9 327
9 333
9 363
9 411
9 472
10 11
10 26
10 75
10 116
10 222
10 289
10 333
11 12
11 15
11 26
11 73
11 94
11 201
11 270
11 310
11 351
11 378
11 429
12 13
12 23
12 66
12 114
12 136
12 177
12 328
13 14
13 19
13 24
13 55
13 90
13 180
13 198
13 243
13 362
13 364
13 434
13 442
14 15
14 72
14 73
14 162
14 165
14 226
14 286
14 323
14 392
14 422
14 478
14 480
15 16
15 37
15 133
15 200
15 321
15 363
15 425
15 450
15 485
15 492
16 17
16 35
16 71
16 271
16 312
16 358
16 409
17 18
17 33
17 44
17 54
17 133
17 365
17 378
17 404
17 484
18 19
18 96
18 130
18 163
18 425
18 444
19 20
19 74
19 141
19 292
19 329
19 350
19 457
20 21
20 46
20 89
20 141
20 173
20 256
20 304
20 361
20 373
20 405
20 408
20 439
20 468
20 482
21 22
21 38
21 70
21 102
21 131
21 147
21 179
21 183
21 201
21 233
21 286
21 290
21 314
21 394
21 459
22 23
22 68
22 76
22 169
22 201
22 209
22 262
22 287
22 293
22 343
22 370
22 386
22 411
22 416
22 445
22 446
22 472
22 492
23 24
23 45
23 169
23 176
23 236
23 333
23 353
23 362
24 25
24 120
24 156
24 182
24 190
24 307
24 337
24 359
24 403
24 465
25 26
25 94
25 351
25 450
25 451
25 452
25 468
25 475
25 490
26 27
26 53
26 56
26 99
26 265
26 310
26 404
26 419
27 28
27 48
27 65
27 66
27 72
27 190
27 259
27 263
27 267
27 312
27 370
27 377
27 383
27 444
27 457
27 469
27 473
27 499
28 29
28 99
28 133
28 141
28 207
28 215
28 230
28 248
28 331
28 408
28 435
29 30
29 59
29 103
29 111
29 137
29 142
29 233
29 263
29 302
29 328
29 352
29 367
29 418
29 424
29 431
29 449
30 31
30 87
30 202
30 253
30 422
30 430
30 437
30 468
31 32
31 65
31 105
31 116
31 222
31 267
31 283
31 289
31 317
31 327
31 410
31 449
32 33
32 136
32 216
32 284
32 325
32 341
32 353
32 378
33 34
33 38
33 64
33 82
33 108
33 128
33 201
33 207
33 236
33 312
33 361
33 427
34 35
34 90
34 138
34 187
34 191
34 244
34 281
34 284
34 294
34 338
35 36
35 83
35 129
36 37
36 117
36 119
36 142
36 162
36 367
36 404
36 442
36 451
37 38
37 204
37 248
37 307
37 317
37 327
37 355
37 410
38 39
38 154
38 165
38 185
38 204
38 216
38 274
38 373
38 449
38 465
39 40
39 58
39 96
39 103
39 112
39 145
39 173
39 248
39 276
39 300
39 394
39 400
39 451
39 461
39 488
40 41
40 58
40 241
40 295
40 307
40 368
40 406
40 426
40 461
41 42
41 52
41 104
41 110
41 125
41 222
41 289
41 295
41 361
41 392
41 452
41 453
42 43
42 89
42 169
42 181
42 193
42 203
42 245
42 261
42 439
42 455
42 466
43 44
43 130
43 342
44 45
44 129
44 173
44 200
44 271
44 276
44 359
44 379
44 441
44 449
44 482
45 46
45 93
45 103
45 128
45 267
45 300
45 331
45 445
45 488
45 498
46 47
46 78
46 166
46 168
46 252
46 294
46 313
46 329
47 48
47 92
47 148
47 162
47 277
47 293
47 310
47 316
47 357
47 426
47 427
47 486
48 49
48 65
48 76
48 101
48 124
48 127
48 131
48 147
48 208
48 275
48 307
48 410
48 472
49 50
49 71
49 75
49 100
49 228
49 263
49 314
49 422
49 426
49 431
49 437
49 469
50 51
50 112
50 173
50 221
50 295
50 352
50 393
50 431
50 438
51 52
51 70
51 214
51 248
51 258
51 275
51 293
51 311
51 340
51 341
51 436
52 53
52 74
52 126
52 128
52 241
52 253
52 290
52 303
52 374
52 446
52 498
53 54
53 75
53 99
53 114
53 165
53 182
53 193
53 276
53 462
53 481
54 55
54 96
54 113
54 121
54 175
54 284
54 340
54 413
54 425
54 443
54 489
55 56
55 91
55 101
55 110
55 164
55 178
55 187
55 230
55 291
55 333
55 381
55 492
55 494
56 57
56 96
56 109
56 171
56 176
56 216
56 246
56 314
56 343
56 356
56 380
56 424
56 434
57 58
57 175
57 247
57 260
57 352
57 401
57 416
58 59
58 82
58 105
58 171
58 246
58 387
59 60
59 108
59 115
59 131
59 152
59 252
59 259
59 271
59 323
59 400
59 482
59 499
60 61
60 104
60 119
60 124
60 174
60 184
60 267
60 340
60 361
60 391
60 403
60 404
60 467
60 474
60 493
61 62
61 66
61 149
61 203
61 217
61 242
61 246
61 285
61 401
61 407
61 440
62 63
62 157
62 161
62 216
62 329
62 345
62 369
62 432
62 467
63 64
63 108
63 132
63 201
63 268
63 271
63 280
63 292
63 303
63 320
63 410
63 446
63 479
64 65
64 78
64 226
64 264
65 66
65 74
65 82
65 169
65 188
65 201
65 292
65 302
65 311
65 352
65 367
65 372
65 440
65 456
65 475
66 67
66 106
66 140
66 207
66 265
66 284
66 343
66 345
66 395
66 448
66 453
66 477
67 68
67 75
67 100
67 159
67 228
67 280
67 308
67 312
67 401
68 69
68 83
68 87
68 133
68 258
68 348
68 352
68 444
68 455
68 459
68 484
68 486
69 70
69 114
69 152
69 174
69 230
69 369
69 377
69 379
69 434
69 465
69 489
70 71
70 101
70 128
70 130
70 203
70 256
70 277
70 289
70 350
70 351
70 361
70 416
70 422
71 72
71 99
71 105
71 111
71 116
71 132
71 143
71 198
71 237
71 301
71 341
71 358
71 369
71 395
71 397
71 429
72 73
72 123
72 141
72 145
72 151
72 159
72 231
72 263
72 310
72 346
72 355
72 372
72 449
72 452
73 74
73 86
73 115
73 116
73 131
73 173
73 190
73 217
73 313
73 356
73 389
73 399
73 471
74 75
74 78
74 123
74 326
74 330
74 383
74 454
74 457
75 76
75 97
75 118
75 131
75 174
75 225
75 240
75 248
75 396
75 441
75 482
76 77
76 116
76 131
76 181
76 199
76 300
76 314
76 426
76 443
77 78
77 203
77 354
77 458
77 482
77 496
78 79
78 83
78 101
78 120
78 136
78 161
78 213
78 216
78 424
78 435
78 451
79 80
79 136
79 169
79 180
79 215
79 238
79 252
79 262
79 278
79 279
79 383
79 443
80 81
80 122
80 211
80 217
80 277
80 287
80 337
80 343
80 452
80 486
81 82
81 185
81 328
81 334
81 374
82 83
82 104
82 148
82 213
82 285
82 306
82 308
82 373
82 469
82 471
82 479
82 491
83 84
83 102
83 161
83 199
83 230
83 234
83 274
83 337
83 469
83 475
84 85
84 129
84 136
84 255
84 335
84 397
84 418
84 437
84 457
85 86
85 230
85 247
85 342
85 352
85 441
85 469
85 498
86 87
86 106
86 119
86 197
86 312
86 411
86 414
86 487
86 491
87 88
87 96
87 193
87 231
87 274
87 323
87 330
87 485
88 89
88 111
88 125
88 236
88 287
88 432
88 466
88 471
89 90
89 106
89 129
89 150
89 275
89 283
89 323
89 396
89 416
89 448
89 456
90 91
90 116
90 226
90 273
90 418
90 439
90 444
90 464
91 92
91 142
91 143
91 148
91 177
91 233
91 305
91 326
91 383
91 455
92 93
92 115
92 161
92 321
92 419
93 94
93 181
93 220
93 280
93 300
93 373
93 381
93 404
93 470
94 95
94 131
94 144
94 152
94 208
94 249
94 269
94 281
94 287
94 288
94 378
94 387
94 441
94 446
94 487
95 96
95 156
95 377
95 378
95 401
95 445
96 97
96 222
96 361
96 414
96 495
96 499
97 98
97 144
97 242
97 340
97 352
97 430
97 486
97 487
98 99
98 106
98 151
98 217
98 288
98 321
98 391
98 429
99 100
99 197
99 268
99 345
99 379
99 395
99 443
100 101
100 162
100 272
100 351
100 388
100 420
100 486
100 490
100 491
101 102
101 121
101 212
101 290
101 371
101 418
101 497
102 103
102 125
102 191
102 232
102 336
102 431
102 478
103 104
103 129
103 168
103 179
103 269
103 330
103 355
103 391
103 425
103 428
103 461
103 468
103 488
104 105
104 118
104 184
104 228
104 244
104 325
104 380
104 382
104 432
104 473
105 106
105 115
105 145
105 227
105 273
105 314
105 386
105 397
105 410
105 431
105 444
106 107
106 137
106 156
106 165
106 264
106 273
106 276
106 290
106 318
106 362
106 378
106 385
106 433
106 465
107 108
107 110
107 151
107 235
107 256
107 281
107 292
107 401
107 423
107 461
107 474
108 109
108 119
108 161
108 170
108 175
108 178
108 227
108 295
108 297
108 313
108 316
108 377
108 394
108 406
108 416
108 423
108 431
109 110
109 141
109 195
109 341
109 483
109 486
109 491
109 496
109 499
110 111
110 201
110 211
110 271
110 377
110 417
110 498
111 112
111 137
111 168
111 287
111 322
111 412
111 459
112 113
112 236
112 276
112 305
112 347
112 390
112 467
112 491
113 114
113 129
113 142
113 148
113 161
113 257
113 329
113 368
113 389
113 450
113 463
113 485
114 115
114 141
114 153
114 284
114 312
114 315
114 337
114 454
115 116
115 134
115 202
115 229
115 269
115 327
115 377
115 418
116 117
116 227
116 231
116 299
116 332
116 444
117 118
117 167
117 300
117 418
117 419
118 119
118 220
118 462
118 480
119 120
119 185
119 242
119 292
119 379
119 397
119 418
119 442
119 478
119 491
120 121
120 122
120 197
120 281
120 452
121 122
121 167
121 288
121 308
121 328
121 447
121 490
121 495
122 123
122 155
122 280
122 389
122 395
122 418
122 424
122 493
123 124
123 127
123 236
123 240
123 383
123 395
123 476
123 484
123 490
124 125
124 129
124 177
124 214
124 228
124 245
124 359
124 367
124 462
124 489
124 498
125 126
125 159
125 174
125 324
125 343
125 432
125 476
126 127
126 350
126 356
126 427
126 497
127 128
127 221
127 237
127 240
127 303
127 363
127 386
127 455
127 479
127 483
128 129
128 199
128 201
128 256
128 294
128 295
128 363
128 442
128 443
129 130
129 145
129 152
129 356
129 417
129 474
130 131
130 144
130 156
130 165
130 205
130 245
130 409
130 420
131 132
131 246
131 296
131 357
131 430
131 450
132 133
132 157
132 194
132 240
132 300
132 339
132 359
132 412
132 417
132 435
132 481
132 487
132 490
133 134
133 325
133 383
133 396
134 135
134 154
134 163
134 175
134 201
134 207
134 325
134 376
134 441
134 466
134 498
135 136
135 141
135 203
135 217
135 345
135 387
135 441
135 460
135 488
136 137
136 150
136 167
136 173
136 235
136 372
136 402
136 410
136 435
137 138
137 192
137 321
137 340
137 405
137 472
138 139
138 215
138 278
138 386
139 140
139 148
139 185
139 189
139 257
139 274
139 306
139 324
139 482
140 141
140 155
140 376
140 392
140 486
140 495
141 142
141 158
141 204
141 273
141 301
141 322
141 461
141 477
142 143
142 150
142 226
142 296
142 412
142 418
142 449
142 463
142 474
143 144
143 183
143 204
143 339
143 364
144 145
144 170
144 219
144 223
144 286
144 290
144 430
144 475
145 146
145 193
145 224
145 296
145 366
145 387
145 440
145 454
146 147
146 175
146 226
146 264
146 338
146 369
146 377
146 440
146 457
146 467
146 486
147 148
147 188
147 195
147 253
147 294
147 346
147 360
147 411
147 426
147 430
147 465
148 149
148 294
148 324
148 337
148 379
148 455
148 463
149 150
149 249
149 270
149 304
149 312
149 393
149 398
150 151
150 222
150 277
150 307
150 325
150 377
150 480
151 152
151 201
151 280
151 284
151 299
151 310
151 342
151 347
151 378
151 399
151 490
152 153
152 175
152 202
152 229
152 237
152 366
152 372
152 389
152 415
152 430
152 492
153 154
153 193
153 203
153 287
153 333
153 453
153 465
154 155
154 157
154 339
154 365
154 389
154 390
154 441
154 446
154 497
155 156
155 186
155 201
155 295
155 360
155 362
155 382
155 386
155 409
155 425
156 157
156 331
156 354
156 360
156 465
156 471
156 476
156 492
157 158
157 218
157 288
157 397
157 399
157 442
157 446
157 467
158 159
158 211
158 300
158 403
158 491
159 160
159 252
159 319
159 340
159 356
160 161
160 279
160 314
160 334
160 350
160 378
160 420
161 162
161 191
161 343
161 398
162 163
162 196
162 207
162 248
162 405
162 456
162 494
163 164
163 200
163 276
163 281
163 282
163 452
164 165
164 229
164 374
164 407
164 411
164 418
164 469
164 494
164 496
165 166
165 212
165 213
165 231
165 247
165 256
165 355
165 388
165 426
165 428
165 434
165 460
166 167
166 206
166 229
166 273
166 290
166 328
166 336
166 354
166 366
166 493
166 495
167 168
167 190
167 261
167 275
167 324
167 453
167 454
168 169
168 210
168 226
168 282
168 365
168 430
168 456
169 170
169 220
169 331
169 337
169 432
169 458
169 495
170 171
170 278
170 279
170 293
170 356
170 388
170 408
170 484
171 172
171 174
171 194
171 245
171 255
171 329
171 394
171 440
171 465
172 173
172 179
172 196
172 303
172 330
172 351
172 394
172 450
172 456
172 473
173 174
173 176
173 202
173 236
173 264
173 275
173 301
173 304
173 325
173 350
173 354
173 411
174 175
174 218
174 373
174 438
175 176
175 244
175 278
175 385
175 392
175 408
175 476
176 177
176 178
176 248
176 269
176 282
176 325
176 378
176 448
176 475
177 178
177 211
177 224
177 240
177 262
177 347
177 416
177 433
177 443
177 448
177 496
178 179
178 261
178 287
178 344
178 398
178 423
179 180
179 226
179 409
179 418
180 181
180 336
181 182
181 213
181 274
181 396
181 414
181 492
182 183
182 248
182 295
182 343
183 184
183 207
183 214
183 251
183 252
183 272
183 335
183 362
183 420
183 487
184 185
184 204
184 221
184 302
184 345
184 363
184 443
184 461
185 186
185 248
185 279
185 290
185 387
185 442
185 473
186 187
186 238
186 255
186 408
186 440
187 188
187 225
187 325
187 327
187 371
187 445
187 460
188 189
188 246
188 249
188 267
188 314
188 390
188 394
188 461
189 190
189 213
189 263
189 292
189 346
189 350
189 354
189 464
190 191
190 332
190 447
191 192
191 311
191 370
191 405
191 473
192 193
192 196
192 423
193 194
193 234
193 306
193 327
193 332
193 425
193 440
194 195
194 207
194 332
194 375
194 406
194 428
194 475
194 476
194 490
195 196
195 219
195 236
195 399
195 463
195 479
196 197
196 220
196 295
196 306
196 307
196 404
196 408
196 441
196 461
196 481
196 493
197 198
197 209
197 257
197 271
197 323
197 356
197 357
197 438
197 451
197 457
198 199
198 277
198 285
198 312
198 383
198 446
199 200
199 248
199 326
199 391
199 406
199 407
200 201
200 276
200 435
200 455
201 202
201 249
201 277
201 279
201 288
201 381
201 408
201 451
201 454
202 203
202 373
202 389
202 394
202 429
202 443
202 462
203 204
203 241
203 251
203 334
203 467
204 205
204 263
204 284
204 290
204 322
204 382
204 431
204 449
204 452
204 453
204 484
205 206
205 246
205 255
205 369
205 443
206 207
206 278
206 332
206 339
206 385
206 396
206 429
206 443
207 208
207 253
207 269
207 362
207 374
207 449
207 496
208 209
208 225
208 272
208 289
208 310
208 337
208 363
208 388
208 401
208 418
208 472
209 210
209 325
209 338
209 345
209 371
209 447
210 211
210 223
210 242
210 248
210 444
210 445
210 463
210 470
211 212
211 298
211 300
211 401
211 404
211 406
211 479
211 484
211 498
212 213
212 420
213 214
213 291
213 385
213 465
214 215
214 280
214 281
214 458
214 467
214 487
215 216
215 229
215 305
215 306
215 308
215 312
215 319
215 352
215 428
215 479
216 217
216 261
216 307
216 391
216 401
216 409
216 416
216 430
217 218
217 222
217 268
217 332
217 399
217 425
217 463
218 219
218 256
218 298
218 308
218 326
218 349
218 405
218 420
218 431
219 220
219 271
219 324
219 413
220 221
220 237
220 328
220 354
220 433
220 466
221 222
221 229
221 327
221 388
221 425
221 464
221 465
222 223
222 360
222 419
222 447
223 224
223 287
223 301
223 335
223 463
224 225
224 282
224 301
224 336
224 350
224 358
224 393
224 464
224 476
224 488
225 226
225 288
225 406
225 409
225 422
225 494
226 227
226 380
226 408
226 474
226 477
226 489
226 498
227 228
227 243
227 253
227 265
227 301
227 411
227 425
228 229
228 287
228 305
228 350
228 375
228 413
228 445
228 452
229 230
229 292
229 343
229 368
230 231
230 266
230 268
230 291
230 356
230 449
230 451
231 232
231 258
231 277
231 288
231 310
231 322
231 367
231 411
231 493
232 233
232 348
232 402
232 416
232 496
233 234
233 379
234 235
234 285
234 464
234 482
234 492
235 236
235 268
235 281
235 288
235 314
235 350
235 386
235 453
235 455
235 480
236 237
236 241
236 291
236 299
236 300
236 327
236 332
236 376
236 427
236 490
236 498
237 238
237 325
237 387
237 402
237 468
238 239
238 358
238 366
238 437
238 463
239 240
239 319
239 322
239 341
239 364
239 397
239 482
240 241
240 286
240 306
240 382
240 428
240 477
241 242
241 301
241 324
241 421
241 463
241 482
242 243
242 272
242 314
242 324
242 338
242 356
242 376
242 413
242 445
243 244
243 333
243 354
243 382
243 400
243 418
243 455
243 486
244 245
244 354
244 362
244 414
244 425
244 490
244 491
245 246
245 466
245 479
246 247
246 283
246 301
246 327
246 345
246 375
246 421
246 426
246 495
247 248
247 278
247 319
247 363
247 407
247 435
247 439
248 249
248 375
248 392
248 400
248 446
248 491
249 250
249 258
249 325
249 451
250 251
250 262
250 270
250 338
250 408
250 428
250 458
250 464
250 473
250 483
251 252
251 391
251 421
251 463
251 484
252 253
252 305
252 342
252 368
252 399
253 254
253 298
253 373
254 255
254 327
254 356
254 359
254 397
254 449
254 483
254 499
255 256
255 317
255 377
255 414
255 486
256 257
256 299
256 414
256 424
257 258
257 268
257 273
257 336
257 343
257 366
257 383
257 436
257 463
257 473
258 259
258 299
258 302
258 306
258 319
258 400
258 401
259 260
259 272
259 337
259 412
259 464
260 261
260 263
260 293
260 347
260 366
260 402
260 409
260 425
260 438
260 443
260 452
260 463
260 481
261 262
261 275
261 317
261 437
261 461
261 477
262 263
262 264
262 281
262 315
262 359
262 365
262 399
262 415
262 463
262 464
263 264
263 274
263 295
263 298
263 456
264 265
264 272
265 266
265 299
265 320
265 328
265 351
265 408
266 267
266 270
266 276
266 278
266 280
266 296
266 312
266 404
266 411
267 268
267 323
267 373
267 439
267 469
267 482
268 269
268 292
268 322
268 324
268 375
269 270
269 275
269 279
269 317
269 327
269 405
269 423
270 271
270 311
270 313
270 479
271 272
271 325
271 418
271 451
271 492
272 273
272 284
272 333
272 426
273 274
273 462
273 468
273 472
274 275
274 308
274 313
274 352
274 366
274 460
274 473
275 276
275 328
275 334
275 347
275 363
275 410
275 415
275 469
276 277
276 281
276 309
276 413
277 278
277 295
277 361
277 430
277 486
278 279
278 296
278 319
278 424
278 431
278 448
278 474
279 280
279 303
279 428
279 477
280 281
280 286
280 316
280 329
280 356
280 369
280 417
280 463
280 492
281 282
281 287
281 381
281 384
281 442
282 283
282 306
282 358
282 406
282 455
282 461
283 284
283 349
283 496
284 285
284 302
284 419
284 428
284 463
284 474
285 286
285 336
285 397
285 403
285 404
285 413
285 423
285 425
285 443
286 287
286 337
286 362
286 487
287 288
287 306
287 316
287 396
287 436
287 478
287 481
288 289
288 354
288 435
288 446
288 461
289 290
289 356
289 366
289 406
289 432
289 495
289 499
290 291
290 322
290 419
290 431
290 450
290 466
290 486
291 292
291 374
291 456
292 293
292 423
292 443
293 294
293 314
293 346
293 391
293 417
294 295
294 306
294 415
295 296
295 300
295 332
295 363
295 403
295 407
295 480
296 297
297 298
297 311
297 442
297 472
298 299
298 307
298 365
298 481
299 300
299 308
299 310
299 350
299 374
299 410
299 420
299 472
300 301
300 311
300 350
300 487
301 302
301 339
301 376
301 411
301 419
301 422
301 437
301 450
301 467
301 473
302 303
302 365
302 446
302 472
303 304
303 333
303 374
303 408
304 305
304 349
304 365
304 373
304 457
305 306
305 423
305 430
305 441
305 492
306 307
306 357
306 395
306 459
306 490
307 308
308 309
308 425
308 483
308 484
309 310
309 322
309 418
310 311
310 359
310 378
310 401
310 420
310 450
310 452
311 312
311 427
311 446
311 483
312 313
312 357
312 386
313 314
313 337
313 351
313 396
313 436
314 315
314 320
314 375
314 481
315 316
315 324
315 341
315 401
315 447
315 464
315 495
316 317
316 335
316 360
316 404
316 478
316 484
317 318
317 352
317 443
318 319
318 399
318 404
318 464
318 491
319 320
319 418
319 456
320 321
320 328
320 487
321 322
321 327
321 365
321 455
322 323
322 360
322 363
322 436
323 324
323 327
323 418
323 492
324 325
324 358
324 493
325 326
325 351
325 353
325 453
326 327
326 338
326 347
326 399
326 478
327 328
327 416
327 492
328 329
328 464
329 330
329 407
329 410
329 492
329 496
330 331
330 487
330 496
331 332
331 390
331 418
331 422
331 435
331 445
332 333
332 362
332 374
332 415
333 334
333 366
333 374
333 428
334 335
334 414
334 422
334 423
334 444
334 457
335 336
335 404
335 405
335 415
335 453
335 468
335 491
335 497
336 337
336 357
336 358
337 338
337 366
337 393
337 400
337 406
337 489
337 493
338 339
338 353
338 388
338 403
339 340
339 448
339 469
340 341
340 403
340 406
340 422
340 460
341 342
341 364
341 481
341 485
342 343
342 384
342 426
342 428
342 476
343 344
343 408
344 345
344 354
344 379
345 346
345 349
345 357
345 434
345 448
345 490
346 347
346 374
346 428
347 348
347 380
347 421
347 477
347 479
347 484
348 349
348 350
348 397
349 350
349 358
349 361
349 376
349 377
349 393
349 499
350 351
350 404
350 443
350 457
351 352
351 359
351 417
352 353
352 368
353 354
353 398
353 442
353 465
354 355
354 399
354 446
354 461
355 356
355 438
355 463
356 357
356 363
356 478
357 358
357 369
357 398
357 403
357 411
357 483
357 484
358 359
358 411
358 445
358 462
358 468
359 360
359 399
360 361
360 410
360 413
360 420
360 464
361 362
361 426
361 471
362 363
362 372
362 441
363 364
363 493
364 365
364 423
365 366
365 384
365 386
365 397
365 423
365 442
366 367
366 425
367 368
368 369
368 484
368 486
368 487
369 370
369 381
369 426
369 428
369 445
369 467
369 480
370 371
370 496
371 372
371 424
372 373
372 389
372 485
373 374
374 375
375 376
375 450
375 471
376 377
376 395
376 412
376 459
377 378
378 379
379 380
380 381
380 461
380 489
381 382
381 392
381 401
381 469
382 383
382 445
382 487
383 384
383 428
383 433
383 498
384 385
384 402
384 484
385 386
385 462
385 493
386 387
387 388
387 412
388 389
388 412
388 420
388 440
388 454
389 390
389 397
389 473
390 391
390 469
390 481
391 392
391 401
391 425
391 428
392 393
392 408
392 414
392 444
392 456
393 394
394 395
394 410
394 434
394 443
395 396
395 400
395 423
395 429
395 442
396 397
396 421
397 398
397 406
397 485
397 493
398 399
398 467
399 400
399 458
400 401
400 443
400 455
400 493
401 402
401 471
402 403
402 440
402 467
402 479
402 480
403 404
403 476
404 405
404 418
404 419
404 434
404 437
405 406
406 407
406 452
406 469
406 475
407 408
407 411
407 416
407 478
407 482
408 409
408 478
409 410
409 492
410 411
410 422
410 466
410 495
411 412
411 463
411 467
412 413
412 447
412 462
412 464
412 479
412 497
413 414
413 468
414 415
414 419
414 427
415 416
415 454
415 468
416 417
416 418
416 423
416 493
417 418
417 443
418 419
418 450
418 465
418 486
419 420
419 487
420 421
421 422
421 469
422 423
422 452
422 466
423 424
423 442
423 478
423 488
424 425
424 434
425 426
425 458
426 427
427 428
428 429
429 430
430 431
431 432
431 433
431 437
431 450
431 471
431 499
432 433
432 465
433 434
433 476
434 435
434 439
434 485
435 436
435 479
436 437
437 438
437 460
438 439
438 470
439 440
439 466
440 441
440 451
440 467
440 477
441 442
441 459
442 443
442 477
443 444
443 469
443 481
444 445
444 486
445 446
445 495
446 447
447 448
448 449
448 497
449 450
449 465
450 451
450 487
451 452
452 453
452 472
453 454
453 481
454 455
454 495
455 456
456 457
456 496
457 458
457 475
458 459
458 464
459 460
460 461
461 462
462 463
462 470
462 487
463 464
464 465
465 466
465 469
465 480
466 467
467 468
468 469
468 474
469 470
470 471
471 472
472 473
473 474
473 493
474 475
475 476
476 477
476 498
477 478
478 479
479 480
480 481
481 482
481 488
482 483
482 485
483 484
484 485
485 486
486 487
487 488
488 489
489 490
490 491
491 492
492 493
493 494
493 495
494 495
495 496
495 499
496 497
497 498
498 499
