0 55.49159073075225
1 94.53236043042733
2 39.469641781820684
3 89.86784041112024
4 113.52461860143791
5 75.48165065642388
6 84.23107900559499
7 110.35364907453878
8 24.746914693864735
9 86.37389818485535
10 81.04316148266028
11 34.47478198982425
12 103.65020757971405
13 41.38711275140568
14 76.72030507378513
15 73.68527317034048
16 106.69735042433425
17 64.5788668056
18 114.88601308670432
19 51.87698811206074
20 39.3211211721439
21 110.44951984301521
22 55.714726871622624
23 86.1548386418396
24 40.62545952877481
25 61.473156326144434
26 114.63739521525957
27 105.92157812854408
28 63.101745737460305
29 40.734066672143484
30 57.29408185873284
31 70.33380582201379
32 111.64539834170765
33 59.93546534299476
34 61.552098118913186
35 115.38224975446573
36 31.25575992516728
37 108.30112742581376
38 59.068311754760614
39 86.16578005437641
40 36.024808171677584
41 76.2694074125472
42 98.65938428492315
43 87.37001362068408
44 53.36797400706371
45 99.38317142737458
46 31.653951938081185
47 115.52777410280187
48 116.92298147698924
49 102.4078950974923
50 105.43578052121842
51 20.330117203246704
52 79.14021988780826
53 21.464267384250228
54 65.54723263534703
55 79.0729446309737
56 30.31091577538595
57 82.84041053341325
58 109.00740719803848
59 58.265772682971374
60 104.62695370400309
61 21.1527934458092
62 101.90955278689364
63 79.49546740833526
64 25.83886597440798
65 26.65382391282877
66 72.89749156239665
67 102.82932303084782
68 95.17618710020353
69 21.73799006794919
70 20.780919300214666
71 90.3581387859131
72 52.41703151366856
73 80.07733820995716
74 29.334652808435827
75 114.9214437346507
76 47.34134278116438
77 118.32098113259791
78 65.23699842042647
79 34.62336139336967
80 43.2750195531653
81 109.92223122920683
82 46.137614014499476
83 62.43905842095222
84 37.029703327851905
85 93.41087275158011
86 105.00538310580312
87 22.028114266642934
88 20.265678130556037
89 73.30697553584397
90 44.19194427620582
91 95.81252928007943
92 26.15304813147409
93 40.87657084926964
94 68.05673133294056
95 39.44354673107791
96 102.17893381599373
97 74.05840809690085
98 106.53448242105787
99 57.97280427349497
100 25.046118375794194
101 111.14493812934724
102 93.6863725141088
103 113.35981338574298
104 26.83128366680429
105 31.179530935833437
106 45.061043398703106
107 60.38910065759766
108 32.91851460773474
109 115.53590842328346
110 85.60201236443449
111 88.63678429842962
112 21.69653503240864
113 109.77459600254016
114 115.87302967511094
115 81.81778668685445
116 103.60569141345297
117 52.62519318197057
118 68.53318034013054
119 92.66123509104159
120 82.84342885566966
121 89.8220875997474
122 99.27861354483298
123 71.40305965671143
124 108.88462170239832
125 44.52519885318064
126 76.87801794791886
127 79.05117710190392
128 46.945772058561786
129 73.18622949034125
130 85.46404488933092
131 62.77006203262776
132 96.61980182205552
133 95.97478320075133
134 28.903055772152968
135 70.04791367824652
136 66.13071689351855
137 54.25765461356695
138 31.850788293498137
139 30.751043511434922
140 66.00520502361277
141 114.12847750381506
142 65.01158124507663
143 41.7364760798703
144 20.43078081085861
145 104.6138250465987
146 83.15405373411448
147 47.38522342735237
148 107.16779117132329
149 51.93578406552189
150 53.59624873201605
151 21.235045163817915
152 27.60527080067811
153 47.08987813736215
154 70.15837632358644
155 118.83293676194602
156 77.39822864457383
157 63.00120651695178
158 92.99153768223188
159 89.99400115518635
160 35.09669905408734
161 119.65048271982181
162 28.225853281137777
163 109.84473530669568
164 111.2744311100218
165 80.81560669944787
166 63.04168135996406
167 112.34521437942605
168 103.8878516670051
169 54.45334631988719
170 101.55268541916413
171 87.4260235121682
172 86.94354350613095
173 60.249512083453226
174 104.79971735493736
175 33.44220063481211
176 119.02510393691155
177 22.495014632620276
178 24.189624611394315
179 40.33789237682295
180 95.82800450438356
181 44.19904275794701
182 31.873239918551807
183 115.73177270688375
184 86.57361938885694
185 119.22953786873084
186 93.84196782504874
187 56.07475102601467
188 88.02130116304681
189 43.27501414827916
190 101.93254183287021
191 108.09781989917671
192 101.7700685494361
193 91.55070411062914
194 79.46471035950924
195 61.959396237420435
196 90.63904080259789
197 41.42591355376355
198 101.89669531124656
199 66.81781802477951
200 98.13848299834277
201 31.528383728641725
202 28.668501108864636
203 61.9961337195584
204 21.390980405601116
205 65.38531038811934
206 25.31326485311423
207 72.47271290891011
208 112.33485016883306
209 87.28968127236985
210 65.95199833474288
211 26.122575753406355
212 44.639630374502914
213 80.83437064697206
214 45.44724103985476
215 111.95080741419169
216 24.486118815950334
217 66.4354634747122
218 97.77628739324622
219 113.5007655116323
220 42.21104091264169
221 103.17007795381375
222 112.59482039398276
223 119.6862555507465
224 58.78919454680885
225 32.38293221638288
226 65.49693729571591
227 36.4882057267876
228 96.22341989943448
229 35.76979371067241
230 29.137674677805762
231 97.27280634877445
232 54.13557819545304
233 119.02482673466614
234 112.1693761735948
235 96.92946959012306
236 106.19920021079272
237 73.64278627203834
238 80.85331165699546
239 55.593412231605484
240 39.52727039501539
241 114.09592317918035
242 54.24316625240449
243 51.40897527766862
244 87.72617629846455
245 35.359334101149734
246 27.997178900866906
247 48.60634084160239
248 74.04954372068343
249 86.63742250391519
250 74.16081891702808
251 87.10557292797259
252 24.93333766511035
253 111.14805741410063
254 84.67210742939625
255 92.9284013316129
256 36.16623928381178
257 58.94986276081849
258 74.87678784278597
259 114.889564956219
260 74.04701830375147
261 40.05207358511892
262 40.000746033715565
263 92.35590097754778
264 72.10319585621215
265 48.425183292041055
266 62.31223681607043
267 111.30278841255051
268 40.293018795662974
269 54.03462858330383
270 99.61658531528916
271 111.46400198437037
272 38.0854274267639
273 29.648573160825794
274 46.761244805941686
275 66.06236164286426
276 75.41025829553107
277 51.9248093999245
278 50.989224505684405
279 67.42503846172002
280 96.19370718826808
281 92.16070226088532
282 79.2640292642327
283 116.72875152705662
284 68.04166003660421
285 91.09396365953754
286 81.09947936708326
287 34.18648206790621
288 48.60614032907507
289 94.27099948175079
290 63.96284798039091
291 77.17877919920303
292 24.26785068145844
293 109.75346937198634
294 99.97998200027345
295 78.14912151390224
296 119.99037692188601
297 38.31256221383298
298 112.45619399621665
299 91.52415570459803
300 60.54929593977702
301 117.76446239208813
302 48.63686713497508
303 69.48614368101734
304 22.812098693264154
305 117.72934741457519
306 31.166896968069143
307 70.1162318083087
308 56.342510148235796
309 118.85014740773629
310 94.86820392488036
311 38.2436852691661
312 65.32536614620544
313 111.38626949763245
314 57.73977751919586
315 89.27752584301858
316 38.65598235046212
317 52.101321629907865
318 45.49477154755259
319 69.36350771168574
320 87.01049781726526
321 25.492818758611513
322 87.48445232353748
323 61.40070561517678
324 95.81140069280386
325 65.66575563175527
326 28.51881304464589
327 55.76843207390309
328 31.225070375764865
329 108.5308293245965
330 55.878950619766655
331 107.05561284414489
332 42.67583481021224
333 60.512001650684844
334 23.726396249972485
335 53.651112910653936
336 89.83368973989089
337 89.57701555640105
338 68.14972574081038
339 85.7449711356279
340 84.63049452581929
341 67.15832520960811
342 45.24900655512423
343 109.10684069907929
344 79.58212713261759
345 115.41092749745562
346 91.94371565209131
347 66.94941290273958
348 52.541673129508204
349 43.257326645977756
350 104.59998024360738
351 50.25093766579754
352 34.98149334906517
353 86.79891971135476
354 54.10808302239539
355 48.102416317098246
356 105.99953006690203
357 104.92690742660102
358 107.70143220046191
359 63.9614075675131
360 27.468022061424172
361 119.34476249528929
362 107.59321953020198
363 51.13582123091625
364 27.090301187501005
365 29.718206696428876
366 64.41727555245325
367 101.38745863339861
368 45.60413021765264
369 79.29754569074282
370 59.49469037792528
371 54.23650546672432
372 51.96760255926568
373 94.11111004019187
374 114.10797885016923
375 81.36450881930534
376 96.08635094699203
377 69.70747353129673
378 76.24970893230969
379 40.4548881805198
380 112.48841227308505
381 33.427990922809784
382 95.72266356251649
383 85.87632312951945
384 110.32578542182495
385 67.32018063235591
386 107.00377350500224
387 69.80585436096705
388 85.17938506855636
389 37.056266670877996
390 115.94419867081983
391 66.70488843082794
392 66.36668473513994
393 35.60021450129698
394 91.16310909066732
395 106.50273066259416
396 69.79911326178018
397 116.87043765679684
398 93.90287799668391
399 107.40865539804491
400 60.908791106790915
401 64.27426922430911
402 41.14850807870542
403 57.96495208415567
404 44.76196123944881
405 111.74420719406565
406 85.97434524645882
407 109.76977760267768
408 91.19906661415192
409 110.7848462558106
410 116.36622244169607
411 107.24003851423478
412 71.68908625487397
413 116.04331131723103
414 119.17736060210788
415 98.8509751487091
416 31.558430564716083
417 44.04492026118807
418 29.411524513426617
419 45.480484147409776
420 46.35230035737994
421 44.98968948262357
422 86.68704776428736
423 65.8026297703759
424 114.30913296118158
425 115.88425837159326
426 50.52054937154962
427 36.11622722183187
428 118.27636011367584
429 74.78761418750119
430 83.97925029516453
431 92.56075891248713
432 49.86838294139905
433 110.57802966113152
434 101.28605754441455
435 67.36328892543622
436 26.26534118780747
437 20.402418739372944
438 89.12160561940426
439 27.57648539391701
440 45.773866349245864
441 47.848298815937945
442 53.65274223298703
443 74.70921390390455
444 22.118710515334755
445 38.88242254666936
446 115.72698415730132
447 106.7176136669715
448 109.40677355397611
449 39.7290460208821
450 75.2076996508343
451 40.01595113649094
452 79.80271067002539
453 71.11471327910044
454 92.08489971331453
455 38.48296429099186
456 44.17796049824038
457 26.685352481938885
458 86.7816844379154
459 98.8807964369584
460 112.34269970609135
461 59.90537111276503
462 44.98652890822564
463 97.67007092737158
464 73.94286632749886
465 43.37734220096023
466 23.376793338070915
467 112.89599883789312
468 43.70206330943336
469 107.27479813364263
470 91.75894652323649
471 96.6368758281311
472 55.41082175689236
473 89.45953506710447
474 114.43618046949955
475 88.44769160372073
476 107.91332093423557
477 58.85874631016987
478 69.02423615091156
479 28.298028870284583
480 63.31436482277232
481 105.8062219982258
482 24.471439182477177
483 48.69474342516911
484 72.72705095401483
485 28.30570338324243
486 51.699056944247026
487 99.99645814563951
488 58.10418848919979
489 81.55349707991289
490 20.063287361218865
491 90.36817042393477
492 110.04427512991803
493 99.56121294800973
494 40.75032958406384
495 102.39078661088347
496 70.93535538306588
497 42.34855072995657
498 54.251142735365356
499 82.03173208744508
0 1
0 73
0 107
0 286
1 2
1 46
1 52
1 84
1 127
1 244
1 404
1 420
1 451
2 3
2 40
2 212
2 257
2 336
2 421
3 4
3 56
3 118
3 136
3 166
3 175
3 190
3 213
3 330
3 390
3 421
3 473
4 5
4 92
4 181
5 6
5 153
5 245
5 249
5 280
5 328
5 345
6 7
6 105
6 228
6 262
6 340
6 425
7 8
7 105
7 110
7 170
7 239
7 388
8 9
8 235
8 326
8 377
9 10
9 96
9 97
9 215
9 294
9 303
9 382
9 403
9 420
9 464
9 471
10 11
10 60
10 78
10 112
10 153
10 160
10 168
10 181
10 339
10 428
10 435
10 495
11 12
11 93
11 144
12 13
12 49
12 70
12 153
12 259
12 418
12 487
13 14
13 402
14 15
14 114
14 211
14 349
14 436
14 475
15 16
15 124
15 127
15 161
15 227
15 244
15 396
15 438
16 17
16 73
16 93
16 140
16 198
16 266
16 267
16 471
16 486
17 18
17 58
17 129
17 215
18 19
18 20
18 146
18 260
18 381
18 482
19 20
19 27
19 86
19 122
19 211
19 304
19 375
19 392
19 443
19 475
20 21
20 70
20 112
20 146
20 316
20 410
21 22
21 46
21 79
21 202
21 241
21 465
22 23
22 244
22 258
22 320
22 476
23 24
23 121
23 183
23 194
23 252
23 334
23 440
23 487
24 25
24 119
25 26
25 280
25 344
26 27
26 145
26 374
27 28
27 283
27 384
28 29
28 65
28 85
28 143
28 288
28 293
28 313
28 414
29 30
29 83
29 266
29 441
30 31
30 39
30 192
30 275
30 385
30 462
30 495
31 32
31 57
31 428
31 434
32 33
32 73
32 91
32 144
32 287
32 378
33 34
33 106
33 173
33 177
33 189
33 194
33 242
33 429
33 445
34 35
34 40
34 72
34 77
34 136
34 225
34 291
34 390
34 408
35 36
35 40
35 158
35 159
35 175
35 468
36 37
36 199
36 252
36 394
36 450
37 38
37 158
37 175
37 197
37 366
37 402
38 39
38 140
38 191
38 298
38 300
38 304
38 325
38 496
39 40
39 99
39 214
39 489
40 41
40 141
40 166
40 425
40 484
41 42
41 62
41 429
41 471
42 43
42 141
42 252
42 303
42 487
43 44
43 73
43 106
43 210
43 237
43 316
43 387
43 417
43 498
44 45
44 60
44 75
44 114
44 256
44 325
45 46
45 54
45 313
46 47
46 56
46 87
46 188
46 200
46 362
46 417
46 469
47 48
47 193
47 325
47 327
47 343
47 357
47 359
47 367
47 482
48 49
48 85
48 292
48 318
48 419
48 482
49 50
49 267
49 334
50 51
50 115
50 150
50 240
50 345
51 52
51 115
51 169
51 172
51 264
51 265
51 319
51 321
51 381
51 479
51 499
52 53
52 200
52 225
52 274
52 388
52 405
52 407
53 54
53 131
53 241
53 269
53 307
53 381
54 55
54 110
54 155
54 172
54 219
54 466
55 56
55 132
55 305
55 329
55 381
55 468
56 57
56 84
56 88
56 104
56 166
56 324
56 474
57 58
57 59
57 113
57 137
57 238
57 271
57 374
57 471
58 59
58 264
58 272
58 301
58 395
58 450
58 454
59 60
59 149
59 209
59 217
59 357
59 405
59 414
60 61
60 80
60 85
60 122
60 189
60 238
60 246
61 62
61 77
61 215
61 303
62 63
62 173
62 207
62 252
62 395
62 492
63 64
63 65
63 82
63 160
63 166
63 213
63 257
63 445
63 482
64 65
64 294
64 371
65 66
65 144
65 147
65 177
65 462
66 67
66 161
66 162
66 174
66 179
66 285
66 365
66 401
66 428
66 455
67 68
67 210
67 326
67 413
67 479
68 69
68 166
68 241
68 311
68 357
68 390
68 437
68 459
68 483
69 70
69 77
69 181
69 236
69 237
69 288
69 313
69 409
69 472
70 71
70 134
70 220
70 227
71 72
71 237
71 258
71 316
71 338
71 396
72 73
72 109
72 116
72 135
72 149
72 168
72 196
72 262
72 289
72 412
73 74
73 221
73 258
73 338
73 350
73 361
74 75
74 120
74 254
74 328
74 469
74 470
75 76
75 255
75 295
75 434
75 481
76 77
76 181
76 183
76 196
76 415
77 78
77 89
77 91
77 93
77 168
77 180
77 360
77 387
77 401
77 442
77 479
78 79
78 165
78 184
78 389
79 80
79 230
79 339
79 419
79 477
80 81
80 426
80 458
80 466
80 479
81 82
81 151
81 319
81 324
81 385
81 435
81 450
81 487
82 83
82 220
82 271
82 382
82 401
82 475
83 84
83 142
83 179
83 213
83 227
83 413
83 430
83 489
84 85
84 195
84 196
84 231
84 385
85 86
85 255
85 267
85 382
86 87
86 155
86 313
86 442
87 88
87 139
87 177
87 254
87 372
87 496
88 89
88 132
88 198
88 241
88 276
88 320
88 455
89 90
89 128
89 129
89 207
89 310
89 345
89 382
89 490
90 91
90 92
90 99
90 183
90 194
90 196
90 324
91 92
91 238
91 274
91 350
91 379
91 438
91 479
92 93
92 121
92 245
92 257
92 385
92 449
93 94
93 126
93 218
93 305
93 345
93 438
93 457
94 95
94 164
94 249
94 251
94 339
94 393
94 450
95 96
95 142
95 302
95 349
95 363
95 448
96 97
96 151
96 217
96 311
96 436
97 98
97 125
97 177
97 308
97 321
98 99
98 147
98 188
98 214
98 299
98 401
99 100
99 275
99 290
99 458
100 101
100 178
100 187
100 453
101 102
101 119
101 162
101 232
101 261
101 338
101 359
101 400
102 103
102 192
102 269
102 442
102 446
103 104
103 119
103 413
103 415
103 426
103 446
104 105
104 106
104 112
104 153
104 171
104 181
104 244
104 280
104 399
104 476
105 106
105 227
105 310
105 317
105 419
106 107
106 239
106 254
107 108
107 210
107 301
107 302
107 312
107 315
108 109
108 143
108 155
108 178
108 189
108 247
108 258
108 485
109 110
109 280
109 499
110 111
110 193
110 344
110 417
110 447
111 112
111 120
111 156
111 193
111 279
111 348
111 423
112 113
112 176
112 211
112 434
113 114
113 149
113 194
113 345
113 367
113 391
113 451
114 115
114 171
114 193
114 255
114 258
114 350
114 430
115 116
115 177
115 198
115 213
115 221
115 264
115 359
115 369
115 379
115 442
116 117
116 229
116 357
116 359
116 431
117 118
117 293
117 334
118 119
118 196
118 207
118 257
118 295
118 330
118 395
118 407
118 496
119 120
119 176
119 190
120 121
120 124
120 126
120 151
120 301
120 302
120 349
120 351
120 402
120 416
120 463
121 122
121 141
121 334
121 339
121 351
121 465
121 496
121 497
122 123
122 215
122 280
122 475
123 124
123 166
123 180
123 281
123 349
123 403
123 480
124 125
124 237
124 239
124 432
125 126
125 134
125 198
125 361
125 429
126 127
126 206
126 283
126 418
127 128
127 187
127 260
127 284
127 329
127 429
127 439
128 129
128 168
128 211
128 332
128 358
128 367
129 130
129 498
130 131
130 186
130 257
130 285
130 437
130 470
130 493
130 497
131 132
131 145
131 348
131 371
131 456
132 133
132 160
132 237
132 279
133 134
133 205
134 135
134 150
134 270
134 283
134 392
134 433
135 136
135 184
135 304
135 329
135 391
136 137
136 143
136 436
137 138
137 167
137 486
138 139
138 145
138 167
138 171
138 207
138 233
138 271
138 309
138 403
139 140
139 150
139 273
139 280
139 334
139 416
139 466
140 141
140 143
140 213
140 224
140 265
140 269
140 312
140 390
140 398
140 405
140 435
141 142
141 150
141 162
141 186
141 195
141 251
141 380
141 460
142 143
142 220
142 287
142 427
142 437
143 144
143 279
143 314
143 327
143 347
143 477
144 145
144 148
144 295
144 444
144 472
145 146
145 156
145 308
145 444
146 147
146 290
146 317
146 390
146 392
147 148
147 174
147 368
147 440
148 149
148 155
148 425
149 150
149 440
149 442
149 486
150 151
150 205
150 379
150 450
151 152
151 223
151 271
151 314
151 427
152 153
152 299
152 447
153 154
153 239
153 257
153 354
153 429
153 459
154 155
154 280
154 353
154 389
154 466
155 156
155 162
155 205
155 289
155 292
155 422
155 436
155 490
156 157
156 159
156 193
156 259
156 279
156 357
157 158
157 279
157 308
157 394
157 441
157 448
158 159
158 270
158 275
158 374
158 378
158 417
159 160
159 190
159 366
159 423
160 161
160 197
160 210
160 297
160 300
160 331
160 382
160 402
160 433
161 162
161 164
161 294
161 299
161 334
161 411
162 163
162 212
162 281
162 376
162 425
162 442
162 444
163 164
163 183
163 241
163 251
163 261
163 468
163 483
164 165
164 260
164 291
164 292
164 352
164 457
164 483
165 166
165 188
165 260
165 320
165 334
165 358
165 447
166 167
166 335
166 346
166 391
166 423
166 449
167 168
167 244
167 376
168 169
168 209
168 258
168 279
168 297
168 381
168 399
169 170
169 281
169 293
170 171
170 199
170 210
170 289
170 314
170 416
171 172
171 317
171 328
171 345
171 350
171 420
172 173
172 395
172 432
172 465
173 174
173 204
173 262
173 336
173 352
173 419
173 454
174 175
174 228
174 410
174 458
174 466
175 176
175 332
175 391
175 454
175 480
176 177
176 309
176 412
176 437
176 480
177 178
177 190
177 376
177 397
177 427
178 179
178 222
178 337
178 410
178 431
178 454
179 180
179 379
180 181
180 440
180 465
180 483
181 182
181 237
181 337
181 382
181 433
181 454
182 183
182 222
182 227
182 351
182 417
182 473
183 184
183 196
183 230
184 185
184 235
184 254
184 293
184 381
184 461
184 476
185 186
186 187
186 188
187 188
187 409
187 413
188 189
188 242
188 311
188 312
189 190
189 405
190 191
190 217
190 243
190 278
190 305
190 351
190 402
190 406
191 192
191 226
191 240
191 334
191 360
192 193
192 209
192 245
192 448
192 452
192 455
193 194
193 339
193 367
193 423
193 464
193 485
194 195
194 227
194 307
194 386
194 411
194 413
194 467
195 196
195 414
196 197
196 249
196 410
197 198
198 199
198 249
198 333
198 398
198 444
199 200
199 250
199 324
199 408
199 427
199 471
200 201
200 241
200 414
200 480
200 492
201 202
201 313
201 321
201 332
201 415
201 441
202 203
202 204
202 237
203 204
203 290
203 307
203 311
203 379
203 383
203 413
204 205
204 391
205 206
205 234
205 307
205 338
205 366
205 378
205 379
205 498
206 207
206 220
206 247
206 289
206 297
206 302
206 379
206 384
207 208
207 345
207 363
208 209
208 251
208 323
208 335
209 210
209 320
209 385
209 420
209 436
209 468
210 211
210 265
210 284
210 318
210 356
210 477
210 493
211 212
211 396
211 459
211 499
212 213
212 228
212 292
212 341
213 214
213 308
213 321
213 353
213 443
213 482
214 215
214 361
214 422
215 216
215 318
215 349
215 457
215 485
216 217
216 435
217 218
217 258
217 270
218 219
218 248
218 415
218 416
218 428
218 432
218 460
219 220
219 355
219 421
219 428
219 433
219 495
220 221
220 262
220 277
220 430
220 474
221 222
221 323
221 454
222 223
222 285
222 290
222 322
222 464
223 224
224 225
224 329
225 226
225 446
225 459
226 227
226 244
226 252
226 258
226 375
227 228
227 234
227 291
227 486
228 229
228 325
228 390
229 230
229 259
229 297
229 304
229 369
229 429
229 492
230 231
230 333
230 354
230 365
231 232
232 233
232 251
232 415
232 451
232 463
232 479
233 234
233 317
234 235
234 299
234 333
234 393
234 415
234 493
235 236
235 238
235 314
235 362
235 376
235 414
235 420
236 237
236 375
236 440
237 238
237 318
237 350
237 404
237 481
237 484
237 485
238 239
238 248
238 283
238 337
238 495
239 240
239 353
239 365
239 443
240 241
240 468
241 242
241 324
241 325
241 344
242 243
242 255
243 244
243 246
244 245
244 249
244 310
244 400
244 447
245 246
245 303
245 315
245 466
246 247
246 321
246 332
246 340
247 248
247 364
247 411
247 412
247 445
248 249
248 316
248 459
248 464
248 473
248 493
249 250
249 399
249 426
249 482
250 251
250 498
251 252
251 396
251 409
252 253
252 305
252 362
252 381
252 398
252 472
253 254
253 315
253 349
253 489
254 255
254 370
254 409
254 417
254 465
255 256
255 449
255 469
255 477
255 497
256 257
256 280
256 327
257 258
257 285
257 297
257 327
257 470
258 259
258 387
258 474
259 260
259 333
259 383
259 420
260 261
261 262
261 280
261 293
261 336
261 357
261 399
261 412
261 473
262 263
262 339
262 341
262 398
262 406
262 444
262 493
262 495
263 264
263 300
263 343
264 265
264 441
265 266
265 358
265 463
265 494
266 267
266 284
267 268
267 306
267 347
267 357
267 488
268 269
268 321
268 339
268 481
269 270
269 341
269 419
269 440
269 487
270 271
270 351
270 417
270 442
271 272
271 296
271 376
271 450
271 491
272 273
272 296
272 395
273 274
273 338
273 341
273 397
273 437
274 275
274 355
274 432
274 450
275 276
276 277
276 304
276 427
276 465
277 278
277 415
278 279
278 411
279 280
279 349
279 356
280 281
281 282
281 307
281 327
281 329
281 420
281 491
282 283
282 312
282 389
282 400
282 434
282 439
283 284
283 285
283 333
283 341
283 414
283 442
284 285
284 298
284 329
284 396
285 286
285 287
285 299
285 442
286 287
286 294
286 310
287 288
287 296
287 301
287 366
287 371
287 421
287 439
288 289
288 446
289 290
289 317
289 344
289 345
289 478
290 291
290 369
290 445
291 292
292 293
292 333
293 294
293 299
293 350
294 295
294 345
294 492
295 296
295 382
296 297
296 333
296 386
296 416
297 298
297 486
297 495
298 299
298 398
298 405
298 434
299 300
299 368
299 369
299 381
299 460
300 301
300 304
301 302
301 305
301 330
301 392
301 440
302 303
302 366
303 304
303 431
303 450
303 462
303 468
303 484
304 305
304 417
305 306
305 404
306 307
306 318
306 320
306 371
306 432
306 436
307 308
307 315
308 309
309 310
309 369
309 475
310 311
310 492
311 312
312 313
312 376
313 314
313 321
314 315
314 388
314 442
314 488
315 316
315 336
315 337
315 493
316 317
316 384
316 460
316 480
317 318
317 419
318 319
318 358
319 320
319 339
319 398
319 471
320 321
320 342
320 365
321 322
321 350
321 367
321 425
321 491
322 323
322 436
322 441
322 491
323 324
323 326
323 383
324 325
324 336
324 397
325 326
325 358
326 327
326 355
326 465
326 469
327 328
327 468
328 329
328 345
328 428
328 476
328 477
328 494
329 330
329 417
329 453
330 331
330 338
330 376
330 453
331 332
331 423
331 445
332 333
332 336
332 471
332 496
333 334
333 403
333 416
333 457
334 335
334 337
334 404
334 487
335 336
335 463
336 337
336 455
336 497
337 338
338 339
338 466
339 340
339 395
339 444
340 341
340 363
340 383
340 444
341 342
341 399
342 343
342 438
342 484
343 344
343 388
343 397
344 345
344 386
344 440
345 346
345 351
345 359
345 380
346 347
346 445
347 348
347 411
347 420
347 433
348 349
348 367
348 374
348 444
348 448
349 350
349 403
349 416
350 351
350 472
351 352
351 475
351 496
352 353
352 367
352 401
352 495
353 354
353 406
353 425
353 450
353 477
353 482
353 486
354 355
354 367
354 468
355 356
355 377
355 423
355 482
356 357
356 360
356 369
356 375
356 376
356 378
356 498
357 358
358 359
359 360
359 397
359 456
360 361
360 383
360 471
361 362
361 487
361 489
362 363
362 375
362 427
363 364
364 365
364 392
364 403
365 366
365 421
366 367
367 368
367 372
367 409
367 449
368 369
369 370
369 379
369 383
370 371
370 417
371 372
371 485
372 373
372 478
373 374
373 424
373 457
374 375
374 453
374 471
375 376
375 489
376 377
376 410
376 492
377 378
378 379
378 467
378 486
379 380
379 396
379 484
380 381
380 426
380 451
381 382
381 406
381 439
382 383
382 484
383 384
384 385
384 393
385 386
385 399
386 387
386 410
386 429
387 388
387 409
387 415
388 389
389 390
389 402
389 461
390 391
391 392
392 393
393 394
393 457
394 395
394 469
395 396
396 397
396 429
396 463
397 398
397 447
397 492
397 499
398 399
399 400
399 423
400 401
400 426
401 402
401 477
401 488
402 403
402 466
403 404
403 417
404 405
404 472
405 406
405 434
406 407
406 415
406 420
406 443
406 499
407 408
408 409
408 435
408 467
409 410
410 411
410 442
411 412
411 456
411 490
412 413
412 431
412 485
413 414
413 464
414 415
415 416
415 441
416 417
416 471
417 418
418 419
418 481
419 420
419 452
420 421
421 422
421 473
422 423
422 472
423 424
424 425
425 426
426 427
427 428
428 429
429 430
429 475
430 431
430 451
431 432
431 435
432 433
432 497
433 434
434 435
434 447
435 436
435 473
436 437
436 484
437 438
437 449
437 459
437 480
438 439
439 440
439 482
440 441
440 442
441 442
441 496
442 443
443 444
444 445
444 483
445 446
446 447
447 448
448 449
449 450
450 451
451 452
451 469
451 484
452 453
453 454
454 455
454 474
455 456
455 459
456 457
456 470
457 458
458 459
459 460
460 461
461 462
462 463
463 464
464 465
465 466
466 467
467 468
467 472
468 469
469 470
469 472
470 471
470 482
471 472
472 473
473 474
473 499
474 475
474 496
475 476
476 477
477 478
478 479
479 480
480 481
481 482
482 483
483 484
483 495
484 485
485 486
486 487
487 488
488 489
489 490
490 491
491 492
491 498
492 493
493 494
494 495
495 496
496 497
497 498
498 499
