0 26.26181767170681
1 85.93822472754773
2 43.0118993411904
3 43.23414618374596
4 36.14358345388746
5 118.06278442619642
6 52.436711267574424
7 34.76805100473384
8 92.78293691390702
9 25.32848365497607
10 60.941252132861784
11 47.77681705793845
12 72.58007471787656
13 77.7064901194901
14 25.39671450331144
15 30.375303151801486
16 45.02144442566053
17 58.114711252753416
18 104.76944628671215
19 111.74463620177193
20 54.57240875173873
21 75.10739945900701
22 96.63746383875402
23 87.36135423285347
24 75.1423206718691
25 81.06943542742297
26 43.7418335311165
27 47.19619060904548
28 78.55574953635251
29 116.76799650873639
30 82.91486572263838
31 38.09643394120354
32 102.31121033522943
33 57.11814943482187
34 29.137185185252115
35 44.63229518607133
36 23.88143200367169
37 90.14785131228108
38 36.01092272921808
39 118.87905092834029
40 48.90683992811353
41 21.401731453103828
42 50.59637844701264
43 88.92321520837831
44 98.85662543330533
45 59.401947135260116
46 85.34476862000741
47 28.322302635885503
48 40.07935069342261
49 104.28830814972459
0 1
0 9
0 14
0 15
0 18
0 19
0 22
0 36
1 2
1 4
1 13
1 45
1 47
2 3
2 6
2 15
2 28
2 31
2 34
2 36
2 39
2 41
3 4
3 8
3 17
3 18
3 24
3 28
3 29
3 33
3 40
3 47
4 5
4 6
4 20
4 30
4 36
4 40
4 45
5 6
5 33
5 43
5 46
6 7
6 12
6 29
6 36
6 49
7 8
7 20
7 22
7 23
7 24
8 9
8 12
8 19
8 22
8 42
8 45
8 46
8 47
9 10
9 12
9 22
9 24
9 26
9 48
10 11
10 41
11 12
11 15
11 29
11 32
11 37
12 13
12 14
12 17
12 21
12 28
12 29
12 48
13 14
13 17
13 31
13 36
13 49
14 15
14 30
14 38
14 40
15 16
15 30
15 41
15 43
15 48
16 17
16 18
16 21
16 27
17 18
17 22
17 38
17 46
17 47
18 19
18 26
18 36
18 48
19 20
19 25
19 39
19 45
20 21
20 26
20 29
20 33
20 40
20 41
21 22
21 33
22 23
22 26
22 37
22 42
22 44
23 24
23 35
23 46
23 48
24 25
24 29
24 32
24 34
24 35
24 40
25 26
25 44
26 27
26 31
27 28
27 30
27 37
27 41
27 48
28 29
28 44
28 46
29 30
30 31
30 38
30 40
30 46
31 32
31 42
31 46
31 47
32 33
32 38
32 40
32 45
33 34
33 38
33 43
34 35
34 36
34 37
34 43
35 36
35 38
35 43
35 48
36 37
36 45
37 38
37 39
37 45
38 39
38 42
38 48
38 49
39 40
39 41
39 48
40 41
40 46
41 42
41 46
41 48
42 43
42 47
43 44
43 49
44 45
44 47
45 46
45 48
46 47
46 48
47 48
48 49
