0 74.21851751373976
1 105.33251224508712
2 45.42189881761945
3 46.777515106012004
4 68.81747612077045
5 113.39486299072423
6 43.081646500880396
7 62.11061547069871
8 111.51746969361886
9 97.33008710116148
10 72.42340688984956
11 22.951731721867546
12 26.38305125581553
13 48.22628636095899
14 55.52670996274504
15 107.93806778771277
16 55.70103440826149
17 41.95294893490791
18 115.24945298696876
19 101.88609924802954
20 52.288849458396804
21 109.6832968634313
22 36.064666846069926
23 94.53663469618151
24 53.83729670519078
25 30.08498974765365
26 71.02013008822135
27 96.66066077051319
28 23.738992276319674
29 105.87753120633161
30 85.9615554375626
31 63.616915839764715
32 50.76395834579654
33 68.0211343900072
34 41.63277271265113
35 61.08103336305924
36 35.978949088712284
37 84.49324518377124
38 101.86395553606033
39 55.420011957911335
40 59.467309801139095
41 37.4253162526358
42 21.781612065622006
43 62.06468135759711
44 111.69123657184527
45 72.31376433213158
46 113.82170623501091
47 39.23671788027107
48 94.74856258358795
49 116.08558791168844
0 1
0 3
0 8
0 11
0 24
0 27
0 32
0 33
0 42
0 45
1 2
1 6
1 8
1 12
1 13
1 14
1 15
1 43
1 44
1 46
1 49
2 3
2 8
2 14
2 21
2 24
2 26
2 29
2 30
2 37
2 41
2 46
2 47
2 49
3 4
3 8
3 9
3 14
3 23
3 26
3 33
3 35
3 41
3 42
3 46
4 5
4 7
4 11
4 14
4 15
4 21
4 23
4 26
4 28
4 41
4 44
5 6
5 9
5 15
5 16
5 23
5 31
5 34
5 40
5 44
6 7
6 10
6 17
6 20
6 22
6 25
6 30
6 35
6 38
6 47
6 49
7 8
7 17
7 21
7 25
7 28
7 33
7 42
8 9
8 14
8 26
8 30
8 36
8 37
8 44
9 10
9 11
9 24
9 26
9 34
9 41
9 43
9 47
9 48
9 49
10 11
10 22
10 24
10 30
10 39
10 42
10 44
10 49
11 12
11 13
11 20
11 27
11 34
12 13
12 15
12 21
12 24
12 30
12 31
12 48
13 14
13 15
13 17
13 19
13 24
13 28
13 29
13 30
13 36
13 37
13 39
13 42
13 49
14 15
14 16
14 28
14 31
14 37
14 46
15 16
15 19
15 22
15 23
15 42
15 45
16 17
16 21
16 23
16 24
16 25
16 26
16 31
16 40
16 41
16 43
16 44
17 18
17 22
17 25
17 28
17 39
17 42
17 44
17 45
18 19
18 23
18 26
18 29
18 30
18 32
18 35
18 49
19 20
19 22
19 29
19 34
19 37
19 38
19 39
19 46
20 21
20 26
20 27
20 30
20 34
20 36
21 22
21 28
21 29
21 33
21 36
21 43
21 44
21 47
22 23
22 28
22 33
22 34
22 40
22 41
22 44
23 24
23 26
23 28
23 34
23 39
23 45
23 49
24 25
24 33
24 36
24 44
24 46
25 26
25 28
25 29
25 37
25 40
25 41
25 43
25 44
25 47
26 27
26 34
26 41
26 42
27 28
27 31
27 32
27 34
27 41
27 46
28 29
28 33
28 34
28 41
29 30
29 34
29 37
29 43
29 44
29 48
30 31
30 46
30 47
31 32
31 40
31 42
31 43
31 44
32 33
32 37
32 41
32 42
32 43
32 48
33 34
33 37
33 43
34 35
34 36
34 44
34 45
34 46
34 49
35 36
35 45
36 37
36 38
36 43
36 47
36 48
37 38
37 43
38 39
38 44
38 49
39 40
39 44
39 45
39 47
40 41
40 44
40 45
40 46
40 47
40 48
41 42
41 46
42 43
42 49
43 44
43 47
44 45
45 46
45 47
46 47
46 49
47 48
48 49
