0 84.44917223699684
1 106.56269607622382
2 81.21724178718361
3 91.89675053068831
4 67.84382073083444
5 60.84707107878846
6 75.77249388603697
7 30.176239203823826
8 29.347965424322425
9 48.74591352302031
10 106.09034984949284
11 79.09658860046807
12 58.24077543945867
13 26.447057229139848
14 42.25801534105564
15 66.54434344768282
16 69.15106771506122
17 60.69399981966532
18 24.86111402424888
19 61.77041243942609
20 36.7682451440581
21 102.11349965085736
22 101.76640941369945
23 70.0906988610499
24 91.75933208392877
25 72.93306199334431
26 113.97840308497896
27 109.49523403424793
28 102.87083679916746
29 37.15777916421243
30 35.67543096400674
31 75.56536613987561
32 99.97918056232746
33 98.71739543042376
34 54.87846439299276
35 92.60243229014915
36 50.76365737238752
37 103.66085709002546
38 40.678556890516596
39 43.50028469639782
40 89.71103299298252
41 106.16702589672444
42 80.54645998494115
43 68.6478885010249
44 112.3210541260066
45 94.95665161281296
46 86.97066320640653
47 25.027191770738902
48 89.6672599037017
49 66.63206778131072
0 1
0 6
0 10
0 12
0 15
0 16
0 17
0 18
0 20
0 23
0 29
0 34
0 37
0 38
0 39
0 40
0 43
0 44
0 45
0 46
0 48
1 2
1 8
1 11
1 12
1 23
1 24
1 25
1 28
1 32
1 37
1 38
1 45
1 49
2 3
2 4
2 7
2 8
2 10
2 11
2 12
2 17
2 24
2 25
2 26
2 29
2 34
2 35
2 36
2 41
2 45
2 46
2 48
2 49
3 4
3 6
3 7
3 8
3 9
3 13
3 16
3 18
3 19
3 20
3 23
3 24
3 25
3 26
3 33
3 38
3 39
3 40
3 41
3 45
3 49
4 5
4 6
4 7
4 8
4 13
4 16
4 19
4 20
4 24
4 28
4 34
4 36
4 38
4 42
4 44
4 45
4 46
4 47
5 6
5 10
5 11
5 16
5 19
5 21
5 25
5 28
5 29
5 30
5 32
5 34
5 38
5 39
5 41
5 47
5 49
6 7
6 8
6 9
6 10
6 13
6 14
6 18
6 20
6 22
6 23
6 25
6 32
6 36
6 37
6 38
6 45
6 46
7 8
7 9
7 13
7 14
7 17
7 18
7 24
7 25
7 26
7 27
7 34
7 38
7 43
7 48
8 9
8 15
8 16
8 17
8 18
8 20
8 22
8 29
8 32
8 34
8 41
8 42
8 47
8 48
8 49
9 10
9 12
9 13
9 14
9 15
9 22
9 24
9 27
9 30
9 32
9 35
9 36
9 37
9 43
9 45
10 11
10 12
10 16
10 17
10 24
10 26
10 27
10 34
10 37
10 38
10 41
10 43
10 44
10 45
11 12
11 14
11 17
11 19
11 24
11 27
11 29
11 37
11 38
11 46
11 47
12 13
12 14
12 15
12 20
12 25
12 28
12 29
12 31
12 37
12 42
12 43
12 44
12 47
12 48
13 14
13 15
13 16
13 19
13 22
13 23
13 28
13 29
13 30
13 33
13 36
13 37
13 43
13 46
13 49
14 15
14 17
14 21
14 25
14 26
14 27
14 32
14 33
14 35
14 39
14 40
14 43
14 44
14 49
15 16
15 20
15 21
15 24
15 25
15 26
15 28
15 29
15 36
15 38
15 41
15 42
15 43
15 47
15 49
16 17
16 21
16 24
16 25
16 26
16 27
16 31
16 35
16 37
16 40
16 42
16 45
16 47
16 48
17 18
17 19
17 20
17 21
17 24
17 25
17 27
17 29
17 31
17 33
17 35
17 36
17 37
17 39
17 41
17 42
17 45
17 47
17 48
18 19
18 20
18 23
18 25
18 26
18 28
18 29
18 34
18 36
18 38
18 44
18 46
18 47
18 49
19 20
19 23
19 29
19 30
19 33
19 34
19 38
19 39
19 42
19 44
19 45
19 47
20 21
20 31
20 32
20 33
20 34
20 37
20 39
20 41
20 42
20 44
20 46
20 49
21 22
21 25
21 28
21 29
21 30
21 32
21 33
21 35
21 39
21 40
21 42
21 46
21 47
21 49
22 23
22 26
22 28
22 32
22 33
22 38
22 42
22 43
22 44
22 45
22 46
22 49
23 24
23 25
23 30
23 31
23 35
23 36
23 37
23 39
23 42
23 43
23 44
23 45
24 25
24 26
24 27
24 29
24 30
24 31
24 35
24 37
24 41
24 43
24 47
24 48
25 26
25 28
25 31
25 32
25 33
25 35
25 44
25 47
26 27
26 28
26 29
26 31
26 32
26 33
26 34
26 35
26 38
26 40
26 41
26 44
26 45
26 46
26 49
27 28
27 30
27 32
27 33
27 35
27 39
28 29
28 30
28 31
28 33
28 40
28 42
28 43
28 45
28 47
29 30
29 34
29 35
29 36
29 38
29 40
29 41
29 45
30 31
30 33
30 38
30 39
30 40
30 43
30 44
30 45
30 49
31 32
31 34
31 39
31 45
31 49
32 33
32 35
32 36
32 38
32 42
32 44
32 48
33 34
33 37
33 44
34 35
34 36
34 40
34 42
34 49
35 36
35 37
35 40
35 43
35 45
35 47
35 49
36 37
36 39
36 40
36 42
36 44
36 47
37 38
37 39
37 45
37 48
37 49
38 39
38 41
38 43
38 45
39 40
39 41
39 45
39 46
40 41
40 42
40 43
40 44
40 46
41 42
41 44
41 47
41 48
41 49
42 43
42 44
42 47
42 49
43 44
44 45
44 47
44 49
45 46
45 47
45 49
46 47
47 48
48 49
