0 104.5916332897967
1 63.42545030884183
2 57.79828797686312
3 28.276753130920437
4 49.82315515137533
5 81.83906885625382
6 79.7547633039512
7 112.75017812908345
8 76.93617245806979
9 42.70729113688451
10 63.86663458071747
11 25.584408417948804
12 56.11934722016801
13 103.85021384730844
14 52.55560503089134
15 64.23808462870258
16 66.80888148352311
17 87.1379010144709
18 111.6999821199995
19 116.73276535718132
20 103.27417765645998
21 32.99660746395467
22 108.43297568546905
23 62.86710106898489
24 29.14004310013829
25 70.84143580289538
26 32.947438659284714
27 52.60167498162772
28 91.71276422459702
29 66.8154667451913
30 42.02006774117403
31 66.7933125523817
32 97.70001427902307
33 86.09425552242791
34 119.25321727652951
35 30.399145362873906
36 20.76221459521193
37 86.01853005204066
38 92.44267905227998
39 66.33703232120769
40 58.30563527725783
41 38.446783640966025
42 22.014878342800685
43 49.3804249853883
44 80.02515948520377
45 64.97342596394296
46 76.13714838354419
47 43.78209705342024
48 113.92730216011245
49 57.037012882957015
0 1
0 9
0 10
0 17
0 18
0 25
0 27
0 30
0 39
0 42
0 44
0 45
0 46
0 47
1 2
1 9
1 11
1 12
1 14
1 16
1 18
1 19
1 22
1 23
1 24
1 26
1 29
1 31
1 32
1 34
1 37
1 42
1 44
1 48
2 3
2 4
2 8
2 9
2 10
2 11
2 14
2 15
2 16
2 22
2 23
2 24
2 25
2 26
2 29
2 30
2 32
2 36
2 41
2 43
2 44
3 4
3 8
3 11
3 19
3 20
3 22
3 25
3 28
3 33
3 41
3 43
3 46
4 5
4 6
4 7
4 8
4 9
4 10
4 11
4 12
4 13
4 14
4 17
4 18
4 23
4 24
4 28
4 32
4 35
4 39
4 40
4 42
4 43
4 46
5 6
5 12
5 17
5 21
5 22
5 25
5 26
5 27
5 30
5 34
5 38
5 40
5 42
6 7
6 12
6 14
6 17
6 22
6 23
6 25
6 26
6 31
6 32
6 35
6 37
6 38
6 41
6 44
6 45
6 47
6 48
7 8
7 13
7 16
7 17
7 19
7 21
7 22
7 24
7 26
7 31
7 33
7 36
7 39
7 46
8 9
8 11
8 14
8 16
8 17
8 19
8 20
8 21
8 22
8 23
8 28
8 29
8 31
8 35
8 37
8 38
8 39
8 40
8 42
8 49
9 10
9 12
9 13
9 14
9 17
9 19
9 20
9 33
9 36
9 40
9 41
9 42
9 43
9 45
10 11
10 12
10 13
10 14
10 16
10 17
10 21
10 22
10 25
10 26
10 27
10 32
10 36
10 37
10 40
10 42
10 46
11 12
11 13
11 16
11 17
11 21
11 22
11 24
11 28
11 30
11 34
11 37
11 38
11 39
11 42
11 46
11 47
12 13
12 14
12 16
12 19
12 22
12 25
12 27
12 28
12 29
12 31
12 38
12 43
12 44
12 45
12 47
13 14
13 16
13 17
13 18
13 19
13 21
13 22
13 23
13 24
13 25
13 27
13 34
13 36
13 42
13 44
13 47
14 15
14 16
14 19
14 20
14 21
14 23
14 25
14 26
14 28
14 30
14 31
14 33
14 37
14 39
14 40
14 41
14 42
14 44
14 45
14 46
14 49
15 16
15 18
15 27
15 28
15 29
15 33
15 39
15 41
15 44
15 45
15 47
15 49
16 17
16 19
16 22
16 24
16 29
16 33
16 34
16 35
16 43
16 44
16 46
16 47
16 49
17 18
17 19
17 20
17 22
17 30
17 34
17 38
17 46
17 47
17 48
18 19
18 21
18 23
18 27
18 29
18 30
18 31
18 34
18 37
18 39
18 40
19 20
19 21
19 27
19 33
19 34
19 35
19 36
19 38
19 39
19 40
19 42
19 44
19 45
19 47
19 49
20 21
20 23
20 24
20 25
20 28
20 30
20 36
20 37
20 39
20 41
20 42
20 43
20 46
20 47
20 48
21 22
21 23
21 24
21 26
21 30
21 32
21 34
21 36
21 38
21 41
21 47
21 48
22 23
22 27
22 28
22 30
22 43
22 49
23 24
23 25
23 26
23 27
23 29
23 31
23 37
23 41
23 43
23 45
23 47
24 25
24 27
24 29
24 31
24 42
24 45
24 46
25 26
25 27
25 29
25 31
25 35
25 36
25 39
25 41
25 42
25 43
25 49
26 27
26 29
26 30
26 32
26 35
26 37
26 38
26 44
26 46
26 47
26 49
27 28
27 29
27 30
27 31
27 32
27 34
27 42
27 44
27 49
28 29
28 34
28 35
28 37
28 41
28 42
28 44
29 30
29 31
29 35
29 37
29 40
29 43
29 44
29 46
30 31
30 39
30 45
30 48
31 32
31 33
31 39
31 42
31 45
31 48
32 33
32 34
32 35
32 36
32 39
32 41
32 42
33 34
33 36
33 39
33 40
33 41
33 44
33 45
33 47
33 49
34 35
34 37
34 43
34 44
34 46
34 48
35 36
35 38
35 39
35 43
35 45
35 46
35 47
35 48
35 49
36 37
36 39
36 44
36 45
36 47
36 49
37 38
37 41
37 42
37 45
38 39
38 40
38 42
38 43
38 45
38 46
38 48
39 40
39 41
39 43
39 44
39 49
40 41
40 43
40 45
40 47
40 48
41 42
41 43
41 45
41 46
41 49
42 43
42 44
42 45
42 49
43 44
43 47
43 49
44 45
44 46
44 47
44 48
45 46
46 47
46 48
47 48
48 49
