0 113.32566080015737
1 56.226702364570876
2 22.13077039642524
3 60.15697626528524
4 55.98955934334236
5 36.526783946039735
6 22.507211366992436
7 35.93772408954776
8 111.30497555770873
9 68.36934058515051
10 36.76874975900594
11 53.745242211322505
12 83.29766400927616
13 94.34007643330915
14 90.78763775309358
15 82.82684939913227
16 106.01869046455982
17 103.15742535460782
18 68.82799345970776
19 44.83916430084496
20 83.3536614569783
21 90.08397313634421
22 28.6995682069037
23 67.3916004156116
24 101.13434028347237
25 103.07785127034522
26 113.99566162981971
27 66.82499502034621
28 50.984335240375
29 60.331716087888545
30 114.2238788550238
31 65.45311028965685
32 97.61582150219544
33 64.78830055230401
34 67.48613291496743
35 102.49849219849904
36 41.704370706718464
37 34.287918766434494
38 22.336895824217954
39 55.08324410774142
40 79.00408935849114
41 112.19473162832364
42 75.54638274467354
43 45.889030924728004
44 33.02550098757489
45 22.66500583463809
46 80.71804085579075
47 77.47963221710165
48 43.38366000896684
49 87.16192669034203
0 1
0 2
0 6
0 9
0 12
0 14
0 15
0 16
0 23
0 25
0 27
0 29
0 30
0 34
0 38
0 41
0 45
1 2
1 6
1 9
1 11
1 13
1 19
1 32
1 35
1 36
1 37
1 38
1 40
1 42
1 48
2 3
2 4
2 5
2 7
2 9
2 10
2 11
2 13
2 14
2 16
2 21
2 29
2 35
2 37
2 41
2 48
2 49
3 4
3 14
3 15
3 18
3 21
3 29
3 34
3 37
3 41
4 5
4 6
4 10
4 11
4 15
4 17
4 30
4 31
4 34
4 35
4 36
4 45
4 49
5 6
5 8
5 10
5 16
5 19
5 22
5 24
5 25
5 27
5 49
6 7
6 8
6 9
6 11
6 12
6 15
6 16
6 23
6 24
6 27
6 31
6 33
6 37
6 39
6 44
6 46
7 8
7 10
7 12
7 16
7 17
7 19
7 23
7 26
7 28
7 33
7 41
7 42
7 48
8 9
8 12
8 21
8 30
8 34
8 37
8 39
8 43
8 46
9 10
9 11
9 12
9 13
9 18
9 19
9 21
9 25
9 31
9 32
9 34
9 40
9 44
9 49
10 11
10 16
10 18
10 19
10 24
10 25
10 26
10 29
10 30
10 31
10 34
10 36
10 38
10 40
10 45
11 12
11 14
11 16
11 18
11 19
11 23
11 24
11 26
11 29
11 31
11 34
11 35
11 41
11 42
11 44
11 45
11 46
11 47
11 49
12 13
12 14
12 18
12 19
12 26
12 38
12 43
12 46
12 47
12 48
13 14
13 20
13 21
13 22
13 26
13 30
13 37
13 42
13 44
13 47
13 48
13 49
14 15
14 16
14 18
14 27
14 33
14 40
14 45
14 48
14 49
15 16
15 17
15 20
15 22
15 23
15 29
15 31
15 32
15 38
15 47
15 48
15 49
16 17
16 19
16 21
16 22
16 33
16 35
16 37
16 38
16 42
16 45
16 48
17 18
17 21
17 26
17 28
17 29
17 34
17 38
17 39
17 40
17 41
17 49
18 19
18 23
18 24
18 29
18 32
18 35
18 36
18 38
18 39
18 41
18 42
19 20
19 22
19 23
19 30
19 33
19 34
19 40
19 42
19 43
19 45
19 48
20 21
20 25
20 43
20 44
20 49
21 22
21 25
21 28
21 29
21 33
21 34
21 40
21 46
22 23
22 35
22 36
22 37
22 38
22 42
22 44
22 49
23 24
23 28
23 29
23 34
23 36
23 39
23 48
23 49
24 25
24 29
24 33
24 34
24 38
24 40
24 44
24 47
24 48
25 26
25 27
25 28
25 35
25 40
25 42
25 44
25 45
26 27
26 29
26 32
26 43
26 44
26 45
26 48
26 49
27 28
27 31
27 39
27 41
27 44
28 29
28 31
28 33
28 43
28 46
28 47
28 48
29 30
29 34
29 35
29 36
29 38
29 39
29 41
29 49
30 31
30 34
30 35
30 38
30 44
30 47
30 48
31 32
31 36
31 39
31 43
32 33
32 37
32 44
32 48
32 49
33 34
33 36
33 38
33 39
33 47
33 48
34 35
34 38
34 40
34 49
35 36
35 39
35 40
35 48
36 37
36 38
36 39
36 46
36 47
36 48
37 38
37 39
37 43
37 44
37 48
38 39
38 40
38 41
38 44
38 45
38 47
38 48
39 40
39 42
39 43
39 48
40 41
40 47
41 42
41 44
42 43
42 45
42 46
42 49
43 44
43 46
44 45
44 47
44 49
45 46
45 47
45 48
46 47
46 48
46 49
47 48
48 49
