0 79.17898610107527
1 26.536532552113584
2 107.75979487951194
3 45.976631802912834
4 48.6116571152491
5 28.371275211357645
6 39.04928303359207
7 79.02191322741817
8 101.22913805530668
9 76.09440772663996
10 39.33074343161293
11 62.473069505677444
12 20.2248125902248
13 39.43055590786974
14 77.77527295663322
15 103.9812878232894
16 68.0930119262199
17 81.94573016771386
18 78.61497008447644
19 64.9635857839278
20 95.42071468768461
21 59.70960522529746
22 74.8798332029954
23 38.20267209043001
24 63.270364959895524
25 40.23606989746763
26 103.70580093419544
27 112.53568657886575
28 57.40390368882796
29 78.27736199706517
30 116.43477341213637
31 58.13095142063729
32 69.57078753346849
33 117.17598654140863
34 100.26255779393563
35 87.04327692004328
36 96.18047522099381
37 119.73259165051319
38 59.85091771370093
39 118.05481853067252
40 57.90239329940517
41 70.92680130440029
42 87.1049903176593
43 102.2498036400098
44 75.0842128516716
45 36.331960654266766
46 55.22753565413074
47 46.3379308806126
48 43.35178018369173
49 104.6936515787559
0 1
0 17
0 18
0 19
0 23
1 2
1 8
1 15
1 17
1 29
1 37
2 3
2 17
3 4
3 32
4 5
4 21
4 44
4 49
5 6
6 7
6 49
7 8
7 29
7 44
8 9
8 40
9 10
10 11
10 16
10 35
11 12
12 13
12 32
13 14
13 26
13 42
14 15
14 25
15 16
16 17
16 36
17 18
17 23
18 19
18 32
18 37
19 20
19 26
19 36
19 40
20 21
20 23
20 32
21 22
22 23
22 24
22 42
23 24
23 29
24 25
25 26
25 48
26 27
26 33
26 46
27 28
28 29
28 30
28 38
29 30
29 36
29 37
30 31
31 32
31 39
32 33
33 34
33 37
34 35
34 48
35 36
36 37
37 38
38 39
39 40
39 48
40 41
40 45
41 42
41 43
42 43
42 44
43 44
43 45
44 45
45 46
46 47
47 48
48 49
