0 70.13431421207254
1 40.0527667069409
2 71.74678137234595
3 84.79639712082732
4 104.80018164284836
5 26.893876924457444
6 54.820925900909224
7 78.44805208088364
8 118.46555988699237
9 57.16201736056692
10 108.383745994275
11 37.38550279661487
12 69.00843729551923
13 31.52908661787448
14 106.95332773690303
15 59.212243456005154
16 66.44360196671279
17 39.566412726728885
18 97.2901817562368
19 71.29866053102111
20 39.1875322859448
21 24.43886736276813
22 26.98098130130528
23 75.21023058145497
24 53.983967294398035
25 53.30815960452591
26 87.96381623252957
27 110.23754448361898
28 42.1543579612881
29 43.49718926802545
30 63.25482323739129
31 48.62884974758349
32 113.05998704016761
33 107.84621493653975
34 119.92125237158326
35 37.56720758664181
36 42.01033021415947
37 99.19557179843807
38 74.25617118347225
39 58.50082884785383
40 104.32474231069406
41 53.5585149352244
42 66.1451632268461
43 83.12647418661155
44 89.85232295508929
45 54.3016838125716
46 118.77550597974219
47 67.14226656359348
48 72.97740803997141
49 65.52962083449245
0 1
0 2
0 3
0 5
0 11
0 13
0 14
0 16
0 17
0 18
0 20
0 22
0 26
0 29
0 32
0 38
0 41
0 42
0 43
0 45
0 48
1 2
1 5
1 7
1 8
1 11
1 13
1 14
1 18
1 26
1 27
1 29
1 30
1 31
1 32
1 49
2 3
2 4
2 8
2 9
2 11
2 12
2 14
2 16
2 17
2 19
2 21
2 22
2 23
2 25
2 26
2 28
2 30
2 34
2 37
2 40
2 41
2 43
2 49
3 4
3 7
3 15
3 19
3 22
3 23
3 24
3 28
3 29
3 30
3 31
3 34
3 42
3 44
4 5
4 6
4 8
4 9
4 10
4 12
4 15
4 23
4 26
4 28
4 35
4 37
4 39
4 40
4 41
4 42
4 46
4 48
4 49
5 6
5 7
5 10
5 18
5 21
5 24
5 27
5 38
5 40
5 44
5 45
5 46
5 47
6 7
6 8
6 9
6 13
6 14
6 15
6 17
6 18
6 19
6 20
6 23
6 27
6 30
6 31
6 32
6 33
6 34
6 43
6 45
6 46
6 47
7 8
7 9
7 10
7 12
7 16
7 17
7 20
7 23
7 29
7 31
7 32
7 35
7 36
7 37
7 44
8 9
8 12
8 13
8 19
8 20
8 21
8 22
8 25
8 28
8 30
8 33
8 34
8 35
8 36
8 42
8 43
8 44
8 46
8 49
9 10
9 15
9 16
9 22
9 25
9 26
9 28
9 31
9 32
9 39
9 45
9 46
9 47
10 11
10 12
10 13
10 16
10 17
10 19
10 20
10 24
10 25
10 29
10 32
10 35
10 37
10 40
10 42
10 43
10 45
10 46
10 47
11 12
11 16
11 17
11 23
11 27
11 31
11 32
11 36
11 37
11 38
11 39
11 41
11 43
11 44
11 49
12 13
12 19
12 22
12 26
12 31
12 33
12 36
12 41
12 44
12 45
13 14
13 15
13 19
13 22
13 26
13 35
13 37
13 38
13 39
13 41
13 44
13 48
14 15
14 16
14 20
14 21
14 22
14 23
14 32
14 33
14 39
14 41
14 46
14 47
14 48
15 16
15 18
15 24
15 25
15 26
15 27
15 28
15 29
15 32
15 33
15 40
15 42
15 43
16 17
16 18
16 19
16 22
16 25
16 26
16 28
16 32
16 35
16 41
16 44
17 18
17 19
17 22
17 23
17 29
17 33
17 34
17 39
17 41
17 44
17 47
17 49
18 19
18 20
18 21
18 22
18 24
18 25
18 27
18 32
18 33
18 36
18 37
18 40
18 41
18 43
18 48
19 20
19 23
19 26
19 28
19 30
19 31
19 34
19 36
19 37
19 38
19 45
19 46
19 47
19 48
19 49
20 21
20 24
20 25
20 26
20 31
20 33
20 35
20 36
20 40
20 44
20 45
21 22
21 23
21 24
21 29
21 30
21 33
21 37
21 39
21 42
21 43
21 44
21 46
21 47
22 23
22 25
22 26
22 27
22 29
22 30
22 33
22 35
22 36
22 37
22 38
22 45
22 47
22 48
23 24
23 27
23 32
23 33
23 35
23 37
23 41
23 42
23 43
23 46
23 47
23 48
23 49
24 25
24 26
24 30
24 37
24 39
24 40
24 41
24 43
24 45
24 46
24 47
24 48
24 49
25 26
25 28
25 29
25 34
25 35
25 37
25 39
25 40
25 46
25 47
26 27
26 30
26 33
26 34
26 35
26 37
26 38
26 39
26 44
26 48
27 28
27 32
27 37
27 38
27 42
27 43
27 45
28 29
28 31
28 35
28 37
28 41
28 45
29 30
29 32
29 35
29 36
29 37
29 38
29 43
29 48
29 49
30 31
30 33
30 36
30 39
30 42
30 46
30 47
30 49
31 32
31 35
31 36
31 41
31 43
31 44
31 46
31 49
32 33
32 34
32 35
32 39
32 41
32 46
32 47
33 34
33 35
33 36
33 39
33 43
34 35
34 36
34 42
34 44
34 46
34 47
34 49
35 36
35 38
35 40
35 41
35 42
36 37
36 39
36 41
36 42
36 44
36 46
37 38
37 41
37 42
37 43
37 45
37 48
38 39
38 40
38 41
38 42
38 46
39 40
39 41
39 43
39 47
39 49
40 41
40 48
41 42
41 43
41 45
41 49
42 43
42 46
42 48
42 49
43 44
43 45
43 46
43 48
43 49
44 45
44 49
45 46
45 47
45 48
46 47
46 49
47 48
48 49
