0 62.564121086832905
1 58.26160138415242
2 92.45920744791351
3 93.6881200691661
4 59.89676060111049
5 38.541214197788534
6 100.39659312635081
7 45.70344204675595
8 105.31055648454655
9 94.47274733343467
10 28.951539510603023
11 24.293103542547744
12 51.64845127130522
13 20.625211574878414
14 80.43231850620288
15 47.09465692129628
16 113.54140433393275
17 64.72586966443367
18 72.91827574064044
19 109.0967967086074
20 29.8316015055835
21 54.26051028956778
22 48.72532048244655
23 111.96719626309022
24 40.975319394220605
25 43.83720411363027
26 117.57919052270228
27 89.49934655247199
28 23.64038366445454
29 86.1974681682827
30 20.119585342576567
31 114.92366946025976
32 93.56088914879942
33 108.76265718938362
34 42.76855571692764
35 93.89453392225761
36 34.6844160464146
37 59.73229036736404
38 88.53159826997903
39 118.15622896073188
40 37.74470104882829
41 73.00495718125416
42 109.96009746327978
43 79.20735245117703
44 34.61535614931556
45 89.57133261517464
46 40.28891369522697
47 118.72449100502479
48 96.14785757226046
49 64.53274611320785
0 1
0 12
0 19
0 30
0 47
1 2
1 29
1 39
2 3
2 13
2 21
2 42
3 4
3 11
3 46
4 5
4 15
4 49
5 6
5 27
5 37
5 46
6 7
6 9
6 11
6 12
6 36
7 8
7 12
7 14
7 16
7 40
7 43
8 9
8 42
9 10
10 11
10 12
10 16
10 17
10 36
11 12
11 29
11 39
12 13
13 14
13 26
14 15
15 16
16 17
17 18
17 36
18 19
18 45
19 20
19 32
19 34
20 21
20 39
20 47
21 22
21 27
21 32
22 23
22 33
23 24
23 26
24 25
24 42
25 26
25 37
26 27
26 28
27 28
28 29
29 30
30 31
31 32
32 33
32 34
33 34
33 37
34 35
35 36
36 37
37 38
38 39
38 42
39 40
39 49
40 41
41 42
42 43
43 44
44 45
45 46
46 47
46 49
47 48
48 49
