0 49.415058985809786
1 60.84619698566087
2 63.55449814420973
3 92.77594447052192
4 23.425608455763374
5 61.36521584375282
6 65.47481878975293
7 46.74433232034758
8 34.118267731668695
9 30.26438189405445
10 25.69629443223935
11 65.05356532674462
12 63.894195494818966
13 63.56070209565883
14 80.34678529964657
15 109.28370267045354
16 32.52478633123392
17 83.93571892536453
18 97.43452881486822
19 46.54440713872476
20 51.43418489126915
21 72.35157877063929
22 52.42698933877847
23 35.885368284223205
24 26.245433287973867
25 22.281488116123707
26 71.16227898795913
27 55.96277974564368
28 106.68998607120272
29 117.33885131199449
30 30.25730869216755
31 61.513740149886715
32 109.64050058958917
33 82.40580673358937
34 33.39951510039362
35 69.56937574107658
36 95.81193583164648
37 60.80326377017672
38 88.25667475932659
39 92.84134664738694
40 63.586150386749196
41 25.61097625325079
42 93.21193088179398
43 57.34538674732127
44 34.45038296679214
45 41.937565833238004
46 105.72888092778197
47 64.0793175676911
48 43.700083928782966
49 58.75683723625179
0 1
0 24
0 33
0 38
0 47
0 48
1 2
1 3
1 7
1 10
1 18
1 19
1 20
1 36
1 38
1 41
1 42
2 3
2 8
2 12
2 15
2 23
2 24
2 30
3 4
3 17
3 18
3 45
4 5
4 9
4 12
4 18
4 20
4 27
4 30
4 39
4 40
4 41
5 6
5 14
5 38
5 45
6 7
6 14
6 27
6 35
6 43
7 8
7 13
7 22
7 28
7 29
7 33
8 9
8 17
8 22
8 27
8 37
8 40
8 43
8 45
8 47
9 10
9 13
9 17
9 27
9 31
9 32
9 36
9 38
9 39
10 11
10 13
10 17
10 19
10 20
10 25
10 28
10 43
10 46
10 49
11 12
11 19
11 21
11 23
11 40
12 13
12 20
12 39
12 42
12 47
13 14
13 16
13 25
13 30
13 34
13 39
13 44
14 15
14 25
14 38
14 41
14 43
14 45
15 16
15 26
15 32
15 41
15 48
16 17
16 20
16 28
16 30
16 32
16 37
16 42
17 18
17 27
17 40
17 42
18 19
18 46
19 20
19 25
19 37
19 44
19 45
19 49
20 21
20 28
20 35
20 47
21 22
21 48
22 23
22 34
22 38
22 40
23 24
23 31
23 37
24 25
24 35
24 39
25 26
25 32
26 27
26 28
26 30
26 32
26 36
27 28
27 35
27 37
27 39
27 44
27 49
28 29
28 46
29 30
29 33
29 35
29 43
29 46
30 31
30 36
30 49
31 32
31 48
32 33
32 36
32 40
33 34
33 37
33 44
34 35
35 36
35 39
35 41
35 43
36 37
36 47
37 38
38 39
38 40
39 40
39 41
39 49
40 41
41 42
41 45
42 43
42 48
42 49
43 44
44 45
45 46
46 47
47 48
48 49
