0 75.74112396226118
1 26.154144808002094
2 94.87529221708878
3 38.8059899229142
4 116.95593904278861
5 82.8203127335033
6 49.56614217156661
7 73.60676666994904
8 104.94841077495632
9 38.14496629354504
10 111.6462793569518
11 37.26792267643667
12 33.278742491372185
13 106.4070222435453
14 71.65899224926554
15 33.189773822914134
16 116.94280669119598
17 78.52964453469383
18 88.57766527729828
19 40.93545929926054
20 90.74334487132995
21 50.07496312315091
22 114.51407380470854
23 32.59469968936515
24 37.47845747623129
25 112.33019709847372
26 57.93691011219482
27 118.90306577359398
28 114.52955356829712
29 77.92370911177106
30 69.26589434417917
31 26.291659590444542
32 110.02854096711043
33 35.16357975581788
34 71.86697792923967
35 67.85857050408666
36 100.50676074371465
37 51.17003245148521
38 28.75931044691334
39 86.19479895987756
40 100.7757472954134
41 72.87709184647872
42 30.75480684488049
43 114.06385368991536
44 93.76263224117649
45 107.10765399928697
46 115.2862741163357
47 20.125517553553877
48 103.12058818272462
49 96.1801257777907
0 1
0 3
0 15
0 25
0 32
0 38
0 49
1 2
1 3
1 15
1 22
1 28
1 29
1 31
1 32
1 44
1 48
2 3
2 4
2 27
2 34
2 35
2 43
3 4
3 14
3 19
3 20
3 23
3 26
3 31
4 5
4 15
4 27
4 33
4 46
4 49
5 6
5 10
5 13
5 23
5 27
5 29
5 31
5 43
5 48
6 7
6 20
6 21
6 23
6 26
6 40
6 46
7 8
7 13
7 15
7 19
7 30
7 40
8 9
8 13
8 24
8 38
8 41
8 45
8 47
9 10
9 19
9 21
9 43
9 46
9 47
10 11
10 19
10 37
11 12
11 21
11 24
11 30
11 40
11 48
12 13
12 30
12 41
12 44
12 45
13 14
13 22
13 31
13 34
14 15
14 16
14 19
14 35
14 43
14 44
15 16
15 24
15 29
15 34
15 47
16 17
16 25
16 42
17 18
17 22
17 26
17 30
17 35
17 36
17 41
18 19
18 30
18 31
18 39
18 41
18 44
18 45
18 46
18 48
19 20
19 21
19 24
19 28
19 41
20 21
20 27
20 32
20 33
20 47
21 22
21 23
21 29
21 30
21 32
21 33
21 36
21 41
21 43
21 49
22 23
22 32
22 34
22 44
23 24
23 43
24 25
24 27
24 48
25 26
25 31
26 27
26 45
27 28
27 35
27 41
28 29
28 31
28 36
28 48
28 49
29 30
30 31
30 42
30 43
30 49
31 32
31 45
32 33
33 34
33 45
33 48
34 35
34 39
34 40
35 36
35 44
35 47
36 37
36 41
36 46
37 38
37 40
37 42
38 39
39 40
39 41
40 41
40 47
41 42
42 43
43 44
43 45
43 46
44 45
45 46
45 49
46 47
46 48
47 48
48 49
