0 43.152927167446876
1 64.92308670077689
2 44.884668663229235
3 36.34375185243229
4 54.30253825262521
5 104.94480803618161
6 36.58930064677686
7 71.93165349972082
8 24.45847118558069
9 73.99213221269912
10 40.57195659034275
11 73.79794643527995
12 67.20173285857373
13 65.20973402363028
14 85.54348826925701
15 60.338050780131006
16 95.3962107408629
17 61.22386206676053
18 30.151808094811987
19 92.16599820223175
20 30.415745291030543
21 93.01858117490761
22 86.88833025642418
23 51.549640909202125
24 115.72462547832731
25 100.6973215038447
26 70.36890882289516
27 79.84843968101015
28 107.29990206718293
29 77.7245873587957
30 20.260863926600173
31 46.784967873885165
32 100.9816097745159
33 27.996605284391737
34 113.2878574630377
35 112.1977686475809
36 22.559586260013358
37 115.96854348622483
38 71.02954953455185
39 80.86451807487029
40 50.253271340582806
41 44.069890618752886
42 90.64308846747355
43 44.05088871908451
44 61.213507369512335
45 48.76844615908875
46 74.16871262826227
47 47.6319545230883
48 93.77305165710347
49 66.8973302734278
0 1
0 5
0 7
0 8
0 13
0 14
0 17
0 22
0 23
0 33
0 35
0 36
0 40
0 44
0 49
1 2
1 3
1 6
1 8
1 9
1 13
1 20
1 24
1 31
1 32
1 34
1 35
1 36
1 39
1 41
1 45
1 46
1 47
1 49
2 3
2 4
2 5
2 9
2 11
2 13
2 16
2 19
2 24
2 32
2 38
2 39
2 40
2 41
2 43
2 44
2 45
2 47
2 49
3 4
3 6
3 7
3 9
3 12
3 13
3 14
3 19
3 20
3 25
3 28
3 30
3 33
3 37
3 42
3 44
3 46
3 49
4 5
4 8
4 11
4 13
4 14
4 15
4 16
4 17
4 18
4 23
4 33
4 34
4 39
4 41
4 46
4 48
4 49
5 6
5 9
5 10
5 14
5 15
5 16
5 17
5 20
5 23
5 24
5 25
5 26
5 27
5 31
5 32
5 35
5 38
5 41
5 42
5 45
5 48
6 7
6 9
6 11
6 14
6 15
6 16
6 19
6 21
6 23
6 24
6 26
6 28
6 29
6 34
6 38
6 39
6 43
6 45
6 48
6 49
7 8
7 9
7 14
7 16
7 17
7 18
7 19
7 20
7 25
7 27
7 30
7 31
7 34
7 36
7 39
7 42
7 46
7 48
8 9
8 10
8 12
8 15
8 19
8 23
8 28
8 33
8 35
8 37
8 42
8 43
8 47
8 48
8 49
9 10
9 17
9 21
9 27
9 30
9 33
9 38
9 39
9 46
9 47
9 48
9 49
10 11
10 15
10 17
10 18
10 19
10 20
10 21
10 24
10 26
10 27
10 29
10 31
10 32
10 33
10 37
10 39
10 41
10 44
10 46
11 12
11 16
11 21
11 26
11 28
11 29
11 30
11 31
11 32
11 33
11 34
11 35
11 42
11 43
11 47
11 49
12 13
12 14
12 17
12 21
12 26
12 29
12 33
12 40
12 41
12 44
12 48
13 14
13 15
13 19
13 22
13 23
13 24
13 29
13 31
13 37
13 40
13 41
13 42
13 43
13 44
13 47
14 15
14 16
14 17
14 22
14 23
14 28
14 29
14 32
14 34
14 47
14 49
15 16
15 21
15 22
15 23
15 24
15 29
15 32
15 36
15 37
15 41
15 42
15 46
15 49
16 17
16 19
16 20
16 28
16 29
16 33
16 38
16 39
16 40
16 42
16 43
16 47
17 18
17 24
17 25
17 30
17 32
17 33
17 34
17 35
17 37
17 38
17 39
17 40
17 42
17 43
17 46
17 49
18 19
18 20
18 21
18 29
18 31
18 32
18 33
18 34
18 36
18 39
18 40
18 41
18 44
18 47
18 48
19 20
19 22
19 23
19 24
19 29
19 30
19 34
19 38
19 39
19 44
19 47
19 48
20 21
20 27
20 28
20 29
20 31
20 34
20 36
20 37
20 40
20 42
20 44
20 46
20 47
21 22
21 23
21 33
21 36
21 40
21 44
21 48
21 49
22 23
22 24
22 26
22 32
22 37
22 39
22 43
22 47
22 48
23 24
23 26
23 29
23 32
23 39
23 42
23 46
24 25
24 26
24 27
24 28
24 29
24 31
24 36
24 37
24 40
24 43
24 45
25 26
25 28
25 31
25 33
25 35
25 37
25 40
25 42
25 43
25 45
26 27
26 34
26 35
26 38
26 42
26 43
26 44
26 46
26 47
27 28
27 31
27 33
27 40
27 44
27 47
27 48
28 29
28 30
28 39
28 41
28 42
28 44
29 30
29 31
29 32
29 33
29 35
29 38
29 40
29 43
29 44
29 46
29 47
29 48
30 31
30 32
30 33
30 34
30 35
30 37
30 38
30 39
30 48
31 32
31 33
31 34
31 35
31 38
31 41
31 44
31 47
31 49
32 33
32 34
32 35
32 38
32 39
32 40
32 42
32 43
32 44
32 47
32 49
33 34
33 35
33 37
33 38
33 39
33 41
33 44
33 45
33 46
34 35
34 37
34 38
34 47
34 49
35 36
35 37
35 39
35 41
35 46
36 37
36 39
36 40
36 42
36 46
36 48
37 38
37 42
37 45
37 49
38 39
38 42
38 45
38 46
38 48
39 40
39 42
39 43
39 46
40 41
40 45
40 46
41 42
41 44
41 45
41 47
41 48
41 49
42 43
42 44
42 46
42 49
43 44
43 45
43 46
44 45
44 47
44 48
44 49
45 46
45 49
46 47
46 48
47 48
47 49
48 49
