0 110.02512354035224
1 24.866430754181238
2 45.95435538616149
3 109.15904175480277
4 91.3080319753873
5 60.58510302155996
6 36.82452374731128
7 112.71287980397632
8 76.63069062988859
9 91.20072522249728
10 103.00534981581237
11 37.1113253189518
12 103.48503053093575
13 81.88635130350724
14 117.33229010620084
15 82.84441574453531
16 20.997013046955463
17 34.36750516647969
18 107.72764781568671
19 48.0755785674457
20 55.02977700393459
21 55.509757036723784
22 61.88390764912968
23 78.46782351739132
24 113.74552904087052
25 48.54055042733873
26 52.14370150819937
27 41.025093244453764
28 93.51697039802227
29 35.74617318233217
30 41.68783889845865
31 83.96349811762748
32 54.55165269663244
33 66.11373215237438
34 69.17803504114875
35 78.31864783887369
36 23.190305530678682
37 109.14192346123433
38 73.16107740018198
39 23.811676658845585
40 43.562870909180866
41 86.92319816070578
42 109.82636944343281
43 41.43788779824558
44 45.13361839421007
45 50.60394460356009
46 38.11890609738792
47 68.30848891383465
48 114.63934338838231
49 64.45812238489205
0 1
0 11
0 28
0 45
0 46
1 2
1 8
1 10
1 17
1 19
1 21
1 28
1 31
2 3
2 6
2 10
2 13
2 23
2 24
2 31
2 32
2 38
2 39
2 46
3 4
3 5
3 7
3 10
3 13
3 20
3 21
4 5
4 8
4 16
4 37
5 6
5 9
5 34
5 36
5 41
6 7
6 12
6 22
6 28
6 30
6 31
6 36
7 8
7 10
7 23
7 24
7 43
7 45
8 9
8 10
8 18
8 30
8 34
8 38
8 40
9 10
9 40
9 42
10 11
10 26
10 27
10 31
10 34
10 36
10 37
10 42
10 43
10 45
10 46
10 48
11 12
11 13
11 16
11 35
12 13
12 14
12 15
12 40
12 44
12 46
12 47
13 14
13 21
13 25
13 27
13 30
13 40
13 44
14 15
14 18
14 24
14 35
14 36
14 41
15 16
15 19
15 34
15 36
15 48
16 17
16 23
16 33
17 18
17 20
17 26
17 28
17 29
17 32
17 46
18 19
18 21
18 26
18 27
18 36
18 40
18 41
19 20
19 29
20 21
20 31
20 32
20 35
21 22
21 32
22 23
22 25
23 24
23 26
23 29
24 25
24 31
24 46
25 26
25 46
25 48
25 49
26 27
26 31
26 40
26 42
26 45
26 49
27 28
27 48
28 29
28 38
28 44
29 30
29 48
30 31
30 34
30 43
30 48
31 32
31 33
31 38
31 41
31 44
31 46
32 33
32 36
32 39
32 43
32 45
33 34
33 39
34 35
34 36
35 36
35 41
35 43
35 47
36 37
37 38
37 49
38 39
38 44
39 40
39 48
40 41
40 47
41 42
41 44
41 48
42 43
42 47
43 44
43 47
44 45
45 46
46 47
46 49
47 48
47 49
48 49
