0 110.30140676700783
1 30.03745768504837
2 117.85401726817233
3 78.20024538653276
4 45.939633989713016
5 27.587858804186055
6 76.68120083091145
7 43.28838256260347
8 87.75272453263328
9 105.48122206042211
10 78.65355980466134
11 65.38692978575776
12 47.880924463680216
13 54.3473657090182
14 46.87078482745794
15 40.00275493445163
16 81.45070884385217
17 111.21861844259983
18 116.17387995860834
19 100.70793312794571
20 70.75398119291049
21 65.82065803937047
22 116.93110917881333
23 77.42570003598038
24 76.06706573187435
25 61.94321968625163
26 46.75432718297594
27 89.2143259595627
28 23.44946692855761
29 49.89962697694033
30 93.89387742909545
31 60.4191762642286
32 68.71003538349298
33 25.08795061589441
34 21.470378770888235
35 67.12957663963559
36 23.700791683477668
37 69.79551210027947
38 95.23688369564726
39 92.06853338829016
40 56.196366550009735
41 100.64237590933976
42 39.22502405829063
43 90.35979500581216
44 77.83962568520175
45 112.43835290972733
46 33.41399388765545
47 46.05809080830302
48 115.98174594275841
49 100.73196515347108
0 1
0 8
0 11
0 14
0 18
0 19
0 20
0 27
0 29
0 30
0 31
0 36
0 37
0 39
0 47
0 49
1 2
1 4
1 5
1 7
1 17
1 19
1 20
1 23
1 25
1 26
1 27
1 29
1 31
1 32
1 34
1 38
1 39
1 45
2 3
2 5
2 6
2 7
2 10
2 11
2 19
2 20
2 27
2 29
2 31
2 32
2 36
2 42
2 43
2 44
2 45
2 46
2 47
2 49
3 4
3 7
3 9
3 10
3 12
3 15
3 17
3 18
3 23
3 25
3 27
3 28
3 29
3 32
3 33
3 36
3 37
3 39
3 40
3 41
3 42
3 44
3 49
4 5
4 7
4 9
4 10
4 13
4 15
4 20
4 21
4 24
4 26
4 30
4 31
4 32
4 34
4 35
4 36
4 39
4 43
4 45
5 6
5 7
5 8
5 9
5 11
5 12
5 14
5 16
5 19
5 21
5 24
5 26
5 28
5 43
5 46
5 48
6 7
6 11
6 14
6 16
6 18
6 19
6 21
6 24
6 26
6 33
6 35
6 37
6 39
6 41
6 45
6 46
6 48
7 8
7 11
7 12
7 15
7 17
7 18
7 20
7 26
7 36
7 39
7 44
8 9
8 10
8 12
8 13
8 18
8 19
8 21
8 25
8 27
8 36
8 42
8 43
8 46
8 49
9 10
9 12
9 13
9 20
9 22
9 25
9 28
9 31
9 33
9 34
9 35
9 40
9 42
9 46
9 48
10 11
10 12
10 15
10 17
10 20
10 21
10 25
10 27
10 29
10 31
10 33
10 34
10 35
10 38
10 39
10 44
10 46
10 49
11 12
11 13
11 14
11 15
11 19
11 24
11 27
11 29
11 30
11 35
11 36
11 37
11 38
11 39
11 43
12 13
12 15
12 17
12 20
12 26
12 29
12 44
12 47
13 14
13 19
13 21
13 23
13 28
13 31
13 33
13 34
13 35
13 41
13 45
14 15
14 17
14 18
14 22
14 26
14 27
14 28
14 32
14 39
14 43
14 45
14 47
14 48
15 16
15 17
15 19
15 21
15 23
15 24
15 25
15 26
15 28
15 31
15 39
15 42
15 44
15 45
15 46
15 47
15 48
16 17
16 20
16 21
16 26
16 27
16 29
16 30
16 31
16 35
16 40
16 42
16 43
16 45
16 46
17 18
17 20
17 21
17 26
17 28
17 29
17 32
17 34
17 35
17 36
17 38
17 40
17 43
17 46
18 19
18 23
18 24
18 25
18 28
18 30
18 32
18 34
18 35
18 37
18 42
18 45
18 47
18 49
19 20
19 26
19 27
19 28
19 29
19 32
19 35
19 41
19 42
19 43
19 49
20 21
20 33
20 36
20 38
20 40
20 42
20 43
20 44
20 47
21 22
21 25
21 26
21 27
21 32
21 33
21 34
21 35
21 36
21 38
21 40
21 42
21 43
21 44
21 45
21 46
21 47
21 49
22 23
22 25
22 26
22 27
22 29
22 31
22 33
22 35
22 44
22 45
22 46
22 49
23 24
23 27
23 28
23 35
23 37
23 44
23 45
23 46
23 47
23 49
24 25
24 26
24 28
24 30
24 35
24 39
24 40
24 41
24 43
24 44
24 46
24 48
24 49
25 26
25 30
25 31
25 32
25 37
25 38
25 39
25 42
25 43
25 46
25 49
26 27
26 30
26 33
26 34
26 38
26 39
26 46
26 49
27 28
27 30
27 32
27 35
27 39
27 43
27 44
27 45
27 46
27 48
28 29
28 32
28 33
28 34
28 39
28 41
28 42
28 43
28 44
28 47
28 48
29 30
29 32
29 35
29 36
29 38
29 41
29 42
29 43
30 31
30 32
30 34
30 35
30 36
30 38
30 40
30 42
30 46
30 49
31 32
31 35
31 38
31 41
31 42
31 44
31 45
31 46
31 48
32 33
32 35
32 37
32 39
32 45
32 46
32 47
32 49
33 34
33 38
33 39
33 40
33 42
33 43
33 47
33 48
34 35
34 36
34 38
34 41
34 43
34 46
34 48
34 49
35 36
35 38
35 41
35 43
35 44
36 37
36 41
36 42
36 47
37 38
37 44
37 47
37 49
38 39
38 40
38 41
38 45
38 47
39 40
39 43
39 45
39 46
39 47
39 48
39 49
40 41
40 42
40 44
40 45
40 47
41 42
42 43
43 44
43 48
44 45
44 46
45 46
45 49
46 47
46 48
47 48
47 49
48 49
