0 78.62021101986561
1 53.942629495159714
2 49.50135442805186
3 65.4871654376541
4 105.50159941611983
5 76.69017346849665
6 25.574154901743977
7 73.59699957525842
8 86.08431671660693
9 22.454657431003316
10 78.54415625094086
11 55.12985222958343
12 106.99729397378275
13 31.33792376537494
14 70.94859612575053
15 37.52601967792935
16 66.17452475810347
17 47.01551443443605
18 25.770925092425312
19 72.32923386896549
20 68.1191972998173
21 64.38740404248833
22 34.36404721070501
23 119.39368641732985
24 54.34399177620987
25 21.75318989665415
26 22.10986921093935
27 98.33432450685036
28 37.17910757341596
29 67.93475026375067
30 49.039894330941195
31 111.12974885885401
32 55.23718066576472
33 45.02322967203232
34 49.30170925286431
35 89.10340733846789
36 97.0469257784658
37 40.806143302920944
38 68.1414660095439
39 119.95020065319925
40 45.715024676043384
41 81.43428608584858
42 37.98250056005097
43 66.042033379304
44 81.94839283243277
45 54.517069496071215
46 46.2155015104116
47 93.93720952902653
48 45.36664388091574
49 75.58874720962402
0 1
0 13
0 20
1 2
1 7
1 11
2 3
2 33
2 46
3 4
3 9
3 28
3 34
3 45
4 5
4 21
4 27
4 29
4 35
5 6
5 41
6 7
7 8
7 24
7 33
8 9
8 40
9 10
9 32
9 33
9 44
10 11
10 17
10 33
11 12
11 14
11 24
12 13
12 45
13 14
14 15
14 27
14 33
14 37
14 44
15 16
15 24
15 48
16 17
17 18
17 19
18 19
18 20
19 20
19 22
20 21
21 22
22 23
22 35
22 36
22 40
23 24
24 25
25 26
25 42
25 48
25 49
26 27
26 35
27 28
28 29
28 31
28 40
29 30
29 37
30 31
31 32
31 34
32 33
33 34
34 35
35 36
36 37
37 38
37 40
38 39
39 40
40 41
41 42
41 49
42 43
43 44
43 45
43 47
44 45
45 46
45 48
46 47
47 48
48 49
