0 20.111447111911744
1 53.715298064071185
2 69.25222187281443
3 81.2598786672986
4 100.16284469961006
5 41.91187056240346
6 29.72983188400907
7 34.96547810090716
8 64.58929961249792
9 83.25905774270959
10 40.285471156190304
11 84.92767071729044
12 47.082582436874326
13 55.84418322407902
14 75.14276848382902
15 91.77135035798233
16 73.84953729064381
17 87.887215258899
18 45.41083830304724
19 22.783206113153547
20 42.55259349414699
21 102.95984557954804
22 26.710682338761366
23 45.012944670757285
24 55.80665597356846
25 57.930063607566254
26 100.17295958367572
27 53.08147335407252
28 48.76176951370112
29 119.533659894751
30 34.276002063147615
31 36.2401387974693
32 20.711157768840653
33 68.5405964323767
34 106.96559660468465
35 96.35397666970869
36 79.19935828373391
37 116.67552862959505
38 117.59573755165768
39 38.735854484047294
40 31.765333350444617
41 70.76819572385185
42 66.45216431854328
43 71.13729590810745
44 115.24060948987592
45 81.05076711347586
46 85.9681947924223
47 62.70567749517697
48 35.43265291594164
49 66.08571593904207
0 1
0 13
0 31
0 48
1 2
1 48
2 3
3 4
4 5
4 48
5 6
5 16
5 48
6 7
6 36
6 39
6 48
7 8
7 20
7 46
8 9
9 10
9 11
9 16
9 35
10 11
10 32
11 12
11 44
12 13
12 29
12 39
13 14
13 20
13 35
13 36
13 44
14 15
14 16
14 33
15 16
15 17
15 29
15 41
16 17
16 22
16 27
16 48
17 18
17 31
18 19
18 20
18 36
19 20
19 33
20 21
20 31
21 22
22 23
23 24
23 38
23 41
24 25
24 32
25 26
26 27
26 45
27 28
28 29
28 33
28 45
29 30
29 34
30 31
31 32
31 33
32 33
33 34
33 41
33 47
34 35
34 42
35 36
36 37
36 39
37 38
37 41
38 39
39 40
40 41
41 42
41 49
42 43
43 44
44 45
45 46
46 47
46 48
47 48
48 49
