0 109.90584645508748
1 40.626057972363725
2 28.626177464847594
3 74.16524411693517
4 48.91906780771611
5 95.09078939574704
6 70.49238831312965
7 64.42676751701495
8 98.90821369513523
9 111.07027016894901
10 91.564872561809
11 27.71985022899924
12 46.65875682986966
13 117.12942783853414
14 93.85806376811676
15 60.12683830752141
16 22.142346839487175
17 39.82794536551785
18 53.180733179367714
19 85.83245984166798
20 100.33601243071286
21 20.660282583615245
22 83.05125900747258
23 60.09371503251429
24 34.72330142281911
25 65.31010054918548
26 116.4779935023725
27 82.66289947547264
28 48.38368588274223
29 65.70064375567462
30 88.9817945303481
31 21.569132602126942
32 30.549307412303392
33 92.45155599455086
34 54.77293329322103
35 93.35523929612987
36 86.6057173055473
37 115.60653003950927
38 44.654804277760775
39 45.18313427435835
40 67.7359654039679
41 74.87503288436318
42 79.01194037499468
43 36.66238973932461
44 62.75502823509984
45 87.13535284669597
46 82.15005400830825
47 24.822938303740276
48 69.15422934246894
49 48.5750233410361
0 1
0 6
0 13
0 20
0 29
0 34
0 43
0 44
1 2
1 14
1 23
1 25
1 26
1 39
1 43
1 48
2 3
2 7
2 13
2 34
2 37
2 47
2 49
3 4
3 5
3 6
3 17
3 18
3 28
3 39
3 42
3 47
4 5
4 11
4 26
4 28
4 34
4 41
4 46
5 6
5 8
5 12
5 21
5 43
5 48
6 7
6 11
6 21
6 22
6 25
6 37
6 40
6 44
6 45
7 8
7 25
7 33
8 9
8 31
8 39
8 47
9 10
9 39
10 11
10 25
10 27
10 32
10 35
10 43
10 45
11 12
11 15
11 17
11 18
11 20
11 22
11 38
11 42
11 48
12 13
12 19
12 21
12 23
12 24
12 29
12 35
12 40
12 46
12 48
13 14
13 33
13 43
14 15
14 22
14 23
14 29
14 37
14 48
15 16
15 25
15 29
15 39
15 41
15 48
16 17
16 20
16 22
16 26
16 27
16 37
17 18
17 22
17 40
17 47
18 19
18 20
18 26
18 29
18 31
18 33
18 35
18 43
18 44
18 47
18 48
19 20
19 36
19 42
19 43
20 21
20 24
20 26
21 22
21 36
22 23
22 26
23 24
23 32
23 37
23 38
23 45
23 48
24 25
24 34
24 37
24 45
24 46
24 49
25 26
25 27
25 30
26 27
26 35
26 44
27 28
27 31
27 38
27 39
27 41
27 47
28 29
28 37
28 40
29 30
29 41
30 31
30 38
30 43
31 32
31 41
31 44
32 33
33 34
33 44
34 35
34 43
34 44
35 36
35 43
35 47
36 37
37 38
37 42
37 48
38 39
39 40
40 41
40 42
41 42
41 46
42 43
43 44
44 45
44 48
45 46
45 47
46 47
46 49
47 48
48 49
