0 85.27592766556629
1 84.95845145241827
2 62.936255430969524
3 35.85767933201385
4 85.58130902493218
5 68.34979812743538
6 64.14722302511008
7 90.6826820276392
8 52.75958423543437
9 41.09819895419468
10 95.34335024506899
11 75.74281632912238
12 115.77254244525079
13 99.42422606042715
14 77.05295819538088
15 28.76308362987383
16 107.85871433500188
17 62.65615484228532
18 98.33875640362572
19 116.58069403137101
20 67.19530253884939
21 106.0086931849604
22 90.89769595025996
23 80.00500729533445
24 107.37983172938306
25 62.95945823226685
26 81.0875640635011
27 53.415869291594056
28 65.76683681592382
29 111.23987713873251
30 74.44876944033453
31 84.10342706670247
32 62.792483275689165
33 41.711171119574956
34 28.94999430146486
35 100.66883144935821
36 108.64272951082802
37 97.77495235231862
38 102.97148727257397
39 57.24675845533565
40 74.96827974468741
41 64.47186989033025
42 21.94995369317834
43 110.87694219123496
44 108.8222356854843
45 81.05065839124403
46 93.64412830690219
47 73.04347276662206
48 103.59397639017836
49 48.543840849676386
0 1
0 2
0 3
0 4
0 5
0 6
0 9
0 13
0 16
0 17
0 20
0 21
0 22
0 28
0 32
0 33
0 37
0 38
0 40
0 43
0 44
0 46
0 47
1 2
1 7
1 9
1 10
1 11
1 15
1 17
1 21
1 25
1 27
1 31
1 33
1 34
1 41
1 45
1 47
2 3
2 11
2 13
2 16
2 19
2 21
2 22
2 24
2 28
2 29
2 38
2 47
3 4
3 8
3 11
3 12
3 24
3 26
3 27
3 28
3 29
3 30
3 32
3 35
3 41
3 47
3 48
4 5
4 14
4 24
4 28
4 34
4 37
4 41
4 44
4 47
4 49
5 6
5 9
5 12
5 14
5 17
5 19
5 21
5 22
5 30
5 36
5 39
5 41
5 43
5 49
6 7
6 16
6 22
6 23
6 34
6 40
6 41
6 42
6 49
7 8
7 10
7 11
7 12
7 15
7 18
7 24
7 26
7 27
7 44
7 45
7 47
8 9
8 10
8 22
8 25
8 28
8 29
8 32
8 34
8 36
9 10
9 12
9 15
9 16
9 19
9 25
9 27
9 33
9 35
9 36
9 39
9 40
9 42
9 43
9 44
10 11
10 13
10 16
10 23
10 45
10 48
11 12
11 16
11 20
11 26
11 30
11 32
11 34
11 37
11 38
11 39
11 45
11 46
11 47
12 13
12 17
12 18
12 19
12 23
12 26
12 27
12 29
12 33
12 35
12 36
12 38
12 41
12 48
12 49
13 14
13 24
13 29
13 35
13 37
13 38
13 40
13 42
13 43
13 49
14 15
14 18
14 20
14 21
14 23
14 28
14 42
14 48
15 16
15 22
15 29
15 30
15 32
15 33
15 34
15 36
15 39
15 40
15 45
16 17
16 18
16 19
16 23
16 37
16 38
16 44
17 18
17 19
17 21
17 23
17 25
17 27
17 32
17 37
17 39
17 45
18 19
18 21
18 31
18 33
18 36
18 40
18 43
18 47
18 48
19 20
19 23
19 24
19 25
19 30
19 36
19 37
19 40
19 42
19 46
19 47
19 48
19 49
20 21
20 22
20 24
20 26
20 36
20 41
20 43
20 45
21 22
21 24
21 28
21 29
21 31
21 32
21 33
21 34
21 36
21 39
21 43
21 45
21 47
22 23
22 27
22 29
22 35
22 38
22 41
22 46
22 48
22 49
23 24
23 25
23 26
23 27
23 28
23 29
23 31
23 34
23 39
23 44
23 46
24 25
24 26
24 36
24 38
24 40
24 42
24 43
24 49
25 26
25 28
25 32
25 33
25 34
25 35
25 36
25 43
25 44
25 45
25 48
26 27
26 28
26 30
26 32
26 33
26 35
26 38
26 48
26 49
27 28
27 30
27 33
27 35
27 37
27 38
27 41
27 47
27 48
28 29
28 35
28 39
28 43
28 45
28 46
28 47
28 49
29 30
29 31
29 32
29 38
29 42
29 44
29 48
29 49
30 31
30 32
30 43
30 48
30 49
31 32
31 42
31 44
31 45
32 33
32 35
32 37
32 39
32 41
32 42
32 46
32 47
33 34
33 35
33 37
33 38
33 39
33 41
33 42
34 35
34 36
34 37
34 48
35 36
35 38
35 44
35 46
35 47
35 49
36 37
36 45
36 46
36 47
37 38
37 49
38 39
38 44
38 45
38 49
39 40
39 44
39 46
39 47
39 49
40 41
40 42
40 45
41 42
41 43
41 45
41 46
42 43
42 47
43 44
43 46
44 45
44 47
45 46
45 47
45 48
46 47
47 48
47 49
48 49
