0 23.358291545268386
1 50.91242693494367
2 114.31077398934634
3 83.73118780026337
4 96.90835523122493
5 108.2749413830861
6 75.50807567012126
7 85.80149172090042
8 42.55493754539792
9 52.11863097873614
10 76.12293395505881
11 27.550361165205025
12 23.897069233842288
13 51.46316036111196
14 74.08922724424747
15 104.88478949157167
16 77.32484468500067
17 29.728338874479544
18 55.87664315952662
19 37.23190372782648
20 56.916150143493056
21 83.25576819952809
22 115.42638501411002
23 99.92327096860464
24 57.354718220918436
25 26.68986705447049
26 113.33139292991636
27 108.28142009944837
28 23.246610054821076
29 90.12366466458113
30 89.14016694644222
31 76.01903414052302
32 101.74731626274229
33 39.10618307507055
34 99.76082485997824
35 30.81522717030191
36 72.07190911366419
37 87.92458956345936
38 35.16475942427964
39 33.312167303676134
40 90.2457551895371
41 29.015761286959545
42 118.93688289046688
43 112.27924770560855
44 20.3635097483062
45 106.92825030107562
46 35.69213302830368
47 98.32088912882969
48 84.6592375094993
49 23.947118547213122
0 1
0 3
0 6
0 9
0 12
0 18
0 20
0 24
0 25
0 28
0 32
0 34
0 35
0 36
0 44
1 2
1 3
1 6
1 7
1 9
1 10
1 13
1 14
1 22
1 25
1 26
1 38
1 39
1 42
1 47
2 3
2 13
2 15
2 21
2 27
2 34
2 36
2 48
3 4
3 9
3 16
3 19
3 24
3 28
3 35
3 42
4 5
4 15
4 20
4 28
4 29
4 35
4 36
4 44
4 47
5 6
5 10
5 11
5 12
5 15
5 16
5 21
5 23
5 29
5 36
5 45
6 7
6 9
6 11
6 14
6 16
6 22
6 23
6 26
6 28
6 33
6 39
6 41
6 45
7 8
7 10
7 17
7 20
7 23
7 24
7 30
7 31
7 35
7 37
7 45
8 9
8 10
8 14
8 15
8 27
8 31
8 40
8 44
9 10
9 12
9 13
9 14
9 17
9 32
9 41
9 46
10 11
10 13
10 20
10 21
10 23
10 28
10 31
10 32
10 37
10 39
10 40
11 12
11 26
11 31
11 35
11 38
11 41
11 48
12 13
12 15
12 17
12 19
12 26
12 28
12 30
12 43
12 46
13 14
13 22
13 24
13 28
13 29
13 41
13 43
13 45
14 15
14 16
14 26
14 27
14 29
14 36
14 42
14 43
15 16
15 26
15 28
15 42
15 44
15 47
16 17
16 21
16 23
16 28
16 34
16 40
17 18
17 19
17 31
17 33
17 35
17 40
17 45
18 19
18 23
18 24
18 28
18 33
18 37
18 38
19 20
19 24
19 25
19 27
19 37
19 41
19 45
19 46
19 49
20 21
20 28
20 30
20 32
20 41
20 43
20 44
20 45
21 22
21 29
21 40
21 48
22 23
22 26
22 29
22 33
22 41
22 44
22 46
23 24
23 26
23 37
23 40
23 41
23 44
23 46
24 25
24 28
24 41
24 44
24 46
24 47
24 48
25 26
25 29
25 33
25 36
25 39
25 48
26 27
26 37
26 38
26 44
26 46
27 28
27 30
27 31
27 33
27 39
27 41
27 46
28 29
28 35
28 43
28 45
28 48
29 30
29 32
29 33
29 36
29 38
29 39
29 41
29 44
29 45
30 31
30 32
30 35
30 39
30 49
31 32
31 33
31 37
31 47
31 49
32 33
32 34
32 44
32 47
33 34
33 36
33 37
33 49
34 35
34 41
34 43
34 46
34 47
35 36
35 49
36 37
36 41
36 48
37 38
37 39
38 39
38 44
38 45
39 40
39 41
39 43
40 41
40 42
40 44
41 42
41 46
42 43
42 44
42 48
43 44
44 45
44 49
45 46
46 47
47 48
48 49
