0 72.61916689252847
1 114.21588426700166
2 64.21621280770628
3 83.71042208077269
4 94.03290632453339
5 73.9708549868974
6 70.39756665548879
7 98.68192503568817
8 40.40275753372174
9 42.73321885238727
10 77.21366968902734
11 61.517032065981475
12 67.31008314695666
13 112.58682994655362
14 23.014785388201226
15 35.11034379580286
16 102.18027239709663
17 115.51632046702794
18 118.25481345251924
19 73.5075095698082
20 60.85118294001136
21 47.07406201178245
22 36.68175048166146
23 113.23196795779171
24 52.14979856807342
25 31.934882438972362
26 37.40898339427869
27 62.03080507646485
28 104.29364757923595
29 52.38651191749796
30 110.71713977063933
31 29.573946565002537
32 97.03111740431441
33 71.05765543468048
34 67.09640917109228
35 93.95745320227681
36 111.65755757431607
37 92.56444473718892
38 43.82433899868612
39 100.30300574672296
40 117.39163951766832
41 25.260013106908854
42 86.28434052957822
43 43.31210520286085
44 97.06913156685876
45 23.900726238681017
46 72.26523071689869
47 94.32491049839228
48 77.70890787417102
49 116.79663584636236
0 1
0 17
0 49
1 2
1 34
2 3
2 35
2 41
3 4
3 11
3 27
3 28
3 32
3 44
4 5
4 22
5 6
5 38
5 47
6 7
6 39
7 8
7 15
7 27
8 9
8 27
8 41
8 48
9 10
10 11
10 17
10 21
11 12
11 36
12 13
12 28
12 31
12 35
13 14
13 20
13 22
13 49
14 15
15 16
16 17
16 39
17 18
17 21
18 19
18 38
19 20
19 29
19 37
19 44
20 21
21 22
21 43
22 23
22 43
22 49
23 24
23 46
24 25
24 39
24 43
25 26
26 27
26 30
26 37
26 39
27 28
27 29
28 29
29 30
30 31
31 32
31 46
32 33
33 34
33 43
34 35
34 38
35 36
36 37
37 38
37 41
38 39
38 44
39 40
40 41
41 42
41 47
42 43
43 44
44 45
45 46
46 47
46 48
47 48
48 49
