0 70.6568699533847
1 78.30860335052532
2 107.5311002049167
3 90.377146292283
4 105.98184445081972
5 35.50383294876468
6 43.30262978653521
7 71.70182266908628
8 117.13701148835904
9 62.11069061460013
10 72.54228226610135
11 47.255360549180985
12 55.38275908611638
13 94.97481978688431
14 40.180786051773794
15 39.545483637451134
16 96.00807254353286
17 107.72125611790645
18 69.75360648218086
19 112.6372106951378
20 60.379551723618924
21 40.15525925568858
22 35.35883375122474
23 108.70932688921013
24 57.72471978446773
25 119.5386906346847
26 81.9641777366924
27 34.94743479008561
28 73.82552935103884
29 97.52429778337692
30 74.02217331294088
31 91.79221708280609
32 71.39562312715661
33 24.284152612878223
34 66.51283054845295
35 70.37800835990313
36 82.63753334558456
37 82.24741298429753
38 34.81818539444313
39 36.93817743285429
40 68.32376172488866
41 105.86646054860954
42 70.24329007316723
43 65.0201987059111
44 89.71818131539418
45 20.959411758762453
46 46.53341298633137
47 72.54472325755725
48 89.75202491816283
49 47.430846607560085
0 1
0 11
0 12
0 17
0 18
0 23
0 28
0 31
0 43
1 2
1 15
1 17
1 21
1 38
1 46
1 48
2 3
2 17
2 21
2 24
2 25
2 26
2 33
2 35
2 41
2 46
2 49
3 4
3 5
3 10
3 22
3 25
3 26
3 29
3 34
3 37
3 43
3 46
3 49
4 5
4 12
4 15
4 22
4 26
4 30
4 36
4 37
4 42
4 45
4 47
5 6
5 12
5 13
5 17
5 19
5 24
5 32
5 33
5 34
5 36
5 40
5 48
6 7
6 11
6 16
6 23
6 26
6 30
6 33
6 34
6 41
6 44
7 8
7 9
7 14
7 27
7 29
7 41
7 44
7 48
8 9
8 10
8 14
8 18
8 23
8 24
8 49
9 10
9 12
9 16
9 18
9 19
9 23
9 29
9 41
9 42
9 44
10 11
10 14
10 37
10 41
10 43
11 12
11 19
11 20
11 21
11 32
11 44
11 49
12 13
12 16
12 24
12 27
12 33
12 39
12 44
13 14
13 17
13 22
13 24
13 25
13 26
13 33
13 35
13 38
13 41
13 44
13 45
13 46
13 49
14 15
14 18
14 19
14 26
14 40
14 44
15 16
15 26
15 36
15 41
15 47
15 49
16 17
16 20
16 30
16 31
16 32
16 40
16 46
17 18
17 20
17 25
17 30
17 34
17 40
18 19
18 20
18 27
18 32
18 33
18 36
19 20
19 24
19 28
19 32
19 36
19 38
19 39
19 42
20 21
20 26
20 29
20 32
20 33
20 40
20 42
20 43
20 44
20 47
21 22
21 23
21 25
21 32
21 33
21 35
21 49
22 23
22 25
22 28
22 29
22 33
22 34
22 39
22 40
22 42
22 47
23 24
23 25
23 29
23 37
23 38
23 39
23 41
23 42
23 43
23 47
23 49
24 25
24 36
24 41
24 44
24 46
24 47
24 49
25 26
25 28
25 30
25 31
25 33
25 40
25 43
25 46
25 48
26 27
26 28
26 29
26 35
26 40
26 41
26 43
26 44
27 28
27 37
27 39
27 41
27 47
28 29
28 32
28 38
28 47
29 30
29 40
29 42
29 43
29 44
29 49
30 31
30 32
30 34
30 41
31 32
32 33
32 34
32 38
32 39
32 48
32 49
33 34
33 36
33 37
33 38
33 46
34 35
34 43
35 36
35 38
35 42
35 43
36 37
36 41
36 42
36 47
37 38
37 40
37 41
37 42
38 39
38 41
38 46
39 40
39 43
40 41
40 44
40 46
41 42
41 43
41 44
42 43
42 44
42 47
43 44
43 45
43 47
43 48
44 45
44 49
45 46
46 47
47 48
48 49
