0 29.016697262914885
1 55.78406608356459
2 98.06576394277374
3 49.48993817048456
4 95.50972633092424
5 46.875323223725786
6 69.9540887032978
7 114.53479974594173
8 40.138806564219436
9 81.70801647930277
10 72.69371831158698
11 118.46670657494522
12 46.43195941950095
13 47.00014536612201
14 108.32092530023611
15 32.940959131883545
16 71.48557126065714
17 102.24856751337764
18 108.53501793210809
19 54.06701762321818
20 51.13319199320941
21 23.327170121540643
22 42.59278951487064
23 109.86094516649747
24 79.45677617081418
25 68.69180205370053
26 72.20318620867303
27 23.277327809411947
28 107.5897076424726
29 58.1852454505274
30 85.52972225056122
31 97.42526984537051
32 63.1085900371551
33 20.939423913964188
34 75.31838345795308
35 95.13950126998098
36 25.783498369011674
37 38.50093624295008
38 87.20381781803253
39 43.76901733672864
40 108.05394529355412
41 82.0599345009303
42 53.406880998720084
43 107.86209188737733
44 79.32056476010783
45 118.54124195254072
46 44.321674948003206
47 37.367875556085565
48 41.99013561346855
49 39.32054039426143
0 1
0 9
0 11
0 18
0 24
0 29
1 2
1 28
1 39
1 44
1 45
2 3
2 6
2 23
2 45
3 4
3 18
3 26
3 29
3 41
3 42
4 5
4 8
4 10
4 21
4 30
4 42
5 6
5 8
5 16
5 29
5 38
5 41
5 42
6 7
6 10
6 13
6 19
6 24
6 40
6 41
6 43
6 44
6 49
7 8
7 12
7 16
7 18
7 23
7 26
7 36
7 38
7 40
7 44
8 9
8 14
8 19
8 23
8 32
8 35
8 37
8 49
9 10
9 23
9 26
9 34
9 37
9 45
10 11
10 14
10 25
10 31
10 34
10 48
11 12
11 14
11 22
11 25
12 13
12 14
12 21
12 29
12 37
12 47
13 14
13 26
13 31
13 34
13 35
13 37
13 45
13 49
14 15
14 16
14 35
14 38
14 44
15 16
15 23
15 29
16 17
16 25
16 26
16 30
16 35
16 44
17 18
17 28
17 39
17 45
18 19
18 29
18 45
19 20
19 23
19 28
19 31
19 35
19 41
19 49
20 21
20 23
20 32
21 22
21 27
22 23
22 24
22 28
22 33
22 34
22 40
22 42
22 44
22 46
22 49
23 24
23 29
23 33
23 37
23 38
23 39
23 40
23 42
23 47
24 25
24 32
24 40
24 41
24 49
25 26
25 40
25 47
26 27
26 41
26 49
27 28
27 32
27 33
27 43
28 29
28 36
28 43
29 30
29 35
30 31
30 44
30 49
31 32
31 40
31 42
32 33
32 38
32 47
32 49
33 34
33 43
34 35
34 42
35 36
35 40
35 46
36 37
37 38
37 45
37 49
38 39
38 45
38 49
39 40
40 41
40 42
41 42
42 43
42 48
43 44
44 45
45 46
46 47
47 48
48 49
