0 111.27480041571786
1 43.648253840384854
2 64.25940838801864
3 88.89416426064777
4 65.52787087903826
5 26.566677979674047
6 117.29466943195814
7 75.11513491365423
8 86.9425968254858
9 39.26015338913666
10 85.42564755477534
11 98.04429437483692
12 77.53901215240603
13 78.08000128379945
14 77.35591481356168
15 105.79390022507027
16 53.28007323810842
17 44.719648294451545
18 21.911535592130097
19 29.754411271912467
20 34.30748622926138
21 93.45780452065026
22 89.83631644255523
23 37.690974622182694
24 65.83254560888358
25 73.98353753812142
26 41.38519312797314
27 38.85646125302304
28 63.117639231635984
29 75.86101052633794
30 43.590861284412455
31 68.3213528539977
32 69.39424988520429
33 48.75801675042277
34 98.05144197995031
35 109.84973146165153
36 39.098438424910704
37 93.7538587142523
38 95.18460638877217
39 51.90446696393299
40 110.46494800481565
41 95.35853326443433
42 64.11627210413002
43 109.74366539286784
44 111.30619309014125
45 91.31659972816692
46 118.71957976623757
47 88.0743095324311
48 49.71264426483131
49 57.835473167671076
0 1
0 23
1 2
1 7
1 37
2 3
2 22
3 4
3 24
3 44
4 5
4 12
5 6
6 7
6 8
6 27
6 40
7 8
7 11
7 36
7 38
8 9
8 11
8 19
8 28
9 10
10 11
11 12
11 27
11 32
12 13
13 14
14 15
14 27
15 16
15 18
15 36
16 17
17 18
17 21
17 36
18 19
18 21
18 27
18 32
19 20
19 29
19 30
19 36
19 47
20 21
21 22
21 49
22 23
22 30
23 24
23 31
24 25
24 29
25 26
25 27
25 48
26 27
27 28
27 33
27 48
28 29
28 32
29 30
29 34
29 45
30 31
31 32
31 33
32 33
33 34
33 38
34 35
34 40
34 47
35 36
36 37
37 38
37 45
37 47
38 39
38 49
39 40
39 45
40 41
40 47
41 42
41 47
42 43
43 44
44 45
45 46
46 47
47 48
48 49
