0 57.790385825878815
1 56.08930360763684
2 32.49398017474101
3 52.300812523192256
4 53.25278340395039
5 115.49422318989077
6 47.68866974000211
7 52.23698952235876
8 34.258450943347846
9 76.85194788236093
10 21.89633839159632
11 21.67143383021593
12 61.287506136666096
13 103.53330257060391
14 115.13573167696723
15 118.9135879255867
16 29.50411855914041
17 58.117737474712854
18 30.568921910005976
19 54.84680956491924
20 80.09305451385447
21 83.03350769299415
22 39.320194883883545
23 103.98394788302812
24 82.0980218468737
25 68.50644765587484
26 82.70743549829707
27 119.86183997179099
28 77.513907096193
29 92.09773474988957
30 59.140051169626
31 86.76021335798393
32 30.92010054520242
33 60.30245282685476
34 103.03511563512241
35 99.9843818444789
36 101.6023445366433
37 81.99715878703954
38 41.326086559809866
39 30.33000992626744
40 60.89561427318016
41 55.96605371961033
42 69.48607519154514
43 94.85213020699898
44 110.39073140781244
45 60.30181635292505
46 23.46032502348962
47 25.689542333978594
48 117.68259980210533
49 90.1684770962849
0 1
0 4
0 6
0 8
0 22
0 27
0 33
0 37
0 45
0 46
0 48
1 2
1 5
1 14
1 18
1 19
1 24
1 32
1 37
1 38
1 41
1 47
1 49
2 3
2 7
2 13
2 18
2 23
2 41
2 42
2 46
2 47
3 4
3 7
3 9
3 11
3 14
3 24
3 25
3 32
3 47
4 5
4 7
4 8
4 10
4 11
4 15
4 21
4 26
4 29
4 30
4 31
4 32
4 47
5 6
5 8
5 11
5 21
5 22
5 30
5 33
5 34
5 44
5 46
6 7
6 14
6 19
6 22
6 26
6 28
6 39
6 40
6 42
6 46
6 48
7 8
7 11
7 17
7 20
7 26
7 27
7 30
7 35
7 38
7 39
7 41
7 43
7 48
7 49
8 9
8 26
8 30
8 38
8 43
8 44
8 45
9 10
9 12
9 14
9 17
9 20
9 23
9 28
9 31
9 35
9 36
9 38
9 45
9 49
10 11
10 13
10 20
10 23
10 24
10 25
10 27
10 31
10 39
10 47
10 48
11 12
11 14
11 20
11 23
11 28
11 31
11 36
11 43
11 44
11 49
12 13
12 16
12 20
12 24
12 34
12 47
13 14
13 15
13 20
13 21
13 22
13 23
13 24
13 30
13 38
13 45
14 15
14 19
14 27
14 28
14 29
14 31
14 33
14 34
14 44
15 16
15 39
15 40
15 45
15 49
16 17
16 19
16 21
16 22
16 30
16 33
16 34
16 38
16 42
17 18
17 20
17 21
17 24
17 26
17 38
17 44
17 49
18 19
18 29
18 32
18 33
18 34
18 35
18 36
18 40
18 42
18 47
19 20
19 26
19 28
19 33
19 37
19 38
19 42
20 21
20 23
20 40
20 42
20 45
20 49
21 22
21 24
21 30
21 37
21 40
22 23
22 29
22 41
22 47
23 24
23 36
23 45
23 49
24 25
24 26
24 33
24 35
24 36
24 40
24 43
25 26
25 32
25 34
25 35
25 42
25 43
25 46
26 27
26 35
27 28
27 29
27 33
27 36
27 37
27 42
27 46
28 29
28 30
28 37
28 38
28 39
28 49
29 30
29 32
29 41
29 42
29 44
29 46
29 47
30 31
30 38
30 40
30 44
30 46
31 32
31 37
31 38
32 33
32 34
32 38
32 43
33 34
33 36
33 37
33 40
33 44
34 35
34 36
34 41
34 43
35 36
35 40
35 44
35 46
36 37
36 39
36 40
36 41
37 38
37 41
37 47
38 39
39 40
39 45
39 47
40 41
40 46
40 48
40 49
41 42
41 46
42 43
43 44
43 46
43 47
44 45
45 46
46 47
47 48
48 49
