0 38.09548330600443
1 114.01759324320498
2 77.19349954690658
3 60.94386339261904
4 49.53084681936042
5 98.41750865797962
6 23.59546531798006
7 108.28795609164452
8 96.57364404879159
9 52.361532018152296
10 25.342995101079637
11 41.163099029907045
12 84.61803684328517
13 73.7182986598414
14 79.4139694441188
15 94.75364831401666
16 110.45465158841334
17 57.52424406404712
18 21.50388938739695
19 71.66264192641614
20 62.5678214037286
21 56.87666735588968
22 24.78546087355193
23 104.94953593830591
24 35.442012925456865
25 78.31709735554873
26 115.31560729007741
27 86.58017117465604
28 67.47522289918454
29 89.7841686507679
30 85.22090701934067
31 75.35452675068697
32 87.19477913779996
33 54.46916153478434
34 36.45257307448714
35 72.69422241141937
36 105.69363592380877
37 42.28623063697593
38 67.68729056699584
39 82.1131265475996
40 24.552903731368964
41 112.17325740533205
42 24.860349910877858
43 48.76083646447688
44 37.989021053840226
45 103.06818296783753
46 71.8526755486464
47 109.12023982593428
48 95.56164724615566
49 119.15959242262403
0 1
0 4
0 20
1 2
1 47
2 3
2 7
2 21
2 26
2 34
3 4
3 14
3 21
3 35
3 42
4 5
4 7
4 20
4 35
4 45
5 6
5 20
5 47
6 7
6 14
6 27
6 28
7 8
7 20
7 21
8 9
8 18
8 30
8 37
8 39
8 43
9 10
10 11
10 34
11 12
12 13
13 14
13 18
13 41
14 15
14 16
15 16
15 21
15 24
16 17
16 43
16 46
17 18
17 24
18 19
18 21
18 43
19 20
20 21
21 22
21 34
21 45
22 23
23 24
23 39
24 25
24 26
25 26
25 32
25 38
26 27
26 44
27 28
27 33
28 29
29 30
29 40
30 31
31 32
32 33
33 34
33 36
33 38
34 35
35 36
36 37
37 38
38 39
38 46
39 40
40 41
41 42
42 43
42 47
43 44
44 45
45 46
46 47
47 48
48 49
