0 49.4180655806346
1 70.47593957952427
2 113.79779481415004
3 77.797728468216
4 76.25098975551664
5 75.42930314584765
6 64.83215383275422
7 103.16052045004201
8 64.3964173725509
9 41.47471013377662
10 39.68886545302271
11 57.71095949533827
12 31.839645649336088
13 37.973044283791715
14 104.08120983584458
15 105.40856881974938
16 48.41141762911475
17 118.60659927862791
18 42.44128033318668
19 21.41681073298685
20 28.948956635009164
21 64.29419764540285
22 45.43492744299314
23 88.19969079617529
24 49.522288684665085
25 95.07992782018327
26 112.218316746995
27 78.01297306707724
28 105.25916408809441
29 42.307172936575704
30 112.97139525293717
31 73.30671099267732
32 101.83707200700464
33 43.580981494578936
34 82.34115699417042
35 61.80972476603479
36 74.37097611345712
37 47.33820354065782
38 117.65034441544242
39 31.44556494570783
40 57.21057058592567
41 91.28631747500627
42 37.074793638849854
43 81.73340874257553
44 86.07100689731911
45 49.53815490020951
46 112.4653689047634
47 62.956227689602656
48 99.95620000437795
49 26.961248522404613
0 1
0 2
0 6
0 7
0 9
0 10
0 15
0 21
0 22
0 23
0 25
0 26
0 27
0 28
0 30
0 33
0 36
0 37
0 39
0 41
0 44
0 47
0 49
1 2
1 3
1 6
1 12
1 13
1 15
1 17
1 21
1 22
1 23
1 24
1 25
1 27
1 29
1 30
1 36
1 41
1 43
2 3
2 4
2 6
2 12
2 18
2 20
2 22
2 24
2 25
2 26
2 31
2 32
2 34
2 38
3 4
3 5
3 6
3 8
3 15
3 17
3 18
3 20
3 26
3 30
3 31
3 33
3 36
3 38
3 40
3 41
3 45
3 46
3 49
4 5
4 7
4 10
4 14
4 15
4 17
4 18
4 24
4 25
4 27
4 29
4 30
4 32
4 36
4 38
4 40
4 41
4 46
4 49
5 6
5 7
5 8
5 9
5 10
5 11
5 12
5 18
5 21
5 26
5 33
5 34
5 36
5 37
5 39
5 42
5 44
5 45
5 46
5 48
6 7
6 10
6 14
6 17
6 18
6 19
6 21
6 23
6 28
6 29
6 30
6 32
6 36
6 40
6 42
6 43
6 44
6 45
6 46
6 49
7 8
7 11
7 15
7 16
7 18
7 19
7 20
7 21
7 23
7 28
7 29
7 31
7 32
7 33
7 35
7 39
7 43
7 49
8 9
8 11
8 16
8 18
8 21
8 22
8 23
8 24
8 25
8 31
8 34
8 35
8 36
8 39
8 41
8 45
8 47
9 10
9 11
9 13
9 15
9 20
9 24
9 32
9 36
9 39
9 41
9 49
10 11
10 14
10 21
10 26
10 28
10 29
10 31
10 39
10 41
10 45
11 12
11 13
11 14
11 15
11 17
11 20
11 22
11 23
11 26
11 27
11 28
11 29
11 32
11 34
11 38
11 41
11 43
11 48
12 13
12 20
12 22
12 23
12 31
12 34
12 39
12 40
12 42
12 44
12 45
12 47
12 48
13 14
13 15
13 16
13 17
13 19
13 22
13 24
13 26
13 29
13 32
13 34
13 38
13 39
13 40
13 42
13 47
13 48
13 49
14 15
14 19
14 24
14 29
14 31
14 33
14 35
14 40
14 43
14 44
14 46
14 48
14 49
15 16
15 19
15 23
15 28
15 29
15 31
15 32
15 34
15 36
15 41
15 42
15 44
16 17
16 18
16 21
16 24
16 28
16 29
16 34
16 35
16 42
16 45
16 48
17 18
17 20
17 21
17 23
17 28
17 31
17 36
17 39
17 43
17 47
18 19
18 20
18 23
18 24
18 30
18 32
18 34
18 38
18 39
18 41
18 42
18 44
18 46
18 47
18 49
19 20
19 21
19 23
19 26
19 31
19 32
19 34
19 39
19 40
19 42
19 44
19 45
19 46
19 48
20 21
20 25
20 26
20 30
20 35
20 36
20 38
20 39
20 42
20 46
20 47
20 48
20 49
21 22
21 23
21 28
21 30
21 31
21 33
21 39
21 41
21 42
21 44
21 48
22 23
22 25
22 33
22 40
22 41
22 43
23 24
23 26
23 29
23 30
23 31
23 33
23 34
23 36
23 42
23 43
23 44
23 45
23 47
23 48
24 25
24 27
24 32
24 36
24 38
24 40
24 41
24 44
24 48
25 26
25 27
25 28
25 33
25 34
25 35
25 38
25 39
25 41
25 42
25 43
25 47
26 27
26 30
26 31
26 38
26 39
26 40
26 42
26 44
26 46
26 48
27 28
27 30
27 31
27 35
27 37
27 38
27 39
27 41
27 43
27 45
27 47
27 48
27 49
28 29
28 30
28 33
28 34
28 36
28 37
28 41
28 45
28 47
29 30
29 31
29 32
29 33
29 35
29 38
29 41
30 31
30 34
30 37
30 41
30 42
30 44
30 45
30 46
30 49
31 32
31 33
31 34
31 38
31 40
31 41
31 42
31 43
31 46
31 48
32 33
32 38
32 39
32 40
32 43
32 44
32 47
32 49
33 34
33 35
33 39
33 44
33 45
33 46
33 48
33 49
34 35
34 40
34 43
34 47
35 36
35 38
35 42
36 37
36 39
36 40
36 46
36 49
37 38
37 39
37 43
37 47
37 48
38 39
38 44
38 45
39 40
39 43
39 45
39 47
40 41
40 42
40 45
40 46
40 48
40 49
41 42
41 48
42 43
42 47
42 48
43 44
43 47
43 48
44 45
44 47
45 46
45 48
45 49
46 47
46 48
47 48
47 49
48 49
