0 56.17788582577562
1 33.47695593578957
2 100.76916589731975
3 41.00686764816973
4 97.02573413004818
5 71.98632724180794
6 58.876597289969844
7 55.373942552082774
8 30.844987675506967
9 49.50214250328071
10 85.10974903512067
11 33.09024550819713
12 29.73608018022134
13 72.04995748728615
14 88.08434123453696
15 35.122354690355166
16 48.54162894071426
17 29.15500409047663
18 39.56239452991902
19 42.28121765563522
20 98.27370300712163
21 46.279581115152425
22 38.88334783566865
23 32.91215646924738
24 108.67236824736759
25 72.06815309051588
26 39.867814156310736
27 50.142574129604725
28 62.14950309283872
29 107.38558556334651
30 56.481186078021324
31 64.1592456518384
32 81.46959104601078
33 43.3879218311859
34 40.20450207584861
35 34.30333106092769
36 31.741842986172657
37 39.24398191743095
38 26.84510037161593
39 28.212769519721952
40 53.64560181419966
41 36.62998125254097
42 83.4297647435507
43 60.80806428818495
44 79.28373817715723
45 77.74824654282536
46 46.85822000065047
47 74.60887516596043
48 94.65630128050113
49 66.37506590705587
0 1
0 10
0 15
0 18
0 19
0 28
0 32
0 36
0 38
0 41
1 2
1 14
1 15
1 17
1 18
1 19
1 21
1 22
1 23
1 24
1 33
1 34
1 37
1 44
1 48
2 3
2 9
2 14
2 15
2 18
2 19
2 26
2 27
2 30
2 32
2 34
2 36
2 45
2 46
2 47
2 48
3 4
3 8
3 13
3 18
3 20
3 21
3 24
3 25
3 30
3 35
3 37
3 38
3 39
3 49
4 5
4 10
4 13
4 15
4 20
4 21
4 26
4 30
4 38
4 39
4 40
4 41
4 43
5 6
5 10
5 12
5 14
5 16
5 18
5 21
5 26
5 33
5 38
5 40
5 41
5 43
5 44
5 45
5 48
6 7
6 13
6 16
6 20
6 28
6 41
6 43
6 49
7 8
7 9
7 10
7 12
7 13
7 15
7 16
7 18
7 19
7 21
7 24
7 30
7 31
7 33
7 35
7 36
7 39
7 41
7 48
8 9
8 11
8 14
8 17
8 20
8 22
8 27
8 30
8 33
8 39
8 45
9 10
9 12
9 16
9 17
9 18
9 19
9 20
9 23
9 26
9 27
9 30
9 33
9 34
9 38
9 39
9 40
9 44
9 48
10 11
10 12
10 17
10 18
10 24
10 30
10 32
10 35
10 36
10 42
10 43
10 46
10 48
10 49
11 12
11 13
11 18
11 24
11 26
11 27
11 37
11 38
11 43
11 44
11 45
12 13
12 23
12 27
12 29
12 32
12 34
12 37
12 41
12 47
13 14
13 19
13 23
13 24
13 25
13 36
13 40
13 44
13 47
13 48
14 15
14 16
14 17
14 19
14 21
14 22
14 24
14 25
14 27
14 29
14 30
14 33
14 34
14 37
14 39
14 43
14 48
15 16
15 17
15 21
15 22
15 27
15 28
15 29
15 33
15 35
15 37
15 39
15 41
15 42
15 46
16 17
16 20
16 26
16 28
16 29
16 33
16 34
16 42
16 44
16 46
16 48
17 18
17 20
17 24
17 27
17 28
17 32
17 36
17 37
17 39
17 43
17 44
17 47
18 19
18 20
18 32
18 41
18 43
18 45
18 46
19 20
19 21
19 26
19 27
19 32
19 36
19 38
19 42
19 43
19 47
20 21
20 38
20 40
20 42
20 44
20 45
21 22
21 23
21 24
21 27
21 31
21 32
21 33
21 42
21 43
22 23
22 26
22 29
22 32
22 33
22 39
22 40
22 46
22 47
23 24
23 28
23 31
23 37
23 44
23 45
24 25
24 31
24 33
24 34
24 37
24 42
24 48
24 49
25 26
25 27
25 28
25 30
25 31
25 33
25 35
25 42
25 43
25 45
25 48
25 49
26 27
26 35
26 37
26 42
26 45
27 28
27 30
27 35
27 39
27 44
27 45
27 49
28 29
28 38
28 39
28 40
29 30
29 31
29 35
29 45
29 49
30 31
30 42
30 43
30 44
30 49
31 32
31 33
31 37
31 39
31 43
31 47
31 48
32 33
32 34
32 35
32 36
32 37
32 39
32 41
32 44
33 34
33 36
33 40
33 42
33 46
33 49
34 35
34 39
34 43
34 47
34 49
35 36
35 37
35 45
35 46
35 48
35 49
36 37
36 39
36 42
36 44
36 45
36 46
36 47
37 38
37 39
37 40
37 41
37 45
37 47
37 48
37 49
38 39
38 40
38 43
38 48
39 40
39 41
39 49
40 41
40 46
41 42
41 43
42 43
42 45
42 49
43 44
43 46
43 48
44 45
45 46
46 47
47 48
48 49
