0 41.17692027335942
1 64.34554383615813
2 68.72993100794679
3 82.28633495060652
4 65.03919234831639
5 84.40709065299762
6 87.9968233434597
7 69.32625449723604
8 103.75270556895819
9 31.10839684925168
10 29.99924756608903
11 69.99085880241475
12 90.30519381776405
13 108.2237926293943
14 29.90976041130991
15 106.9999898303802
16 20.274676554687847
17 82.62120347313812
18 63.22487200515609
19 35.74927728933147
20 50.47347252898551
21 39.26498248632554
22 47.07136787236789
23 94.40884457578842
24 30.755730601158085
25 117.07287372417905
26 117.76853111763654
27 75.97873835741751
28 50.510135947196005
29 80.70828746973575
30 75.98230382864617
31 32.899862157403206
32 45.5195233683685
33 70.20546595313454
34 56.53012790828059
35 75.69803641587876
36 103.15433200873393
37 110.26650790998862
38 23.7428264685878
39 81.1427888025218
40 24.276957382981685
41 54.13570700749145
42 115.26255427075074
43 82.53131442699272
44 48.76926860250694
45 83.14791468962008
46 57.253490928058476
47 74.96202214274149
48 28.255633069999575
49 82.36423759264326
0 1
0 2
0 13
0 14
0 25
0 32
0 34
0 35
0 40
0 47
1 2
1 3
1 9
1 10
1 14
1 17
1 18
1 23
1 25
1 30
1 34
1 36
1 39
1 40
1 41
1 42
2 3
2 9
2 14
2 15
2 16
2 19
2 25
2 26
2 28
2 30
2 32
2 37
2 38
2 41
2 42
3 4
3 5
3 9
3 10
3 13
3 14
3 21
3 26
3 27
3 30
3 31
3 34
3 35
3 39
3 42
3 44
3 45
3 46
3 48
4 5
4 7
4 8
4 9
4 11
4 12
4 15
4 16
4 20
4 21
4 23
4 28
4 40
4 43
4 46
4 47
5 6
5 7
5 9
5 10
5 13
5 15
5 19
5 23
5 24
5 25
5 31
5 34
5 36
5 38
5 44
6 7
6 8
6 12
6 16
6 22
6 23
6 24
6 29
6 34
6 37
6 40
6 44
6 45
7 8
7 9
7 11
7 14
7 15
7 17
7 19
7 23
7 29
7 30
7 31
7 36
7 41
7 42
7 44
7 47
7 48
8 9
8 10
8 21
8 25
8 27
8 31
8 32
8 36
8 37
8 39
8 41
8 42
8 43
8 48
8 49
9 10
9 13
9 17
9 19
9 22
9 25
9 28
9 31
9 36
9 43
9 46
9 48
9 49
10 11
10 13
10 15
10 16
10 17
10 18
10 20
10 24
10 25
10 28
10 31
10 35
10 40
10 41
10 46
10 48
11 12
11 15
11 20
11 25
11 33
11 34
11 38
11 40
11 41
12 13
12 14
12 15
12 16
12 17
12 19
12 22
12 23
12 25
12 32
12 39
12 47
12 49
13 14
13 15
13 16
13 18
13 21
13 28
13 32
13 39
13 45
14 15
14 26
14 35
14 40
14 41
14 42
14 46
14 49
15 16
15 20
15 22
15 24
15 25
15 26
15 27
15 29
15 32
15 40
15 43
15 44
15 47
15 49
16 17
16 18
16 21
16 23
16 25
16 28
16 30
16 36
16 38
16 39
16 48
17 18
17 23
17 28
17 32
17 37
17 45
18 19
18 20
18 27
18 38
18 40
18 41
18 45
18 47
19 20
19 21
19 34
19 37
19 39
19 40
19 42
19 44
20 21
20 25
20 29
20 32
20 34
20 40
20 42
20 49
21 22
21 24
21 27
21 30
21 32
21 33
21 37
21 38
21 43
22 23
22 24
22 27
22 30
22 36
22 38
22 40
22 41
22 43
22 44
22 48
23 24
23 25
23 35
23 38
23 40
23 41
23 42
23 46
23 49
24 25
24 38
24 41
24 44
24 46
24 49
25 26
25 31
25 36
25 40
25 41
25 46
25 48
25 49
26 27
26 28
26 37
26 39
27 28
27 34
27 40
27 41
27 43
27 46
27 47
27 49
28 29
28 35
28 36
28 37
28 38
28 40
28 41
28 42
28 45
28 47
28 49
29 30
29 31
29 38
29 42
29 46
30 31
30 32
30 36
30 39
30 40
30 41
30 42
31 32
31 36
31 38
31 40
31 43
31 46
31 47
31 48
31 49
32 33
32 38
32 44
32 45
32 48
33 34
33 36
33 37
33 38
33 40
33 45
33 46
33 47
34 35
34 41
34 42
34 48
35 36
35 41
35 43
35 46
36 37
36 46
37 38
37 44
38 39
38 40
38 41
38 48
38 49
39 40
39 44
39 45
39 47
40 41
40 44
40 45
40 46
40 49
41 42
41 46
41 48
41 49
42 43
42 48
43 44
43 45
44 45
44 48
45 46
45 49
46 47
47 48
48 49
