0 101.23978251965009
1 72.12809130757626
2 119.88653524107642
3 84.25494850832416
4 85.55144612892951
5 102.77262236489851
6 79.82391136300075
7 103.0094079202877
8 26.61541903633205
9 106.29788903099174
10 98.65605460274429
11 56.2917979591459
12 25.960869287132365
13 104.28050267468772
14 117.33025841204716
15 39.518926819889316
16 32.38321700552004
17 49.08662613728036
18 83.1022518036612
19 35.65295005840406
20 39.5538810839497
21 22.572461363044987
22 105.06185175559366
23 59.84458277078621
24 78.93650445701688
25 26.58549842411186
26 58.750824576502396
27 34.782438735040394
28 44.511751348203774
29 43.29697412312052
30 90.8769797339159
31 22.483952413419964
32 34.347901396859356
33 89.5872885832823
34 75.22615593899936
35 98.5172879503065
36 70.71463532259
37 89.02262203707618
38 49.09648223320216
39 118.02248383439898
40 65.222540259034
41 37.40236996752918
42 115.92686503449006
43 89.40407604482708
44 28.381055456208806
45 43.423369697435106
46 34.26438743906946
47 41.19625993318787
48 84.00269958003257
49 84.69841619680615
0 1
0 9
0 16
0 26
1 2
2 3
2 44
3 4
3 40
3 45
4 5
4 14
4 18
4 19
4 45
5 6
5 40
5 43
6 7
7 8
7 25
7 29
7 37
8 9
8 16
8 45
9 10
10 11
10 42
11 12
12 13
12 18
12 26
13 14
13 15
14 15
14 30
14 42
14 44
15 16
15 32
16 17
17 18
17 20
17 36
18 19
18 41
19 20
19 23
20 21
20 32
20 37
20 49
21 22
22 23
22 40
23 24
23 31
23 41
24 25
24 31
25 26
25 32
25 39
26 27
27 28
28 29
28 38
28 41
29 30
29 33
29 43
30 31
30 41
31 32
31 49
32 33
33 34
33 43
33 49
34 35
35 36
35 39
36 37
36 40
37 38
38 39
38 46
39 40
40 41
40 47
41 42
42 43
43 44
44 45
45 46
45 48
46 47
47 48
48 49
