0 93.58875651475401
1 53.64028443544383
2 85.50925714816546
3 105.98693400389615
4 63.00826181774413
5 90.05750956290086
6 63.4178178751283
7 38.21042585994754
8 108.33831491234614
9 30.013822820517326
10 98.2675840077851
11 73.17287301128604
12 89.1402231750797
13 34.53208292402638
14 53.10640868662769
15 78.67842566668396
16 79.9386683129971
17 39.49079476007005
18 114.6767375373842
19 75.47287489581674
20 62.53959718804422
21 51.56188829527715
22 86.34811564904986
23 71.07823054288399
24 113.87128810566254
25 113.38763886915777
26 103.35657100046943
27 41.56666184535713
28 52.3155004202474
29 44.83571552297012
30 96.25733716848943
31 101.75540937483677
32 25.905769693066425
33 60.23774869074265
34 50.46986072795541
35 61.43314855236196
36 74.30511964330069
37 107.70823397459017
38 109.89183001795412
39 25.48214978065209
40 73.135533535019
41 75.95696182865348
42 50.781537378818655
43 59.13954844927231
44 74.01676095547292
45 66.44960001348093
46 108.45559524769763
47 106.14491897073218
48 86.58214506081265
49 34.33743744616079
0 1
0 4
0 7
0 8
0 15
0 17
0 18
0 20
0 27
0 29
0 31
0 33
0 34
0 36
0 38
0 39
0 40
0 42
0 43
0 45
0 47
1 2
1 3
1 4
1 5
1 12
1 17
1 18
1 28
1 30
1 38
1 39
1 40
1 42
1 43
1 45
2 3
2 4
2 7
2 12
2 15
2 19
2 24
2 28
2 33
2 38
2 41
2 43
2 48
3 4
3 8
3 13
3 15
3 16
3 17
3 25
3 38
3 43
3 45
3 47
3 49
4 5
4 8
4 10
4 11
4 24
4 26
4 27
4 29
4 30
4 36
4 39
4 41
4 46
4 48
5 6
5 16
5 18
5 26
5 28
5 29
5 30
5 31
5 33
5 35
5 36
5 39
5 40
5 41
5 42
5 43
5 44
5 45
5 46
5 49
6 7
6 8
6 11
6 16
6 19
6 24
6 26
6 30
6 31
6 33
6 42
6 46
6 48
7 8
7 9
7 11
7 12
7 14
7 15
7 16
7 18
7 19
7 20
7 23
7 27
7 30
7 31
7 32
7 33
7 38
7 46
7 48
7 49
8 9
8 13
8 14
8 16
8 19
8 22
8 34
8 35
8 37
8 38
8 39
8 41
8 47
8 49
9 10
9 15
9 16
9 19
9 23
9 24
9 25
9 26
9 29
9 30
9 32
9 33
9 35
9 36
9 37
9 39
9 42
9 44
9 46
9 47
9 48
10 11
10 13
10 14
10 18
10 21
10 23
10 25
10 27
10 34
10 36
10 40
10 43
10 48
11 12
11 20
11 23
11 24
11 27
11 28
11 29
11 33
11 34
11 42
11 44
11 47
11 49
12 13
12 16
12 17
12 18
12 19
12 20
12 22
12 23
12 31
12 32
12 33
12 34
12 37
12 38
12 39
12 44
13 14
13 15
13 16
13 18
13 19
13 20
13 27
13 28
13 29
13 31
13 36
13 37
13 39
13 41
13 42
14 15
14 17
14 20
14 22
14 23
14 28
14 29
14 31
14 33
14 37
14 38
14 43
14 44
14 47
14 49
15 16
15 19
15 20
15 23
15 26
15 28
15 31
15 32
15 33
15 34
15 38
15 39
15 44
15 46
15 47
16 17
16 19
16 25
16 30
16 35
16 36
16 38
16 39
16 43
16 46
16 47
16 48
17 18
17 24
17 27
17 28
17 30
17 34
17 36
17 41
17 48
17 49
18 19
18 21
18 23
18 24
18 25
18 28
18 29
18 31
18 34
18 35
18 37
18 38
18 49
19 20
19 21
19 22
19 31
19 33
19 34
19 36
19 37
19 38
19 41
19 48
19 49
20 21
20 22
20 24
20 25
20 26
20 32
20 33
20 35
20 37
20 39
20 43
20 45
21 22
21 24
21 27
21 30
21 33
21 36
21 37
21 38
21 41
21 44
22 23
22 25
22 28
22 32
22 33
22 34
22 37
22 39
22 41
22 42
22 44
22 47
23 24
23 26
23 30
23 33
23 35
23 36
23 39
23 43
23 44
23 46
23 47
23 48
23 49
24 25
24 32
24 33
24 37
24 38
24 39
24 43
24 46
24 48
25 26
25 28
25 31
25 32
25 33
25 34
25 35
25 36
25 38
25 39
25 42
25 44
25 48
25 49
26 27
26 28
26 29
26 32
26 34
26 38
26 39
26 40
26 45
26 47
26 48
27 28
27 29
27 31
27 32
27 34
27 36
27 38
27 39
27 40
27 43
27 44
27 45
27 47
27 49
28 29
28 31
28 32
28 33
28 35
28 36
28 38
28 40
28 45
28 47
28 49
29 30
29 36
29 39
29 41
30 31
30 36
30 37
30 39
30 43
30 45
30 47
30 48
31 32
31 37
31 38
31 39
31 42
31 43
31 45
31 47
31 49
32 33
32 35
32 36
32 37
32 38
32 40
32 44
32 45
32 46
33 34
33 36
33 37
33 46
33 48
34 35
34 37
34 40
34 41
34 42
34 43
34 45
34 46
35 36
35 40
35 41
35 43
35 44
35 48
36 37
36 44
36 45
36 46
36 47
37 38
37 40
37 42
37 43
37 44
37 45
37 48
38 39
38 42
38 43
38 45
38 49
39 40
39 41
39 43
39 44
39 45
39 47
39 48
40 41
40 46
40 47
41 42
41 45
41 46
41 48
41 49
42 43
42 45
42 46
42 48
43 44
44 45
44 47
44 49
45 46
45 47
45 48
45 49
46 47
46 49
47 48
48 49
