0 96.99548919069281
1 113.53591180081024
2 108.89472359638805
3 82.74889876470021
4 22.385941981209395
5 82.39041936853678
6 106.71987260311764
7 104.16490975617135
8 65.43388053704689
9 29.114231659241497
10 104.00464813498519
11 110.11585917907698
12 36.54173686777236
13 57.69306226014394
14 53.34975757166879
15 50.01516481208178
16 39.36960430163933
17 95.0066919482788
18 97.20591184137854
19 24.11121785120015
20 114.31862674272212
21 42.785297590933865
22 50.22404983010627
23 115.60886107281858
24 61.00006502028281
25 26.43247580857478
26 31.369164497270646
27 42.74257572041789
28 32.05150556968081
29 83.9797474879408
30 46.411103978051315
31 65.52126730939626
32 26.69682813345803
33 72.12869558309919
34 109.0034174081924
35 29.61834330844946
36 76.606671796122
37 53.1533621410119
38 54.28398358316643
39 80.75981297360931
40 108.90132634392089
41 66.37684142457854
42 42.77874572602906
43 36.9669316648869
44 91.548149695403
45 81.00251647839184
46 74.3626338870338
47 63.13887152767743
48 114.94069896408988
49 73.27168819875851
0 1
0 2
0 3
0 4
0 14
0 15
0 17
0 18
0 20
0 21
0 22
0 23
0 30
0 32
0 35
0 36
0 37
0 39
0 40
0 42
0 44
0 46
0 48
0 49
1 2
1 5
1 6
1 7
1 8
1 9
1 10
1 12
1 13
1 17
1 22
1 23
1 24
1 32
1 33
1 34
1 35
1 38
1 39
1 41
2 3
2 4
2 6
2 8
2 12
2 13
2 15
2 17
2 18
2 24
2 25
2 27
2 35
2 36
2 38
2 41
2 46
3 4
3 6
3 7
3 9
3 11
3 13
3 14
3 15
3 18
3 19
3 20
3 34
3 40
3 42
3 49
4 5
4 6
4 10
4 11
4 12
4 19
4 21
4 23
4 24
4 26
4 27
4 29
4 30
4 33
4 34
4 37
4 39
4 40
4 41
4 44
5 6
5 8
5 11
5 12
5 13
5 14
5 15
5 16
5 17
5 18
5 20
5 24
5 25
5 28
5 29
5 30
5 31
5 36
5 37
5 42
5 47
6 7
6 9
6 10
6 11
6 12
6 15
6 17
6 20
6 22
6 23
6 27
6 28
6 42
6 45
6 48
7 8
7 11
7 12
7 18
7 20
7 24
7 26
7 28
7 33
7 34
7 35
7 37
7 40
7 44
7 45
8 9
8 10
8 12
8 13
8 14
8 16
8 22
8 23
8 28
8 34
8 37
8 38
8 41
8 44
8 45
9 10
9 13
9 19
9 23
9 28
9 29
9 32
9 34
9 35
9 36
9 37
9 40
9 43
9 44
9 47
9 49
10 11
10 12
10 15
10 19
10 21
10 22
10 31
10 32
10 37
10 40
10 41
10 42
10 43
10 45
10 46
10 49
11 12
11 13
11 14
11 15
11 18
11 22
11 32
11 34
11 36
11 39
11 40
11 43
11 44
11 45
11 47
11 48
11 49
12 13
12 15
12 20
12 21
12 23
12 25
12 27
12 33
12 34
12 35
12 41
12 42
12 44
13 14
13 15
13 23
13 24
13 25
13 27
13 31
13 33
13 34
13 37
13 38
13 41
13 42
13 45
14 15
14 16
14 17
14 18
14 24
14 25
14 26
14 29
14 32
14 34
14 35
14 37
14 40
14 41
14 43
14 45
14 46
14 48
14 49
15 16
15 17
15 20
15 21
15 33
15 34
15 37
15 41
15 42
15 43
15 44
15 47
15 48
15 49
16 17
16 22
16 23
16 24
16 25
16 28
16 31
16 32
16 33
16 34
16 39
16 41
16 42
16 46
16 47
17 18
17 19
17 21
17 26
17 30
17 32
17 33
17 38
17 39
17 43
17 45
17 46
17 49
18 19
18 36
18 40
19 20
19 21
19 25
19 30
19 31
19 33
19 38
19 39
19 41
19 42
19 45
19 46
19 49
20 21
20 26
20 27
20 30
20 32
20 34
20 38
20 44
20 46
20 48
21 22
21 27
21 29
21 30
21 36
21 37
21 38
21 44
21 46
22 23
22 24
22 25
22 28
22 32
22 36
22 42
22 43
22 44
22 45
22 46
22 48
22 49
23 24
23 30
23 33
23 34
23 35
23 40
23 44
23 45
24 25
24 26
24 27
24 34
24 35
24 37
24 41
24 42
24 45
24 47
25 26
25 28
25 29
25 30
25 31
25 34
25 35
25 37
25 38
25 48
26 27
26 28
26 32
26 33
26 35
26 36
26 37
26 39
26 40
26 48
27 28
27 32
27 33
27 35
27 37
27 40
27 43
27 46
27 48
28 29
28 30
28 33
28 34
28 35
28 37
28 40
29 30
29 33
29 36
29 40
29 43
29 44
29 46
30 31
30 33
30 34
30 35
30 38
30 40
30 41
30 42
30 44
30 45
30 46
30 48
31 32
31 35
31 36
31 40
31 42
31 45
31 48
32 33
32 35
32 38
32 40
32 41
33 34
33 37
33 38
33 44
33 45
33 46
33 47
33 48
33 49
34 35
34 37
34 38
34 46
34 48
35 36
35 37
35 41
35 43
35 44
35 47
35 48
36 37
36 38
36 39
36 41
36 43
36 48
37 38
37 39
37 40
37 41
37 47
38 39
38 44
38 46
38 47
38 49
39 40
39 41
39 43
39 44
39 46
40 41
40 42
40 44
40 45
41 42
41 48
41 49
42 43
42 45
42 47
42 49
43 44
43 46
43 48
44 45
44 46
44 47
44 49
45 46
45 47
45 48
45 49
46 47
46 48
47 48
48 49
