0 51.60301806599014
1 81.8853064437846
2 110.28495162484715
3 75.22196219088286
4 60.22596520348211
5 39.259502348937076
6 116.64808113181931
7 53.181267048468975
8 21.746715369818475
9 35.981259143010504
10 55.468994454942404
11 102.49093420967498
12 89.6517969064828
13 32.47239004179145
14 98.55589191517235
15 44.7047968944387
16 60.689643309926666
17 117.08481642227972
18 22.350727344434045
19 94.66859853439395
20 109.81257768637867
21 95.24379640836915
22 93.39118288394802
23 85.43902016260806
24 118.15782934825896
25 27.62156215523071
26 119.78685147826002
27 21.031036700257072
28 63.479831254855505
29 100.93813915490404
30 54.18627265602587
31 52.357949976686804
32 119.10615714508518
33 114.30260276627274
34 111.93421547219107
35 35.107411552586434
36 112.27467115123062
37 116.44933158975094
38 24.466155797412853
39 94.80060994651005
40 25.619561372443584
41 34.79031827979024
42 82.45964537993606
43 93.91072456596012
44 86.60914478364984
45 95.8959516999043
46 35.85983878316475
47 68.6706560889591
48 78.89843448140105
49 48.833097101441965
0 1
0 7
0 11
0 20
0 22
0 37
0 40
0 41
0 45
0 49
1 2
1 6
1 10
1 16
1 27
1 28
1 29
1 31
1 38
1 47
2 3
2 12
2 30
2 32
2 36
2 41
2 48
3 4
3 6
3 11
3 14
3 22
3 24
3 28
3 29
3 42
3 47
4 5
4 6
4 11
4 19
4 30
4 44
5 6
5 7
5 8
5 11
5 13
5 14
5 34
5 38
5 39
5 41
5 43
5 49
6 7
6 16
6 32
6 33
6 37
6 39
6 40
6 42
6 45
6 49
7 8
7 9
7 12
7 14
7 15
7 17
7 21
7 25
7 28
7 29
7 31
7 34
7 41
7 44
7 47
7 48
7 49
8 9
8 11
8 18
8 26
8 36
8 37
8 41
8 44
8 48
9 10
9 14
9 18
9 22
9 31
9 34
9 38
9 40
9 43
10 11
10 12
10 13
10 20
10 29
10 35
10 37
10 38
10 44
10 45
11 12
11 14
11 15
11 20
11 22
11 33
11 39
11 43
11 49
12 13
12 27
12 28
12 29
12 35
12 36
12 38
12 42
13 14
13 17
13 24
13 27
13 31
13 33
13 36
13 43
13 46
13 47
14 15
14 24
14 26
14 27
14 34
14 36
14 37
14 39
15 16
15 17
15 26
15 28
15 39
15 40
15 41
15 44
16 17
16 20
16 22
16 24
16 27
16 29
16 33
16 35
16 37
16 42
17 18
17 19
17 21
17 24
17 36
17 44
17 45
18 19
18 23
18 25
18 28
18 29
18 32
18 40
18 41
18 46
19 20
19 23
19 26
19 35
19 43
20 21
20 22
20 25
20 26
20 27
20 31
20 32
20 33
20 34
20 40
20 41
20 42
20 45
21 22
21 26
21 28
21 31
21 32
21 36
21 40
21 41
21 48
22 23
22 28
22 29
22 42
22 44
22 47
22 49
23 24
23 43
23 49
24 25
24 28
24 32
24 37
24 40
24 48
25 26
25 30
25 33
25 37
25 44
25 45
26 27
26 28
26 31
26 45
27 28
27 29
27 33
27 36
27 41
28 29
28 33
28 35
28 41
28 44
28 46
28 48
29 30
29 48
30 31
30 34
30 44
31 32
31 34
31 35
31 40
31 41
31 43
31 44
31 45
32 33
32 35
32 43
32 46
32 48
33 34
33 35
33 43
33 46
34 35
34 40
34 41
35 36
35 39
35 41
35 47
36 37
36 40
37 38
38 39
38 40
38 43
38 44
39 40
39 43
39 46
39 47
40 41
40 43
40 45
40 49
41 42
42 43
42 45
43 44
43 46
44 45
44 47
45 46
46 47
46 49
47 48
48 49
