0 96.71057547824712
1 106.69110272445177
2 86.24994198613197
3 95.69515931006433
4 100.23684130316093
5 118.52707167013271
6 51.069603232659034
7 86.13108538028116
8 21.66407512298218
9 41.98021285918949
10 30.32308564675965
11 33.548377237959926
12 109.28415524409318
13 95.67320443204255
14 106.19612026843089
15 48.83089664021644
16 110.70172589635119
17 64.21896062804976
18 58.26703620372292
19 100.96387635251482
20 31.43475151403078
21 37.43082841272415
22 77.38498303377278
23 71.26488809232083
24 79.2237733172932
25 63.25430226665537
26 47.50938617167973
27 24.25539889715104
28 55.45430331126455
29 57.196837921719776
30 94.85446246952253
31 46.59194693154706
32 25.506931046693715
33 54.09858733647664
34 75.65539429254531
35 112.60493847558602
36 98.38485671070083
37 84.27836741865353
38 23.970255753613895
39 45.24692294192111
40 72.62876292320507
41 105.4056248457974
42 109.154623236657
43 54.63114639494099
44 60.31405693331401
45 23.89043171482253
46 58.993295299311484
47 52.845073143294044
48 83.83567096932697
49 95.15009466262693
0 1
0 5
0 6
0 12
0 13
0 14
0 16
0 18
0 22
0 26
0 32
0 34
0 38
0 39
0 43
0 44
0 48
1 2
1 3
1 10
1 12
1 14
1 19
1 22
1 23
1 25
1 26
1 29
1 31
1 32
1 33
1 39
1 40
1 42
1 45
1 46
2 3
2 5
2 6
2 8
2 11
2 12
2 14
2 19
2 23
2 24
2 27
2 34
2 37
2 39
2 44
2 45
2 48
3 4
3 5
3 10
3 13
3 18
3 21
3 25
3 28
3 32
3 33
3 40
3 45
3 47
3 48
3 49
4 5
4 7
4 8
4 9
4 17
4 21
4 23
4 24
4 32
4 33
4 37
4 39
4 45
4 46
5 6
5 9
5 15
5 16
5 19
5 21
5 30
5 40
5 45
5 47
6 7
6 8
6 17
6 30
6 31
6 33
6 35
6 38
6 39
6 41
7 8
7 15
7 19
7 22
7 24
7 28
7 29
7 39
7 43
7 48
8 9
8 14
8 15
8 17
8 20
8 23
8 28
8 32
8 33
8 41
8 43
8 45
8 46
9 10
9 11
9 16
9 19
9 20
9 21
9 22
9 24
9 25
9 27
9 28
9 30
9 34
9 35
9 37
9 38
9 39
9 41
9 42
9 44
9 49
10 11
10 13
10 14
10 17
10 20
10 21
10 22
10 25
10 26
10 37
10 40
10 41
10 49
11 12
11 16
11 19
11 20
11 21
11 23
11 24
11 25
11 32
11 37
11 40
11 45
11 49
12 13
12 18
12 22
12 25
12 31
12 34
12 38
12 39
12 44
13 14
13 21
13 24
13 28
13 38
13 42
13 43
13 47
14 15
14 16
14 18
14 23
14 25
14 28
14 33
14 36
14 41
14 44
14 45
15 16
15 17
15 18
15 20
15 24
15 25
15 26
15 27
15 28
15 29
15 35
15 40
15 43
15 44
15 46
15 47
16 17
16 21
16 28
16 34
16 35
16 37
16 49
17 18
17 19
17 22
17 26
17 28
17 30
17 36
17 40
17 41
17 42
17 46
18 19
18 23
18 26
18 27
18 28
18 31
18 36
18 37
18 48
19 20
19 21
19 24
19 35
19 39
19 43
19 45
19 47
19 48
20 21
20 23
20 24
20 26
20 27
20 34
20 36
20 39
20 41
20 43
21 22
21 24
21 29
21 30
21 32
21 48
22 23
22 24
22 34
22 35
22 43
23 24
23 25
23 26
23 30
23 34
23 38
23 40
23 47
24 25
24 28
24 29
24 37
24 39
24 40
24 41
24 42
25 26
25 27
25 29
25 30
25 33
25 35
25 42
25 43
25 47
25 48
26 27
26 31
26 37
26 43
26 45
26 46
26 47
27 28
27 33
27 40
27 41
27 42
27 46
27 47
27 49
28 29
28 35
28 37
28 43
28 45
28 46
28 47
28 48
28 49
29 30
29 31
29 32
29 34
29 35
29 38
29 40
29 47
29 48
30 31
30 34
30 35
30 39
30 40
30 49
31 32
31 33
31 34
32 33
32 35
32 37
32 39
32 46
32 49
33 34
33 43
33 46
33 49
34 35
34 42
34 43
34 45
34 47
35 36
35 38
35 40
36 37
36 49
37 38
37 39
37 42
37 46
37 47
37 48
38 39
38 41
38 45
38 48
39 40
39 44
39 46
39 47
40 41
40 43
40 44
40 45
40 46
40 48
41 42
41 47
42 43
42 45
42 46
42 48
42 49
43 44
43 46
43 47
44 45
44 49
45 46
45 49
46 47
46 49
47 48
47 49
48 49
