0 24.505663231193722
1 72.74938460237271
2 64.2165373320353
3 88.8851166058037
4 66.68243610291839
5 27.897558803094018
6 88.67246285279035
7 107.07000610055402
8 115.59789294610023
9 100.89448549071116
10 98.76776410879435
11 30.937344083308563
12 36.81476529626749
13 78.89137843368971
14 33.66254742683037
15 41.96490205650787
16 118.78741472732604
17 112.0662388445398
18 66.66894084769672
19 52.97629552077597
20 88.82364750783594
21 20.615907510844814
22 57.832906023153335
23 107.42512816759034
24 24.034119831657613
25 43.65724166166324
26 94.32742746206712
27 95.99259379780385
28 102.70693065766491
29 21.30024143748535
30 34.06540017400005
31 53.685207059600366
32 88.51772652205224
33 83.28483029039455
34 41.47570441282054
35 71.81072261504548
36 65.08319888507003
37 102.82692585897652
38 106.04608760223937
39 83.52667432899955
40 41.58859875979099
41 62.69835280437775
42 64.02166697714308
43 59.09742732603443
44 31.567517089703294
45 72.0690169574182
46 101.55800129981343
47 77.56199107492586
48 66.38480627418355
49 67.26870161121522
0 1
0 7
0 12
0 21
0 33
0 48
1 2
1 17
1 48
2 3
2 10
2 17
2 22
2 36
3 4
3 38
4 5
4 11
4 15
4 29
4 40
5 6
5 9
5 16
5 33
6 7
6 14
7 8
7 14
7 44
8 9
8 44
9 10
9 18
10 11
10 14
11 12
12 13
13 14
13 15
14 15
14 18
15 16
16 17
16 22
16 24
17 18
17 23
17 26
18 19
18 31
19 20
19 44
19 45
20 21
21 22
21 24
21 45
22 23
22 35
22 39
23 24
24 25
24 27
25 26
25 30
26 27
26 29
27 28
27 34
28 29
28 30
29 30
30 31
30 32
30 49
31 32
31 36
32 33
32 39
32 45
33 34
34 35
35 36
36 37
36 38
37 38
37 41
37 43
38 39
39 40
40 41
41 42
42 43
43 44
44 45
45 46
46 47
47 48
48 49
