0 36.24734905497222
1 22.58177548485784
2 110.29638966117486
3 68.57304826515673
4 56.02270334686414
5 37.486142938262695
6 50.9290339774364
7 98.07142392837488
8 115.58106049345152
9 92.38759121453839
10 42.26171410709122
11 59.51914944772207
12 97.94653353565006
13 34.22199597463856
14 95.05748335193213
15 34.56553908514717
16 72.37883674285175
17 40.86346733532323
18 44.54085374529572
19 67.10831347665953
20 108.56764023903115
21 117.87654433088962
22 113.68012044015111
23 79.44205303427685
24 30.94087820996004
25 98.88097294461234
26 104.08514212527744
27 83.58567559441124
28 25.223816346639474
29 94.2098758203263
30 88.81561233030907
31 84.08116396455331
32 115.73336936654181
33 49.046048115146704
34 64.30503042119126
35 24.121972714729615
36 116.3648612648468
37 91.8499067997896
38 29.640721733570157
39 35.561094312182576
40 20.82598590059456
41 76.64666450329382
42 100.60042473760082
43 115.16508881234653
44 38.39547846287918
45 48.61908858478542
46 33.131117650345274
47 64.42184983538382
48 100.33159613234902
49 91.45620194215032
0 1
0 3
0 4
0 5
0 6
0 7
0 13
0 15
0 18
0 19
0 22
0 24
0 25
0 30
0 31
0 32
0 37
0 38
0 41
0 47
0 48
1 2
1 6
1 13
1 15
1 21
1 22
1 24
1 25
1 28
1 29
1 30
1 32
1 36
1 40
1 41
1 45
2 3
2 4
2 6
2 10
2 11
2 13
2 18
2 24
2 29
2 31
2 34
2 42
2 44
2 48
2 49
3 4
3 12
3 13
3 18
3 19
3 20
3 21
3 23
3 24
3 25
3 27
3 30
3 33
3 42
3 46
4 5
4 7
4 8
4 11
4 12
4 14
4 17
4 19
4 20
4 24
4 26
4 27
4 28
4 30
4 33
4 35
4 37
4 38
4 40
4 41
4 42
4 48
5 6
5 10
5 12
5 14
5 15
5 18
5 20
5 26
5 27
5 29
5 34
5 35
5 41
5 42
5 49
6 7
6 8
6 9
6 10
6 14
6 20
6 21
6 23
6 27
6 35
6 37
6 38
6 40
7 8
7 13
7 16
7 22
7 24
7 26
7 31
7 33
7 35
7 40
7 41
7 43
7 44
7 48
8 9
8 11
8 12
8 13
8 18
8 21
8 25
8 29
8 33
8 36
8 37
8 39
9 10
9 13
9 14
9 15
9 18
9 22
9 24
9 26
9 28
9 29
9 37
9 45
9 46
10 11
10 13
10 14
10 19
10 20
10 28
10 30
10 33
10 35
10 36
10 38
10 42
10 43
10 46
10 47
11 12
11 21
11 27
11 33
11 38
11 40
12 13
12 14
12 17
12 18
12 19
12 31
12 33
12 37
12 41
12 44
12 46
13 14
13 19
13 24
13 28
13 29
13 30
13 37
13 40
13 43
13 46
13 47
13 49
14 15
14 19
14 22
14 32
14 35
14 41
14 44
14 46
14 49
15 16
15 18
15 25
15 27
15 28
15 35
15 36
15 38
15 39
15 41
15 46
15 48
15 49
16 17
16 21
16 27
16 28
16 34
16 37
16 39
16 40
16 44
16 47
16 48
17 18
17 26
17 31
17 32
17 37
17 38
17 40
17 42
17 43
17 44
17 47
18 19
18 21
18 29
18 37
18 42
18 48
19 20
19 26
19 27
19 34
19 37
19 43
19 44
19 46
19 47
19 48
20 21
20 23
20 27
20 35
20 44
20 47
20 49
21 22
21 24
21 41
21 45
22 23
22 28
22 36
22 37
22 39
23 24
23 25
23 32
23 35
23 37
23 38
23 41
23 44
23 46
23 47
23 48
24 25
24 26
24 29
24 31
24 35
24 41
24 43
24 47
25 26
25 29
25 30
25 32
25 35
25 38
25 39
25 48
26 27
26 29
26 31
26 32
26 37
26 39
26 43
26 46
26 49
27 28
27 29
27 30
27 40
28 29
28 31
28 34
28 37
28 40
28 42
28 44
28 47
29 30
29 32
29 34
29 36
29 44
29 45
30 31
30 35
30 36
30 37
30 38
30 43
30 46
31 32
31 34
31 37
31 41
31 44
31 46
32 33
32 34
32 35
32 36
32 39
33 34
33 35
33 37
33 42
33 46
33 48
34 35
34 37
34 39
34 40
34 41
34 46
35 36
35 38
35 39
35 41
35 45
35 46
35 48
36 37
36 43
36 49
37 38
37 39
37 45
37 46
37 47
38 39
38 40
38 43
38 48
39 40
39 49
40 41
40 43
40 48
41 42
41 44
41 45
42 43
42 45
42 47
43 44
43 45
44 45
44 48
45 46
45 47
45 48
46 47
47 48
48 49
