0 43.60122405581699
1 96.12701377451219
2 92.22897086104581
3 46.237836012868144
4 40.22351759062158
5 42.46063836885824
6 102.34419176539318
7 53.325569629219366
8 58.29981401653913
9 114.54568982214073
10 87.43386206686107
11 34.3170600198238
12 73.72333895201268
13 44.0507621275177
14 21.265522775225346
15 108.5843143428405
16 66.7221861017466
17 87.55398532802688
18 69.93020690432846
19 119.44692519854601
20 30.60521781350391
21 103.08422239564294
22 92.85942387260988
23 113.16690875176984
24 111.78551202664273
25 81.36281366614983
26 20.84875392267597
27 40.60220960172096
28 35.06391261536514
29 95.22551883501173
30 84.2600800723277
31 84.8909876276268
32 101.0653939538475
33 36.270645069550696
34 99.04709080756709
35 88.16786385003533
36 103.75607851041589
37 66.47081188280379
38 30.84636865495738
39 23.067093563285617
40 105.12893335034147
41 24.302161056669483
42 48.099030637958464
43 30.64655347553721
44 21.431314773647784
45 89.8862921434339
46 44.015549642865395
47 25.370429145263074
48 20.717665698330595
49 31.706510773660128
0 1
0 7
0 9
0 12
0 14
0 15
0 16
0 29
0 31
0 36
0 38
0 40
1 2
1 3
1 21
1 32
1 43
1 49
2 3
2 6
2 7
2 8
2 14
2 17
2 19
2 24
2 25
2 32
2 36
2 37
2 39
2 41
2 42
2 43
2 44
2 47
3 4
3 6
3 12
3 23
3 29
3 32
4 5
4 7
4 15
4 20
4 23
4 29
4 39
4 41
4 43
4 48
4 49
5 6
5 9
5 10
5 20
5 22
5 31
5 33
5 38
6 7
6 9
6 11
6 18
6 26
6 27
6 32
6 35
7 8
7 9
7 10
7 16
7 20
7 22
7 24
7 25
7 27
7 48
8 9
8 10
8 14
8 21
8 22
8 25
8 29
8 30
8 31
8 32
8 36
8 37
8 46
8 47
9 10
9 12
9 14
9 15
9 21
9 28
9 30
9 36
9 37
9 45
10 11
10 14
10 17
10 22
10 32
10 43
10 48
10 49
11 12
11 18
11 20
11 31
11 33
11 43
11 44
11 45
11 46
12 13
12 15
12 16
12 31
12 34
12 38
12 46
13 14
13 16
13 19
13 23
13 26
13 28
13 36
13 44
13 46
13 47
14 15
14 24
14 30
14 39
14 44
14 46
14 48
15 16
15 18
15 20
15 21
15 22
15 23
15 24
15 26
15 38
15 40
15 45
16 17
16 20
16 21
16 27
16 28
16 38
17 18
17 19
17 21
17 24
17 27
17 28
17 42
17 45
17 46
18 19
18 24
18 27
18 28
18 30
18 34
18 42
18 45
18 49
19 20
19 22
19 23
19 32
19 35
19 37
19 39
19 43
19 44
19 49
20 21
20 24
20 26
20 30
20 31
20 34
20 48
21 22
21 25
21 29
21 34
21 35
21 36
21 40
21 43
22 23
22 25
22 28
22 31
22 34
22 45
23 24
23 36
23 42
23 47
24 25
24 30
24 37
24 41
24 49
25 26
25 29
25 41
25 42
25 47
25 48
26 27
26 42
26 45
27 28
27 34
28 29
28 32
28 36
28 37
28 44
29 30
29 35
29 40
30 31
30 44
31 32
31 34
31 35
31 36
31 38
31 46
32 33
32 37
32 38
32 45
32 48
32 49
33 34
33 37
33 42
33 46
33 48
34 35
34 36
34 45
34 48
34 49
35 36
35 38
35 41
35 42
36 37
36 38
37 38
37 41
37 43
37 44
38 39
38 41
38 42
38 49
39 40
39 43
39 45
40 41
40 48
41 42
41 43
41 44
41 45
42 43
42 44
42 48
43 44
43 48
44 45
44 46
44 47
45 46
45 47
45 48
45 49
46 47
47 48
48 49
