0 53.69499794397899
1 47.739640006608134
2 30.229080744261488
3 54.46433893921063
4 52.94497486488195
5 111.60093354028098
6 49.160679648103894
7 100.92218872464007
8 108.10450543912584
9 116.7139623074811
10 119.83471411623054
11 21.55602132709751
12 102.05077554490515
13 42.66610111494924
14 112.24844054512273
15 68.88694509571062
16 107.85675562104913
17 28.895196138694473
18 46.9332333592758
19 116.3156820611926
20 26.156427704671728
21 21.764079915952564
22 67.27811492724942
23 69.10627049970188
24 75.47793337139152
25 81.1680992718139
26 67.3618315169
27 105.57083162068912
28 68.3846321917707
29 65.18460042607958
30 101.54158393365375
31 99.82562442310817
32 75.11166671421559
33 90.27713775460187
34 47.45678650978992
35 95.55503420220086
36 23.358323040740284
37 46.69617879770365
38 67.64132573158179
39 71.41156446743392
40 107.99413060796589
41 33.97190601803627
42 116.59793905185883
43 62.9962546452613
44 87.65927423255505
45 69.77367098522915
46 69.97352043694328
47 83.80544742539534
48 26.587586725048855
49 116.91451260725832
0 1
0 4
0 5
0 6
0 11
0 19
0 23
0 26
0 27
0 28
0 29
0 31
0 33
0 35
0 36
0 40
0 41
0 46
0 47
1 2
1 3
1 4
1 7
1 9
1 10
1 12
1 13
1 14
1 16
1 17
1 19
1 21
1 22
1 25
1 28
1 30
1 31
1 32
1 34
1 36
1 40
1 41
1 45
2 3
2 5
2 9
2 14
2 17
2 22
2 24
2 27
2 28
2 29
2 31
2 32
2 33
2 36
2 38
2 39
2 40
2 42
2 45
2 46
2 47
3 4
3 6
3 13
3 28
3 32
3 37
3 41
3 44
3 48
3 49
4 5
4 9
4 10
4 14
4 15
4 31
4 33
4 42
4 45
4 47
5 6
5 7
5 8
5 10
5 14
5 15
5 18
5 23
5 25
5 26
5 29
5 30
5 33
5 34
5 39
5 44
5 45
5 47
6 7
6 10
6 11
6 14
6 15
6 20
6 27
6 30
6 31
6 32
6 33
6 36
6 39
6 40
6 42
6 44
7 8
7 11
7 15
7 17
7 22
7 24
7 26
7 27
7 29
7 31
7 32
7 35
7 36
7 37
7 39
7 40
7 42
7 43
7 44
7 49
8 9
8 13
8 14
8 15
8 17
8 18
8 20
8 22
8 24
8 26
8 27
8 28
8 30
8 31
8 32
8 36
8 39
8 41
8 42
8 47
9 10
9 13
9 14
9 16
9 19
9 21
9 25
9 26
9 27
9 28
9 30
9 31
9 38
9 40
9 41
9 45
9 47
9 48
10 11
10 12
10 13
10 14
10 16
10 17
10 19
10 21
10 23
10 28
10 31
10 32
10 36
10 39
10 44
11 12
11 13
11 18
11 21
11 23
11 25
11 26
11 34
11 35
11 38
11 39
11 40
11 43
11 45
11 46
11 48
11 49
12 13
12 15
12 18
12 19
12 21
12 22
12 23
12 24
12 25
12 27
12 29
12 32
12 36
12 37
12 38
12 39
12 40
12 43
12 45
12 49
13 14
13 17
13 22
13 23
13 25
13 34
13 35
13 37
13 41
13 44
13 45
13 48
14 15
14 16
14 19
14 21
14 23
14 28
14 29
14 30
14 33
14 37
14 40
14 43
14 44
14 45
14 47
14 49
15 16
15 20
15 25
15 26
15 27
15 32
15 33
15 34
15 35
15 36
15 44
15 45
16 17
16 18
16 21
16 22
16 33
16 44
16 46
16 47
16 48
17 18
17 21
17 22
17 28
17 30
17 33
17 36
17 38
17 42
17 43
17 46
17 47
17 49
18 19
18 23
18 33
18 35
18 37
19 20
19 22
19 29
19 31
19 33
19 37
19 42
19 48
20 21
20 22
20 24
20 28
20 29
20 34
20 35
20 37
20 38
20 40
20 41
20 44
20 47
20 48
20 49
21 22
21 27
21 30
21 34
21 35
21 37
21 40
21 41
21 46
22 23
22 24
22 25
22 27
22 28
22 33
22 35
22 36
22 42
22 44
22 45
22 47
23 24
23 25
23 26
23 29
23 30
23 32
23 37
23 38
23 39
23 42
24 25
24 26
24 30
24 31
24 32
24 36
24 40
24 42
24 47
24 48
24 49
25 26
25 27
25 28
25 30
25 31
25 32
25 36
25 37
25 38
25 41
25 43
25 48
26 27
26 28
26 32
26 36
26 38
26 43
26 47
27 28
27 29
27 30
27 31
27 35
27 39
27 42
27 43
27 44
28 29
28 31
28 32
28 35
28 36
28 38
28 41
28 43
28 44
28 45
28 47
28 49
29 30
29 32
29 34
29 38
29 39
29 42
29 43
29 47
29 48
29 49
30 31
30 36
30 40
30 43
30 44
30 45
30 47
30 48
31 32
31 34
31 36
31 37
31 38
31 39
31 40
31 41
31 42
31 43
31 46
31 48
32 33
32 39
32 40
32 46
33 34
33 37
33 39
33 40
33 41
33 43
33 47
33 48
34 35
34 36
34 38
34 40
34 42
34 45
34 46
35 36
35 39
35 40
35 41
35 43
35 44
35 46
35 48
35 49
36 37
36 38
36 39
36 47
37 38
37 42
37 43
37 44
37 46
37 47
38 39
38 40
38 44
38 45
38 46
38 48
39 40
39 41
39 42
40 41
40 49
41 42
41 48
41 49
42 43
42 44
42 46
42 47
42 48
43 44
44 45
44 46
44 47
44 48
45 46
45 48
45 49
46 47
46 48
46 49
47 48
48 49
