0 50.36047322628838
1 35.7356227419021
2 89.23568988366199
3 91.94762165682403
4 21.152344801012195
5 47.87108189763839
6 85.24361784069822
7 57.702292725874244
8 100.31714425049998
9 38.96049923090048
10 78.69876309038406
11 51.025532403830745
12 49.89209247734538
13 42.2572085042699
14 39.0708309027611
15 85.6945248194675
16 45.0792634087009
17 113.46059491390936
18 53.5896889080942
19 103.79540480693696
20 37.8261917326891
21 41.73181056156337
22 102.84726850550297
23 23.511925427950835
24 32.383161832566316
25 78.66534258610861
26 88.80737719253145
27 54.05365819035574
28 87.7084613626567
29 117.00663189057947
30 36.00288631596635
31 54.87521655009685
32 55.44041964373923
33 54.90979727448939
34 57.10981850483024
35 59.404385291603795
36 34.127801108670646
37 88.65842792447424
38 72.62311051984338
39 79.68848240403942
40 70.50769401090903
41 87.02634576716876
42 101.01892026247974
43 57.68462411577934
44 66.84278810759628
45 113.83409489797158
46 90.57351964961731
47 31.361050705868475
48 59.67748312465857
49 81.76088188304908
0 1
0 9
0 23
0 27
0 31
1 2
1 3
1 9
1 18
1 22
1 26
1 28
1 35
1 37
1 38
1 46
2 3
2 7
2 13
2 17
2 22
2 30
2 33
2 37
2 38
2 42
2 47
2 48
3 4
3 14
3 24
3 27
3 30
3 45
4 5
4 12
4 13
4 22
4 38
4 49
5 6
5 13
5 15
5 23
5 24
5 26
5 45
5 48
6 7
6 8
6 24
6 30
6 31
6 44
7 8
7 34
7 37
7 40
8 9
8 23
8 39
8 40
8 49
9 10
9 14
9 21
9 22
9 24
9 33
9 46
10 11
10 22
10 24
10 27
10 28
10 40
10 44
11 12
11 14
11 28
11 30
11 48
12 13
12 19
12 45
12 46
13 14
13 19
13 24
13 33
13 34
13 35
13 39
13 41
13 48
14 15
14 27
14 46
15 16
15 20
15 39
15 40
15 46
16 17
16 24
16 30
16 38
16 46
17 18
17 25
17 37
17 43
17 48
18 19
18 21
18 24
18 25
18 31
18 39
18 46
19 20
19 25
19 41
20 21
20 23
20 37
20 40
20 45
21 22
21 42
21 43
21 48
22 23
22 24
22 33
22 40
22 41
22 42
23 24
23 31
23 33
23 34
23 47
24 25
24 39
24 40
24 49
25 26
25 46
26 27
26 36
26 44
26 47
27 28
27 37
27 41
28 29
28 31
28 40
29 30
29 44
29 45
29 47
30 31
30 42
31 32
31 35
31 39
31 42
32 33
32 47
32 48
33 34
33 43
33 49
34 35
34 40
35 36
35 41
35 48
36 37
36 40
36 47
37 38
38 39
38 41
39 40
40 41
40 44
41 42
42 43
42 49
43 44
43 46
44 45
44 48
45 46
46 47
47 48
48 49
