0 107.96252248535355
1 96.31278878157879
2 62.91444930243801
3 97.42930562473073
4 21.275559409955275
5 109.33831822503453
6 110.80960646489903
7 43.682730951807905
8 71.18155476663611
9 86.87247791716959
10 84.60978811426969
11 57.58450222549472
12 93.56714280481276
13 108.67460366081022
14 110.5363680288994
15 63.610665325208295
16 111.55098355618102
17 100.28792333945816
18 37.29622589083893
19 91.91660218916849
20 76.44246619807953
21 56.77161432797094
22 100.7324297621215
23 41.217061862201135
24 61.80416203642135
25 87.88144938159625
26 49.026510527571936
27 111.54164431238635
28 75.5380601528939
29 96.61618815644485
30 87.56174803925782
31 33.675390312783804
32 37.825761409451744
33 58.61320633932048
34 87.02966948444211
35 41.72310383398619
36 83.78801867468283
37 78.56829633832223
38 60.95955823419095
39 57.98989538942365
40 88.88913189887214
41 61.670987007226856
42 59.57343198279111
43 85.24936890244503
44 82.39683436518496
45 52.98808812425549
46 45.716609773963896
47 30.474760222834156
48 109.6185439013542
49 65.79465756417923
0 1
0 2
0 3
0 4
0 6
0 15
0 27
0 31
0 33
0 43
0 48
1 2
1 13
1 14
1 17
1 24
1 25
1 26
1 27
1 31
1 36
1 43
1 44
1 49
2 3
2 5
2 8
2 11
2 17
2 24
2 25
2 27
2 28
2 34
2 41
2 47
2 49
3 4
3 5
3 6
3 7
3 8
3 9
3 16
3 21
3 23
3 24
3 30
3 31
3 32
3 36
3 43
3 45
3 47
3 48
3 49
4 5
4 6
4 8
4 10
4 12
4 19
4 20
4 24
4 28
4 30
4 36
4 37
4 38
4 44
4 48
4 49
5 6
5 9
5 10
5 12
5 15
5 23
5 25
5 36
5 37
5 39
5 43
5 47
5 49
6 7
6 9
6 10
6 11
6 12
6 24
6 28
6 34
6 39
6 41
6 44
6 45
6 46
7 8
7 9
7 22
7 23
7 25
7 30
7 32
7 40
7 47
7 48
8 9
8 13
8 15
8 18
8 19
8 20
8 29
8 30
8 32
8 37
8 39
8 43
9 10
9 19
9 24
9 28
9 31
9 33
9 34
9 35
9 36
9 41
9 44
9 45
9 47
9 48
9 49
10 11
10 13
10 16
10 18
10 20
10 22
10 24
10 25
10 31
10 34
10 36
10 38
10 40
10 46
10 47
11 12
11 16
11 19
11 20
11 22
11 32
11 33
11 34
11 35
11 38
11 43
11 48
12 13
12 17
12 18
12 25
12 26
12 29
12 32
12 33
12 36
12 45
13 14
13 16
13 24
13 26
13 28
13 40
13 45
13 47
13 48
14 15
14 19
14 24
14 28
14 39
14 41
14 44
14 45
14 46
14 48
15 16
15 17
15 19
15 20
15 27
15 31
15 32
15 33
15 34
15 35
15 42
15 44
15 45
15 48
16 17
16 19
16 30
16 34
16 35
16 40
16 45
16 46
17 18
17 27
17 34
17 36
17 42
18 19
18 21
18 26
18 31
18 35
18 37
18 38
19 20
19 26
19 29
19 35
19 36
19 37
19 45
19 46
19 48
19 49
20 21
20 28
20 33
20 35
20 39
20 47
21 22
21 27
21 32
21 33
21 36
21 37
21 45
21 47
22 23
22 24
22 25
22 27
22 28
22 34
22 35
22 37
22 39
22 40
22 44
22 45
23 24
23 25
23 32
23 37
23 43
23 44
23 46
23 47
23 48
24 25
24 29
24 30
24 37
24 38
24 39
24 46
24 48
25 26
25 30
25 35
25 43
26 27
26 28
26 32
26 33
26 36
26 39
26 42
26 43
26 44
26 46
26 48
26 49
27 28
27 32
27 33
27 35
27 36
27 38
27 39
27 40
27 46
27 49
28 29
28 30
28 32
28 35
28 37
28 38
28 43
28 44
28 49
29 30
29 33
29 37
29 44
29 46
29 47
30 31
30 33
30 37
30 38
30 39
30 42
30 46
30 48
31 32
31 36
31 38
31 39
31 41
31 42
31 44
31 45
32 33
32 36
32 38
32 39
32 41
32 42
32 43
32 45
32 47
32 48
32 49
33 34
33 36
33 41
33 43
33 48
34 35
34 39
34 49
35 36
35 37
35 41
35 45
35 49
36 37
36 42
36 43
36 44
36 48
37 38
37 39
37 42
37 44
37 46
37 47
37 48
38 39
38 40
38 42
38 43
38 44
38 47
38 48
39 40
39 42
39 43
39 46
40 41
40 44
40 49
41 42
41 44
41 49
42 43
42 49
43 44
43 45
43 46
43 48
44 45
45 46
46 47
46 48
47 48
48 49
