0 107.04133096366678
1 53.090815429538935
2 21.2394771718368
3 27.46824657307829
4 78.46846293633828
5 105.72083195679208
6 89.93997483385455
7 90.07864536944142
8 22.42169648511288
9 55.17594476854917
10 38.04857761825633
11 86.25703134321648
12 40.091863309115766
13 104.28260271574042
14 92.89849474371745
15 114.33701147285753
16 73.1663493531288
17 73.53038190422481
18 59.324603098740994
19 68.3245717126567
20 69.89028921057026
21 22.892720950589002
22 90.68265740743426
23 72.81473131737818
24 56.66831783933144
25 39.24453131788071
26 75.51799379025226
27 23.850808933444426
28 46.77731577554473
29 24.584793128938287
30 69.54988491598687
31 95.98328823247637
32 70.98324849491435
33 58.65118936398526
34 82.422842513896
35 103.22663004190865
36 46.20282652560839
37 51.01772528969343
38 36.586301565373574
39 82.1788114724287
40 107.82342255041188
41 42.39515216107107
42 51.69930323632202
43 99.25976720429804
44 118.89226792273425
45 62.607983894592856
46 72.11695050894969
47 70.84130708757456
48 35.108668571007875
49 103.60074050365415
0 1
0 4
0 5
0 7
0 9
0 16
0 22
0 27
0 37
0 43
1 2
1 14
1 19
1 22
1 23
1 26
1 27
1 28
1 34
1 36
1 38
1 44
1 46
1 47
1 49
2 3
2 7
2 8
2 9
2 20
2 26
2 29
2 36
2 37
2 39
2 45
3 4
3 8
3 15
3 16
3 18
3 24
3 26
3 28
3 34
3 36
3 37
3 38
3 44
3 45
3 46
3 48
4 5
4 7
4 8
4 11
4 22
4 25
4 27
4 29
4 32
4 33
4 35
4 37
4 38
4 44
5 6
5 7
5 10
5 11
5 12
5 13
5 14
5 17
5 20
5 21
5 26
5 27
5 29
5 30
5 33
5 35
5 39
5 43
6 7
6 12
6 13
6 14
6 15
6 19
6 23
6 28
6 32
6 36
6 39
6 46
6 48
7 8
7 17
7 18
7 22
7 34
7 35
7 38
7 41
7 42
7 44
7 46
7 47
8 9
8 17
8 21
8 24
8 28
8 31
8 35
8 38
8 41
8 43
8 49
9 10
9 13
9 15
9 16
9 21
9 23
9 24
9 27
9 38
9 40
9 41
9 42
9 43
9 44
9 46
9 47
9 49
10 11
10 13
10 18
10 19
10 20
10 31
10 36
10 37
10 39
10 43
10 44
10 46
11 12
11 17
11 22
11 26
11 30
11 31
11 32
11 33
11 36
11 38
11 39
11 44
11 45
11 46
12 13
12 15
12 17
12 18
12 21
12 22
12 28
12 29
12 30
12 34
12 40
12 43
12 47
12 48
13 14
13 16
13 17
13 20
13 21
13 24
13 25
13 27
13 32
13 33
13 34
13 36
13 39
13 42
13 47
14 15
14 22
14 30
14 31
14 33
14 36
14 38
14 41
14 42
14 43
14 46
14 48
15 16
15 19
15 24
15 26
15 28
15 29
15 30
15 32
15 33
15 34
15 39
15 44
16 17
16 19
16 20
16 21
16 27
16 28
16 29
16 30
16 31
16 35
16 37
16 39
16 42
16 43
16 44
16 45
17 18
17 20
17 21
17 23
17 24
17 29
17 30
17 44
17 47
17 49
18 19
18 24
18 31
18 32
18 35
18 38
18 39
18 42
18 43
18 44
18 49
19 20
19 23
19 26
19 28
19 30
19 34
19 35
19 40
19 41
19 45
20 21
20 28
20 30
20 32
20 39
20 42
20 46
20 48
21 22
21 26
21 29
21 34
21 37
21 39
21 40
21 41
21 49
22 23
22 29
22 31
22 35
22 37
22 41
22 48
23 24
23 28
23 29
23 31
24 25
24 31
24 32
24 41
24 44
24 46
24 48
24 49
25 26
25 28
25 34
25 36
25 38
25 39
25 41
25 42
25 43
25 47
25 49
26 27
26 29
26 32
26 35
26 36
26 40
26 42
27 28
27 29
27 34
27 41
27 42
27 43
27 48
28 29
28 32
28 38
28 39
28 41
28 42
28 46
28 48
28 49
29 30
29 36
29 40
29 41
29 42
29 44
30 31
30 37
30 40
30 42
30 45
31 32
31 34
31 40
31 43
31 49
32 33
32 36
32 37
32 41
32 42
32 44
32 48
32 49
33 34
33 35
33 37
33 40
33 43
33 47
34 35
34 45
34 47
34 48
35 36
35 38
35 39
35 46
36 37
36 39
36 40
36 48
37 38
37 41
37 45
37 47
38 39
38 44
38 48
39 40
39 45
39 48
39 49
40 41
40 45
41 42
41 49
42 43
42 45
42 48
43 44
44 45
45 46
46 47
46 48
47 48
48 49
