0 61.78237734845387
1 85.19527214087348
2 106.0616236676109
3 36.03438128898475
4 68.98249064412056
5 112.97865691669273
6 70.11252384295848
7 96.49720276384082
8 33.95131829809466
9 53.60808211660253
10 106.25357261166171
11 111.24222868367193
12 77.2753690373344
13 89.43795121815866
14 37.90084601065954
15 20.121162964298016
16 56.105779189093454
17 73.1405712243778
18 72.23184396835677
19 72.13742351963302
20 37.803027934831064
21 59.615160624576866
22 56.39899241456722
23 103.17655166561714
24 70.25684957954712
25 77.31877240669942
26 93.21283680298053
27 100.48677390604347
28 41.291635907630834
29 112.41089158207558
30 105.23843214001002
31 88.28771461468007
32 44.66526283123757
33 64.35732141541706
34 37.90854364145868
35 93.20176273302843
36 73.39190796426743
37 20.01790835633232
38 22.042453669482857
39 25.643922744482495
40 42.46714335152915
41 84.74652502226714
42 74.06934864091596
43 43.872450238524564
44 102.546175771909
45 103.66068398825604
46 98.2903581482151
47 51.09393351329186
48 43.7238072151424
49 103.99201825262874
0 1
0 13
0 17
0 18
0 22
0 25
0 27
0 34
0 37
0 44
0 45
0 47
0 48
1 2
1 6
1 7
1 8
1 10
1 13
1 15
1 17
1 20
1 21
1 22
1 25
1 27
1 31
1 36
1 37
1 40
1 44
1 47
2 3
2 8
2 18
2 22
2 23
2 25
2 27
2 28
2 32
2 36
3 4
3 7
3 14
3 20
3 27
3 28
3 41
3 44
4 5
4 7
4 10
4 11
4 22
4 27
4 32
4 34
4 36
4 41
4 42
5 6
5 9
5 14
5 17
5 19
5 24
5 26
5 31
5 43
6 7
6 10
6 15
6 18
6 26
6 27
6 33
6 34
6 35
6 46
6 47
7 8
7 15
7 21
7 22
7 33
7 38
7 45
8 9
8 10
8 20
8 22
8 25
8 27
8 34
8 39
9 10
9 11
9 12
9 21
9 35
9 46
10 11
10 18
10 28
10 31
10 36
10 43
10 44
10 48
11 12
11 21
11 23
11 27
11 31
11 32
11 33
11 36
11 37
11 38
11 48
11 49
12 13
12 15
12 19
12 20
12 21
12 25
12 31
12 34
12 44
12 47
13 14
13 15
13 22
13 26
13 27
13 29
13 34
13 38
13 43
13 47
13 49
14 15
14 17
14 23
14 26
14 28
14 30
14 38
14 41
14 46
14 48
15 16
15 23
15 24
15 29
15 38
15 40
15 41
16 17
16 22
16 26
16 32
16 35
16 36
16 39
17 18
17 24
17 35
17 43
17 45
18 19
18 20
18 21
18 22
18 33
18 37
18 38
18 40
18 44
19 20
19 24
19 26
19 28
19 35
19 37
19 49
20 21
20 26
20 31
20 39
20 40
20 41
20 42
21 22
21 25
21 37
21 39
22 23
22 27
22 31
22 32
22 33
22 35
22 41
22 42
22 45
22 49
23 24
23 26
23 35
23 37
23 38
23 45
23 46
24 25
24 27
24 31
24 32
24 33
24 38
24 43
25 26
25 27
25 31
25 35
25 37
25 43
25 47
26 27
26 37
26 40
26 46
26 47
26 48
27 28
27 33
27 42
27 45
27 48
28 29
28 30
28 37
28 38
28 43
28 44
28 48
29 30
29 35
29 40
29 43
30 31
30 38
30 40
30 43
30 47
30 48
31 32
31 33
31 43
31 47
31 48
32 33
32 36
32 40
32 48
33 34
34 35
34 37
34 40
35 36
35 38
35 42
35 49
36 37
36 48
37 38
37 41
37 45
38 39
39 40
39 43
39 45
39 46
40 41
40 46
41 42
41 44
41 49
42 43
43 44
43 47
43 49
44 45
44 46
45 46
46 47
47 48
48 49
