0 20.844790784652727
1 26.588803782851684
2 62.479471427494374
3 97.4728504917944
4 66.9674480126113
5 79.76575074304873
6 23.570817146547185
7 84.83516617512512
8 35.69290527671099
9 74.7271278743766
10 109.2618843784649
11 73.82035540520518
12 91.77019244665556
13 37.614494810389516
14 107.53941969235763
15 71.72799901661395
16 86.15395481324688
17 105.01867977547401
18 62.07396882295725
19 65.03034275707873
20 57.73436591656364
21 102.90438286057237
22 25.058763793633997
23 103.72909169915376
24 62.92660277856861
25 71.34863315875324
26 103.94974224115376
27 32.29660880873528
28 52.72748305799339
29 89.19771516718004
30 90.90375481336729
31 111.19872868536098
32 49.756920611997685
33 58.313561625518474
34 98.18454770331873
35 42.62527601638838
36 38.837080786641806
37 65.7720616200771
38 35.40387871708175
39 86.80828722197506
40 73.8222397556301
41 54.19211575718583
42 55.187722495698324
43 31.186874600410622
44 20.677526866038047
45 95.31565900429526
46 62.705159690743365
47 53.681503452742874
48 102.21485390293147
49 80.02532154731975
0 1
0 2
0 7
0 13
0 15
0 21
0 22
0 23
0 26
0 27
0 28
0 31
0 34
0 37
0 45
1 2
1 3
1 4
1 8
1 10
1 18
1 19
1 20
1 22
1 24
1 25
1 27
1 28
1 30
1 32
1 33
1 40
1 42
1 44
1 46
2 3
2 6
2 9
2 19
2 20
2 24
2 27
2 28
2 30
2 31
2 39
2 42
2 46
2 49
3 4
3 9
3 11
3 12
3 17
3 18
3 19
3 23
3 24
3 30
3 32
3 35
3 37
3 40
3 42
3 45
4 5
4 6
4 9
4 10
4 12
4 18
4 20
4 22
4 23
4 27
4 31
4 37
4 41
4 42
4 45
5 6
5 10
5 12
5 18
5 22
5 26
5 31
5 35
5 39
5 40
5 45
5 47
5 48
6 7
6 13
6 15
6 26
6 36
6 43
6 44
6 45
7 8
7 9
7 13
7 15
7 19
7 22
7 25
7 28
7 33
7 35
7 37
7 38
7 40
7 41
7 42
7 46
7 49
8 9
8 13
8 15
8 29
8 35
8 37
8 41
8 42
8 46
8 48
8 49
9 10
9 14
9 17
9 18
9 19
9 20
9 25
9 33
9 37
9 39
9 40
9 41
9 43
9 47
9 48
9 49
10 11
10 15
10 18
10 21
10 24
10 26
10 27
10 30
10 35
10 38
10 41
10 46
10 48
11 12
11 21
11 22
11 23
11 29
11 32
11 36
11 38
11 40
11 42
11 43
11 44
11 47
11 48
11 49
12 13
12 16
12 18
12 20
12 28
12 31
12 34
12 40
12 42
12 43
13 14
13 19
13 25
13 26
13 29
13 31
13 35
13 38
13 39
13 43
14 15
14 19
14 21
14 23
14 25
14 31
14 36
14 40
14 44
14 47
15 16
15 17
15 19
15 21
15 23
15 31
15 34
15 44
16 17
16 20
16 22
16 25
16 27
16 29
16 31
16 45
16 47
16 49
17 18
17 19
17 22
17 24
17 26
17 28
17 29
17 30
17 41
17 49
18 19
18 22
18 27
18 28
18 32
18 38
18 39
18 40
18 48
19 20
19 22
19 23
19 25
19 27
19 28
19 36
19 38
19 45
20 21
20 25
20 27
20 30
20 41
20 43
21 22
21 28
21 33
21 35
21 39
21 41
21 42
21 43
21 46
22 23
22 31
22 32
22 37
22 39
22 41
22 44
22 45
22 47
22 48
23 24
23 29
23 33
23 37
23 43
23 46
23 48
24 25
24 31
24 32
24 39
24 41
24 45
24 48
25 26
25 27
25 36
25 38
25 41
25 43
25 44
25 45
25 48
26 27
26 29
26 32
26 34
26 35
26 38
26 40
26 41
26 47
27 28
27 29
27 31
27 34
27 38
27 41
27 43
28 29
28 32
28 33
28 37
28 40
28 41
28 42
28 49
29 30
29 31
29 35
29 38
29 39
29 41
29 42
29 47
30 31
30 34
30 35
30 40
30 42
30 45
30 47
31 32
31 35
31 38
31 44
31 45
31 46
31 47
31 48
32 33
32 40
32 44
32 47
33 34
33 35
33 36
33 41
33 43
34 35
34 37
34 38
34 45
35 36
35 39
35 40
35 43
35 44
35 45
36 37
36 40
36 41
36 46
36 49
37 38
37 40
37 45
37 46
37 47
37 49
38 39
38 45
39 40
39 43
40 41
40 44
41 42
41 43
41 44
41 45
41 47
42 43
42 46
43 44
43 45
43 46
43 47
43 48
43 49
44 45
44 49
45 46
46 47
47 48
47 49
48 49
