0 20.91483491648946
1 44.842839435454835
2 46.69635756214837
3 71.22027346534135
4 119.89951256893055
5 77.30720389329069
6 43.45155401854102
7 69.63420643312294
8 106.4711390582586
9 115.6017407240497
10 91.82750878329612
11 101.77377582387814
12 102.70250495296033
13 94.12673944807175
14 34.42346655824289
15 54.55161806096613
16 45.34395763707175
17 79.19591350049922
18 65.29086897532606
19 60.575891051092746
20 36.23085119809261
21 73.60467059951728
22 23.05896373919693
23 46.647096826078865
24 105.06288480759943
25 92.36923731580568
26 54.51491610834365
27 43.50301054301585
28 98.40123006133392
29 108.7608702876583
30 114.48620542488591
31 41.14094985536539
32 32.264343291467384
33 90.95064465664609
34 42.970722342446
35 109.30051437760874
36 97.36368172298498
37 23.896809688233215
38 113.68268113873562
39 41.0688123407609
40 85.80554729841572
41 38.548063700907775
42 79.5300949044449
43 119.07414210101341
44 115.99556806713572
45 51.00251907125498
46 50.01218609710425
47 48.36297282826943
48 68.51737566678247
49 47.9535450964522
0 1
0 3
0 8
0 12
0 14
0 15
0 21
0 25
0 26
0 31
0 35
0 41
1 2
1 3
1 5
1 9
1 17
1 20
1 30
1 33
1 45
2 3
2 4
2 8
2 18
2 24
2 30
2 32
2 33
2 34
2 40
2 42
2 47
2 49
3 4
3 7
3 8
3 17
3 19
3 22
3 23
3 30
3 31
3 32
3 37
3 39
3 47
3 48
4 5
4 11
4 15
4 16
4 29
4 37
4 39
4 45
4 47
4 48
4 49
5 6
5 7
5 14
5 18
5 29
5 30
5 34
5 35
5 37
5 40
5 47
5 49
6 7
6 14
6 15
6 18
6 22
6 26
6 27
6 49
7 8
7 28
7 33
7 36
7 47
7 48
8 9
8 16
8 19
8 21
8 27
8 28
8 31
8 33
8 37
8 39
8 44
9 10
9 11
9 12
9 14
9 19
9 20
9 24
9 32
9 33
9 39
9 40
10 11
10 13
10 14
10 16
10 22
10 23
10 24
10 31
10 32
10 41
10 46
11 12
11 17
11 18
11 30
11 36
11 38
11 49
12 13
12 15
12 16
12 21
12 25
12 28
12 36
12 39
12 41
12 43
12 44
13 14
13 32
14 15
14 20
14 21
14 34
14 42
14 43
14 45
15 16
15 25
15 28
15 29
15 30
16 17
16 22
16 29
16 40
17 18
17 20
17 24
17 30
17 31
17 38
17 42
17 47
18 19
18 25
18 27
18 28
18 30
18 38
18 46
19 20
19 25
19 27
19 35
19 36
19 40
19 41
19 46
19 47
19 48
20 21
20 22
20 24
20 28
20 29
20 32
20 39
20 41
20 46
21 22
21 26
21 32
21 34
21 35
21 37
21 44
22 23
22 24
22 37
22 43
22 46
23 24
23 25
23 26
23 28
23 32
23 36
23 46
24 25
24 26
24 28
24 35
24 37
24 41
24 43
25 26
25 31
25 32
25 39
25 44
26 27
26 31
26 32
26 42
26 45
27 28
27 31
27 32
27 35
27 37
27 38
27 44
28 29
28 35
28 41
28 42
28 44
28 46
29 30
29 31
29 35
29 36
29 37
29 41
29 44
30 31
30 33
30 36
30 37
30 42
30 46
30 49
31 32
31 43
31 48
32 33
32 49
33 34
33 37
33 41
33 49
34 35
34 39
34 47
35 36
35 44
35 48
35 49
36 37
36 38
36 44
37 38
37 39
37 41
38 39
38 42
38 43
39 40
39 43
39 44
40 41
40 42
40 49
41 42
42 43
42 47
42 48
42 49
43 44
43 45
43 47
43 48
44 45
44 46
45 46
45 47
46 47
46 48
46 49
47 48
48 49
