0 112.59133366244365
1 78.4109398964005
2 22.488454731265577
3 69.28969448945125
4 90.28234865622485
5 54.371356178182396
6 46.759130196255114
7 87.3611711156066
8 117.64021453783322
9 91.35606485336137
10 68.71548868122153
11 98.7567801738222
12 67.6338339090574
13 92.27620944575284
14 51.35276965586615
15 87.02784572549125
16 106.51130036239212
17 62.17540374143402
18 114.72287470717238
19 64.19624719824307
20 82.96222581472148
21 94.58608437461822
22 94.37508259918519
23 84.00216642003163
24 52.071735604145736
25 77.66059341250768
26 99.43369989809463
27 87.5867359457809
28 38.39045560822875
29 44.44527797838535
30 111.79517939241708
31 32.58928692427946
32 98.79249561302059
33 58.16976293329598
34 100.83744302621047
35 62.20513644559448
36 80.26609548472436
37 93.05255335333476
38 89.06921294849352
39 29.441398355725465
40 80.37923046866601
41 43.87792518602995
42 93.30741735037319
43 103.62462042443714
44 108.88512727782131
45 73.47804204495074
46 83.25579915181419
47 51.15548574078806
48 117.78034886752745
49 86.25809558327262
0 1
0 4
0 12
0 19
0 33
0 39
1 2
1 4
1 10
1 12
1 21
1 22
1 24
1 28
1 33
1 41
1 43
1 45
1 46
2 3
2 7
2 16
2 20
2 21
2 33
2 39
2 41
2 44
3 4
3 22
3 29
3 31
3 32
3 38
4 5
4 18
4 24
5 6
5 29
5 35
5 36
5 38
5 41
5 43
6 7
6 12
6 13
6 24
6 34
6 47
7 8
7 10
7 11
7 12
7 29
7 35
7 36
7 42
7 44
7 49
8 9
8 11
8 42
8 43
8 46
8 48
8 49
9 10
9 15
9 28
9 48
10 11
10 12
10 30
10 31
10 39
10 43
10 48
11 12
11 37
11 42
11 46
12 13
12 23
12 33
12 36
13 14
13 18
13 23
13 28
13 46
13 47
14 15
14 23
14 30
14 34
14 44
14 49
15 16
15 22
15 40
15 47
16 17
16 22
16 24
16 26
16 43
16 48
17 18
17 19
17 25
17 47
18 19
18 21
18 32
18 47
19 20
19 24
19 41
19 45
19 48
20 21
20 37
20 40
20 45
20 47
20 48
20 49
21 22
21 25
21 26
21 33
21 34
22 23
22 27
22 34
22 38
23 24
23 27
23 49
24 25
24 35
25 26
25 45
25 47
26 27
26 32
26 38
26 39
27 28
27 42
27 44
27 45
27 46
28 29
28 32
28 35
28 38
29 30
29 33
29 34
29 48
30 31
30 34
30 35
30 37
30 39
30 40
31 32
31 33
31 45
32 33
32 47
33 34
33 35
33 38
34 35
34 43
34 45
34 49
35 36
35 46
36 37
36 42
37 38
37 45
38 39
39 40
39 48
40 41
41 42
42 43
42 46
43 44
43 46
44 45
45 46
46 47
47 48
48 49
