0 99.19683338614692
1 59.843439859711864
2 100.97994940741539
3 85.19064784030056
4 69.55915778103424
5 37.33881458157849
6 109.81598448605284
7 102.54871907768438
8 90.50404030797365
9 64.34322106197845
10 84.53853875955605
11 116.29646157337558
12 79.36563103833065
13 46.87827272298264
14 98.84183466946844
15 58.12044751011647
16 94.74129380872446
17 51.774364504734464
18 87.09656503770469
19 116.2239595933237
20 51.91498511561851
21 78.70809084486116
22 42.80745267440872
23 93.45835980178039
24 61.69227361139563
25 24.30135767243849
26 61.52890890473367
27 46.29941982925785
28 21.09246707407198
29 45.36536191127506
30 104.77992848889465
31 86.80059926992236
32 37.56590517166944
33 66.75142187595489
34 41.284519824319624
35 57.09661379906868
36 99.75218872336916
37 20.77464019273966
38 29.77413171108743
39 66.59706616551809
40 117.26773191595446
41 49.805232209960266
42 43.62365364837807
43 115.70132237548934
44 39.60872038953755
45 51.3762658951735
46 101.75278015163326
47 116.68223232210433
48 29.978157937334696
49 96.03550861715549
0 1
0 5
0 17
0 18
0 20
0 38
1 2
1 6
1 15
1 19
1 23
1 24
1 27
1 28
1 38
1 47
2 3
2 4
2 9
2 11
2 12
2 13
2 16
2 37
2 39
2 40
2 45
2 47
2 48
3 4
3 5
3 12
3 14
3 15
3 29
3 35
3 41
3 47
4 5
4 6
4 7
4 9
4 19
4 27
4 40
4 45
5 6
5 14
5 15
5 18
5 21
5 24
5 27
5 28
5 44
6 7
6 12
6 16
6 19
6 29
6 34
6 35
6 39
6 41
6 49
7 8
7 13
7 15
7 17
7 18
7 21
7 22
7 23
7 24
7 25
7 26
7 43
7 45
8 9
8 15
8 17
8 20
8 23
8 25
8 26
8 35
8 42
8 44
9 10
9 18
9 24
9 36
9 38
9 43
9 45
9 47
9 48
9 49
10 11
10 15
10 16
10 22
10 23
10 25
10 29
10 36
10 39
10 44
10 45
11 12
11 14
11 19
11 36
11 45
11 47
12 13
12 14
12 18
12 19
12 32
12 33
13 14
13 16
13 19
13 20
13 24
13 28
13 29
13 30
13 31
13 42
14 15
14 22
14 27
14 32
14 34
14 37
14 38
14 43
14 45
14 47
15 16
15 21
15 26
15 27
15 34
15 36
15 42
15 44
15 47
15 48
16 17
16 22
16 25
16 27
16 32
16 34
16 42
16 47
17 18
17 19
17 21
17 32
17 34
17 41
17 42
17 45
18 19
18 26
18 29
18 30
18 34
18 39
18 42
18 43
19 20
19 22
19 23
19 25
19 29
19 31
19 34
19 40
19 42
20 21
20 22
20 27
20 32
20 36
20 38
20 48
21 22
21 23
21 31
21 34
21 35
21 43
21 46
21 49
22 23
22 24
22 34
22 35
22 40
22 44
22 45
23 24
23 28
23 29
23 32
23 36
23 39
23 40
23 41
23 43
23 45
23 49
24 25
24 27
24 34
24 37
24 40
24 43
24 49
25 26
25 27
25 31
25 41
25 47
26 27
26 28
26 30
26 39
26 43
26 46
27 28
27 29
27 32
27 33
27 35
27 37
27 43
27 48
28 29
28 30
28 36
28 41
29 30
29 38
29 44
29 49
30 31
30 43
30 47
31 32
31 37
31 44
32 33
32 37
32 48
33 34
33 35
33 37
33 39
33 44
34 35
34 41
34 42
34 48
35 36
35 38
35 39
35 40
35 46
36 37
36 38
37 38
37 42
37 46
38 39
38 46
38 48
39 40
39 45
40 41
40 43
41 42
42 43
42 47
43 44
43 45
43 46
43 48
44 45
44 46
45 46
46 47
46 49
47 48
48 49
