0 85.49619389045655
1 62.170389205674404
2 94.20022918978975
3 92.62367913956503
4 51.11337197785933
5 26.58643371539318
6 79.96602446454433
7 99.92657585947356
8 112.68581597401446
9 106.27924219488031
10 99.889715923855
11 43.461926139252995
12 28.163854639572044
13 58.56709588854499
14 97.14359029656906
15 20.01882951752329
16 90.1195384276831
17 45.750213820544346
18 90.79832977312212
19 93.07151759444966
20 40.41213143422097
21 87.38470327884394
22 104.63382693681373
23 42.34873329049279
24 91.31273806462268
25 26.166671029344517
26 67.05909833732946
27 119.16567380550717
28 103.89678702272052
29 112.65417687457122
30 113.85823724854635
31 33.107509914243245
32 118.36074446436648
33 68.05858667177051
34 45.889437950771445
35 88.71985569496889
36 52.892089549843355
37 41.46578783328884
38 42.39937609598862
39 37.05301649608698
40 87.81921596064062
41 38.10167856874941
42 107.27529068602401
43 106.22319369607638
44 29.990639937322
45 58.635179211833915
46 30.342336075304814
47 27.595290161776692
48 108.6804591372318
49 56.0159902439275
0 1
0 7
0 17
0 24
0 35
1 2
1 14
2 3
2 8
2 47
2 49
3 4
3 24
3 40
4 5
4 8
4 22
4 40
4 49
5 6
5 16
5 18
6 7
7 8
7 38
7 43
8 9
9 10
9 16
10 11
10 28
10 34
10 35
11 12
11 29
12 13
12 25
13 14
13 24
13 37
13 47
14 15
15 16
15 17
15 24
16 17
16 49
17 18
17 29
18 19
18 37
19 20
19 29
20 21
20 29
21 22
22 23
22 32
22 44
23 24
23 39
23 45
24 25
25 26
25 39
26 27
27 28
27 49
28 29
28 42
28 48
29 30
29 32
29 49
30 31
30 47
31 32
31 44
32 33
33 34
33 36
34 35
34 37
35 36
36 37
37 38
38 39
38 43
38 47
39 40
40 41
41 42
42 43
42 44
43 44
44 45
45 46
46 47
47 48
48 49
