0 88.10408073339225
1 86.34877023495748
2 100.72926137723896
3 79.00389506735422
4 24.145197905378527
5 38.23160408390525
6 115.1709581596858
7 98.08323265195355
8 55.91832624199383
9 58.087170349154164
10 59.35867402467656
11 25.79671024605247
12 77.09985846817459
13 108.42286817794816
14 53.02778496224704
15 43.21154447221934
16 114.93572367493447
17 24.507776295174892
18 71.69202789638797
19 100.07739063545372
20 65.66897745668078
21 97.66910110876891
22 50.4194678551138
23 46.50237298956374
24 29.854581613838157
25 57.92419218874542
26 116.91610181957714
27 69.5203706193077
28 82.98921874719983
29 71.18557185368195
30 61.65942239897825
31 67.80465441246974
32 106.04415626144727
33 78.09278324070334
34 43.54693322665868
35 73.66169834205962
36 117.77432360255831
37 66.46632602592514
38 98.37217264611085
39 110.4430593569161
40 96.08694515120135
41 87.44531079549947
42 64.41359812980573
43 55.64198787875289
44 49.288189674716314
45 96.56187244461427
46 64.51922368077209
47 65.19544656808202
48 99.68647630332163
49 25.32182351174333
0 1
0 2
0 4
0 11
0 13
0 14
0 16
0 17
0 18
0 23
0 33
0 36
0 41
0 46
0 48
1 2
1 3
1 4
1 10
1 19
1 21
1 23
1 25
1 28
1 31
1 34
1 37
1 40
1 41
1 42
1 45
1 46
2 3
2 4
2 10
2 13
2 14
2 15
2 18
2 21
2 25
2 30
2 34
2 35
2 36
2 37
2 42
2 45
3 4
3 5
3 10
3 11
3 12
3 14
3 18
3 22
3 24
3 26
3 30
3 34
3 38
4 5
4 7
4 15
4 25
4 28
4 29
4 30
4 32
4 37
4 38
4 40
4 46
4 47
5 6
5 7
5 9
5 10
5 13
5 14
5 17
5 18
5 22
5 24
5 26
5 31
5 33
5 35
5 36
5 38
5 40
5 41
6 7
6 12
6 19
6 20
6 21
6 22
6 23
6 24
6 28
6 35
6 38
6 39
7 8
7 14
7 15
7 17
7 18
7 23
7 27
7 28
7 31
7 32
7 34
7 35
7 38
7 41
7 44
7 48
8 9
8 13
8 15
8 16
8 22
8 24
8 26
8 32
8 35
8 45
8 46
8 47
8 48
9 10
9 12
9 14
9 15
9 17
9 18
9 19
9 22
9 30
9 33
9 35
9 36
9 41
9 43
10 11
10 13
10 17
10 19
10 31
10 34
10 37
10 39
10 43
10 45
10 49
11 12
11 14
11 23
11 34
11 35
11 38
11 40
11 47
11 48
12 13
12 16
12 20
12 21
12 23
12 24
12 25
12 30
12 34
12 35
12 37
12 40
12 49
13 14
13 17
13 19
13 28
13 29
13 33
13 34
13 35
13 38
13 43
13 45
13 48
13 49
14 15
14 18
14 27
14 28
14 40
14 45
14 48
15 16
15 19
15 22
15 23
15 26
15 27
15 35
15 38
15 40
15 47
16 17
16 18
16 20
16 23
16 27
16 32
16 37
16 44
16 46
16 48
17 18
17 24
17 25
17 29
17 41
17 44
17 46
17 48
18 19
18 21
18 30
18 31
18 32
18 35
18 38
18 39
18 40
18 42
18 49
19 20
19 21
19 24
19 31
19 40
19 42
19 43
19 48
20 21
20 24
20 25
20 26
20 27
20 37
20 40
20 41
20 49
21 22
21 29
21 30
21 39
21 42
21 45
21 49
22 23
22 24
22 28
22 31
22 33
22 38
22 39
22 40
22 44
22 45
23 24
23 26
23 29
23 31
23 32
23 33
23 36
23 39
23 41
23 45
24 25
24 26
24 27
24 28
24 29
24 30
24 31
24 41
24 43
24 46
24 49
25 26
25 28
25 31
25 36
25 37
25 41
25 44
25 45
25 49
26 27
26 28
26 37
26 38
26 39
26 42
26 44
26 45
27 28
27 29
27 33
27 34
27 35
27 43
27 44
28 29
28 30
28 31
28 36
28 42
28 45
29 30
30 31
30 32
30 37
30 40
30 43
30 44
30 48
31 32
31 34
31 41
31 42
31 43
31 44
32 33
32 34
32 45
32 47
32 48
33 34
33 37
33 41
33 44
33 49
34 35
34 47
35 36
35 38
35 40
35 42
35 46
35 47
36 37
36 38
36 43
36 46
36 47
37 38
37 39
37 40
37 47
37 48
37 49
38 39
38 41
38 44
38 48
39 40
39 41
39 42
39 43
39 45
39 48
39 49
40 41
40 42
40 47
41 42
41 44
41 46
41 47
41 49
42 43
42 44
42 46
42 48
43 44
43 45
44 45
44 47
45 46
45 48
46 47
46 48
47 48
48 49
