0 99.83804093849552
1 83.45599771436292
2 96.06669577654851
3 87.6089688898345
4 31.34437971061189
5 91.21696532018298
6 68.59907294691124
7 59.64941215155532
8 65.43983934618882
9 85.95287331554275
10 103.24161513776185
11 83.62015305257302
12 109.59161993976848
13 47.508916737713704
14 33.551026158924294
15 76.77142462627913
16 64.90583406540046
17 88.39550968324309
18 66.79174660066778
19 81.82075140403535
20 108.06428129622628
21 84.0241990002056
22 81.3951635156649
23 64.4709965730537
24 95.71918369994405
25 53.46323480335614
26 59.30506673558708
27 82.82413560845123
28 70.91441091990635
29 40.71584852721503
30 111.34231773988569
31 52.96132964065346
32 52.761780325118735
33 70.84070293997338
34 56.94430259927616
35 23.33887765826233
36 20.38627225913962
37 32.67536826740695
38 100.98242533039739
39 62.15346768791787
40 60.06406967798718
41 70.49009349456256
42 109.83353536118672
43 56.459072185957254
44 30.51257455862441
45 50.59057904360025
46 26.478872556476684
47 119.57175708519375
48 115.45160828419888
49 105.70478225838689
0 1
0 3
0 7
0 9
0 26
0 35
0 40
1 2
1 7
1 9
1 26
1 31
1 35
1 42
2 3
2 4
2 10
2 12
2 27
2 28
2 31
2 40
2 42
3 4
3 21
3 34
3 40
4 5
4 18
4 22
4 28
4 32
4 48
5 6
5 14
5 23
5 27
5 37
5 39
5 42
5 45
6 7
6 12
6 22
6 24
6 27
7 8
7 38
7 41
7 44
8 9
8 26
8 27
8 28
8 33
8 37
8 45
9 10
9 14
9 23
9 40
9 47
10 11
10 13
10 15
10 21
10 23
10 41
10 48
11 12
11 14
11 18
11 21
11 27
11 34
11 45
12 13
12 22
12 33
12 35
12 43
12 46
13 14
13 19
13 38
13 44
14 15
14 18
14 20
14 23
14 40
14 47
14 48
15 16
15 20
15 25
15 33
15 35
15 41
15 42
15 47
16 17
16 21
16 22
16 36
16 39
17 18
17 22
17 29
17 30
17 42
17 43
18 19
18 23
18 34
18 35
18 44
18 47
19 20
19 28
19 29
19 40
19 43
20 21
20 27
21 22
21 34
21 38
22 23
22 25
22 32
22 35
22 38
23 24
23 35
23 39
23 40
24 25
24 40
25 26
25 29
25 32
25 37
25 44
25 48
26 27
26 29
27 28
27 39
27 49
28 29
28 34
28 42
29 30
29 35
29 45
29 49
30 31
30 37
30 41
31 32
31 43
32 33
32 47
33 34
33 37
33 41
33 49
34 35
34 43
34 49
35 36
35 46
35 49
36 37
36 45
36 47
36 48
37 38
37 47
37 48
38 39
38 42
38 44
38 47
38 49
39 40
39 49
40 41
40 49
41 42
42 43
43 44
44 45
44 48
45 46
45 49
46 47
47 48
48 49
