0 82.85307598829885
1 58.433361169401515
2 116.0940567342815
3 25.19660208295455
4 106.1242665452641
5 34.46879879602383
6 68.34216987677294
7 29.561250121735732
8 112.61596691321397
9 33.25180073156905
10 70.4657439843341
11 60.67150802842994
12 46.42045556393302
13 67.50101887984266
14 54.12601734886168
15 119.24155762509392
16 50.68642920234324
17 60.89576525875005
18 47.6433383874579
19 87.46032069730144
20 119.6633898944269
21 115.07409659322022
22 44.69234651211458
23 70.42428542059861
24 35.89776703343657
25 106.09193627671935
26 86.56843369035548
27 104.98450136174907
28 66.24111275715468
29 114.98489788800143
30 28.218931534123367
31 101.63582063845647
32 115.42826562727234
33 82.32847372286122
34 59.89270146141647
35 109.39283629597354
36 39.206081334590095
37 65.0711145884496
38 86.04687375739601
39 71.03838550739673
40 100.34099761642061
41 65.41864414504607
42 21.05974135665602
43 66.69688522186084
44 110.30630217285535
45 96.17735680194883
46 47.333860564482826
47 27.37617968349268
48 37.04769341096038
49 44.71704705068709
0 1
0 9
0 13
0 16
0 19
0 24
0 32
0 35
1 2
1 19
1 24
1 33
1 45
2 3
2 4
2 8
2 23
2 24
2 40
3 4
3 8
3 19
3 24
3 28
3 34
3 39
4 5
4 8
4 14
4 16
4 17
4 23
4 31
4 48
4 49
5 6
5 20
5 37
5 39
5 47
6 7
6 12
6 24
6 27
6 34
6 44
6 48
7 8
7 18
7 28
7 30
7 34
7 38
8 9
8 22
8 44
8 46
8 47
9 10
9 11
9 15
9 16
9 18
9 21
9 43
10 11
10 28
10 48
11 12
11 19
11 26
11 29
11 30
11 33
11 39
11 42
11 43
11 44
12 13
12 20
12 23
12 30
12 31
12 40
13 14
13 18
13 21
13 22
13 44
13 45
14 15
14 34
14 40
14 47
15 16
15 23
15 24
15 25
15 34
15 40
15 45
16 17
16 22
16 28
16 30
16 31
16 37
17 18
17 19
17 22
18 19
18 21
18 27
18 30
18 35
18 36
18 37
18 41
18 46
19 20
19 34
19 44
19 48
19 49
20 21
20 46
21 22
21 46
22 23
22 29
22 31
22 34
22 37
22 44
22 45
23 24
23 31
23 41
23 45
24 25
25 26
25 28
25 30
25 47
26 27
26 29
26 33
26 38
26 43
26 44
26 45
26 48
27 28
27 32
27 40
27 43
27 47
28 29
28 33
28 38
29 30
29 36
29 42
29 45
30 31
31 32
31 48
32 33
32 43
33 34
33 44
33 49
34 35
34 44
34 47
35 36
36 37
36 49
37 38
37 42
37 48
37 49
38 39
38 41
39 40
39 47
40 41
41 42
41 43
41 46
41 47
42 43
42 45
43 44
43 49
44 45
45 46
46 47
47 48
48 49
