0 35.31691604834656
1 35.26157831316516
2 111.4908196504336
3 55.53445577102241
4 22.70207560451662
5 79.96115874979303
6 103.87354194353699
7 82.27414814190786
8 74.34394089056835
9 23.09093589988596
10 47.9528429602139
11 64.45007511674808
12 70.48857035351818
13 65.96842177453503
14 112.15564638782789
15 117.4027087138841
16 61.97530677205645
17 82.23231390118578
18 27.991027268426336
19 20.987460301025223
20 43.47098559110539
21 55.74469066346173
22 118.20351209856155
23 116.87787760243835
24 85.25525577502161
25 57.23006592217044
26 58.552274199159584
27 118.8625702452394
28 93.26222738265609
29 24.009751076683454
30 88.67336429476255
31 29.449435295940866
32 78.11879475300248
33 115.8815026162298
34 50.079797423267735
35 78.84472948340425
36 53.08014220531087
37 82.01077371654392
38 70.07696443924164
39 28.25334227158111
40 48.048124972671076
41 88.64128095757832
42 29.218456926584906
43 108.45064212439183
44 22.268324414813637
45 25.499090946454942
46 46.90014774218589
47 96.70508443362561
48 81.83675687619962
49 29.955719562574583
0 1
0 2
0 7
0 9
0 10
0 13
0 18
0 19
0 20
0 22
0 23
0 25
0 28
0 31
0 32
0 47
0 49
1 2
1 4
1 5
1 10
1 12
1 14
1 19
1 24
1 26
1 33
1 34
1 38
1 40
1 44
2 3
2 4
2 5
2 6
2 7
2 8
2 9
2 15
2 22
2 23
2 24
2 26
2 28
2 31
2 32
2 33
2 36
2 37
2 38
2 43
2 44
2 45
2 46
2 47
2 48
3 4
3 5
3 6
3 10
3 16
3 18
3 20
3 22
3 31
3 32
3 33
3 36
3 39
3 40
3 47
3 49
4 5
4 6
4 8
4 10
4 11
4 14
4 16
4 18
4 19
4 20
4 21
4 22
4 29
4 30
4 32
4 38
4 39
4 40
4 42
4 44
4 46
4 49
5 6
5 11
5 18
5 25
5 34
5 38
5 44
5 45
5 46
5 47
6 7
6 8
6 9
6 10
6 14
6 18
6 21
6 22
6 23
6 25
6 29
6 30
6 34
6 37
6 39
6 40
6 41
6 42
6 43
6 44
7 8
7 10
7 12
7 13
7 19
7 20
7 24
7 26
7 27
7 33
7 34
7 35
7 36
7 38
7 41
7 44
7 45
7 47
7 48
8 9
8 14
8 15
8 16
8 21
8 24
8 26
8 30
8 32
8 33
8 39
8 45
8 47
8 48
9 10
9 15
9 17
9 20
9 21
9 22
9 23
9 27
9 29
9 30
9 32
9 34
9 41
9 42
9 44
10 11
10 13
10 15
10 18
10 20
10 22
10 25
10 26
10 28
10 30
10 36
10 38
10 41
11 12
11 17
11 18
11 21
11 23
11 26
11 27
11 28
11 32
11 35
11 37
11 40
11 46
11 47
11 48
12 13
12 16
12 18
12 19
12 20
12 23
12 25
12 27
12 28
12 30
12 35
12 37
12 41
12 43
12 45
12 46
12 47
12 49
13 14
13 15
13 16
13 19
13 20
13 21
13 27
13 30
13 31
13 34
13 41
13 42
13 43
13 44
13 47
13 49
14 15
14 17
14 19
14 21
14 24
14 25
14 27
14 28
14 37
14 40
14 44
14 46
14 48
15 16
15 17
15 18
15 21
15 22
15 24
15 25
15 31
15 32
15 33
15 34
15 35
15 36
15 44
15 45
15 46
15 47
15 48
15 49
16 17
16 20
16 23
16 24
16 29
16 30
16 35
16 36
16 40
16 43
16 44
16 48
17 18
17 19
17 23
17 24
17 25
17 26
17 28
17 29
17 31
17 34
17 36
17 37
17 40
18 19
18 24
18 27
18 33
18 35
18 36
18 42
18 43
18 45
18 46
18 47
18 48
19 20
19 21
19 22
19 25
19 28
19 32
19 33
19 35
19 37
19 41
19 43
19 45
19 47
19 48
20 21
20 22
20 33
20 34
20 37
20 38
20 40
20 49
21 22
21 23
21 26
21 27
21 31
21 32
21 33
21 34
21 38
21 41
21 45
21 47
22 23
22 26
22 37
22 39
22 40
22 41
22 42
22 45
22 46
23 24
23 25
23 27
23 28
23 29
23 30
23 32
23 42
23 43
23 49
24 25
24 27
24 31
24 37
24 39
24 44
24 46
24 47
24 48
25 26
25 30
25 31
25 35
25 39
25 41
25 43
25 44
25 46
25 49
26 27
26 28
26 36
26 38
26 40
26 43
26 44
26 46
26 48
26 49
27 28
27 32
27 33
27 36
27 38
27 41
27 43
27 44
27 46
27 47
28 29
28 31
28 34
28 36
28 42
28 43
28 46
28 48
29 30
29 32
29 35
29 37
29 39
29 44
29 47
29 48
29 49
30 31
30 32
30 40
30 42
30 43
30 44
30 46
30 48
30 49
31 32
31 39
31 41
31 42
31 43
31 45
31 46
32 33
32 34
32 37
32 39
32 40
32 44
32 45
32 47
32 49
33 34
33 36
33 37
33 43
33 44
33 46
33 47
34 35
34 36
34 38
34 39
34 40
34 47
34 49
35 36
35 39
35 44
35 45
35 47
35 48
36 37
36 40
36 41
36 42
36 43
36 44
36 46
37 38
37 39
37 40
37 43
37 46
37 47
37 49
38 39
38 47
38 48
38 49
39 40
39 43
39 46
39 47
39 48
40 41
40 46
40 49
41 42
41 45
41 48
41 49
42 43
42 46
42 48
43 44
43 48
43 49
44 45
44 46
44 47
45 46
46 47
47 48
48 49
