0 111.91374455102918
1 28.791598720295887
2 111.43591795366233
3 47.75807949745478
4 88.79549356022225
5 68.74269688739793
6 75.06855735320005
7 31.473980398046635
8 77.47653019233408
9 88.19336894692157
10 89.16146630380979
11 108.54177422178839
12 51.48774346465885
13 76.62413388777661
14 55.15362521555901
15 75.82452825337427
16 30.813151524287374
17 27.943798429916516
18 93.6481092262529
19 68.71980129698713
20 81.98945256987892
21 74.52085113349429
22 56.827440417305944
23 116.79218376641
24 97.59255264997779
25 87.56246080540498
26 57.22033033990606
27 75.92341927735237
28 95.07998001565652
29 60.88513038087854
30 35.259425122380456
31 38.44802693800193
32 46.93069376652435
33 102.24999838354495
34 86.60477683212548
35 118.93367579751174
36 104.121470309265
37 66.68965901363501
38 96.86790694812571
39 62.58205149832165
40 103.20171822012689
41 79.63228722836857
42 86.15653205540109
43 25.667348257276664
44 53.57620513520872
45 114.13276215763251
46 48.770142169303725
47 32.99584816487365
48 86.07786720181291
49 106.14938978246172
0 1
0 4
0 6
0 10
0 11
0 12
0 14
0 15
0 17
0 18
0 32
0 35
0 40
1 2
1 5
1 11
1 19
1 20
1 23
1 28
1 33
1 38
1 40
1 42
1 43
1 44
2 3
2 7
2 9
2 12
2 15
2 21
2 24
2 30
2 35
2 39
2 41
2 42
2 44
3 4
3 19
3 26
3 27
3 28
3 47
4 5
4 7
4 8
4 10
4 14
4 24
4 29
4 40
4 42
4 46
5 6
5 10
5 27
5 28
5 32
5 36
5 39
5 47
6 7
6 10
6 11
6 18
6 28
6 29
6 30
6 32
6 33
6 42
6 44
6 45
7 8
7 13
7 14
7 15
7 16
7 19
7 21
7 23
7 25
7 34
7 35
7 41
7 45
7 46
7 47
7 48
8 9
8 12
8 15
8 18
8 20
9 10
9 14
9 15
9 21
9 22
9 24
9 46
9 48
10 11
10 16
10 25
10 31
10 33
10 39
10 40
10 41
10 43
10 47
11 12
11 14
11 17
11 23
11 33
11 42
12 13
12 18
12 20
12 36
12 37
12 41
13 14
13 17
13 18
13 27
13 28
13 30
13 41
13 45
13 46
14 15
14 19
14 20
14 24
14 26
14 32
14 38
14 39
14 40
15 16
15 21
15 22
15 30
15 38
15 41
15 43
16 17
16 20
16 22
16 25
16 26
16 28
16 29
16 30
16 36
16 41
16 49
17 18
17 21
17 34
17 35
17 47
17 49
18 19
18 21
18 31
18 32
18 36
18 38
18 41
18 42
19 20
19 22
19 24
19 28
19 38
19 39
19 46
19 47
20 21
20 23
20 24
20 33
20 46
20 49
21 22
21 25
21 26
21 27
21 31
21 46
22 23
22 24
22 26
22 31
22 33
22 34
22 37
22 38
22 39
22 45
23 24
23 34
23 36
23 38
23 40
23 42
24 25
24 28
24 33
24 38
24 49
25 26
25 31
25 34
25 39
25 45
25 47
25 48
26 27
26 30
26 33
26 37
26 40
26 45
26 48
27 28
27 29
27 44
28 29
28 30
28 32
28 33
28 39
28 42
28 44
28 49
29 30
29 34
29 39
29 41
29 43
29 47
29 48
30 31
30 32
30 35
30 36
30 37
30 49
31 32
31 34
31 36
31 37
31 40
31 41
31 44
32 33
32 44
33 34
33 36
33 48
34 35
35 36
35 39
35 47
35 48
36 37
36 38
36 45
36 48
37 38
37 45
37 48
38 39
38 44
39 40
39 44
39 48
40 41
40 42
40 43
40 48
41 42
41 44
41 45
42 43
42 49
43 44
44 45
45 46
46 47
47 48
47 49
48 49
