0 37.12321075984442
1 105.61633289573966
2 42.712888733972534
3 69.40617622115604
4 55.92074590711374
5 59.813687399817915
6 102.17690640745536
7 114.77411171705225
8 40.820299614842355
9 95.87984100081192
10 22.368511008483807
11 109.98094576925135
12 87.29397266919597
13 54.55573952294267
14 96.38409268102258
15 93.69482590789364
16 80.34636629713432
17 31.274419107058026
18 83.26438531132324
19 56.2173517478379
20 54.03995119375384
21 80.03159204062666
22 41.85498438783331
23 46.5181270004493
24 57.302585090948305
25 59.156199962605086
26 28.079436099801445
27 73.77088626000302
28 66.4743117286624
29 37.294528618601845
30 61.36526034688311
31 101.44114369433318
32 47.64826421250572
33 100.67540590304357
34 105.12340301522453
35 93.79170938978746
36 112.58315480438023
37 28.602864546344843
38 73.46680614120912
39 89.61375946675217
40 30.812417982684014
41 33.1266123596382
42 71.76390730207297
43 46.05768449396149
44 57.54785383660654
45 90.9695331531475
46 102.15805989291808
47 116.62918842941197
48 112.0731609012336
49 31.04532672352233
50 116.8439965839167
51 101.73265142848884
52 94.54546117856937
53 79.27834477492364
54 81.67765691887668
55 37.58510072662344
56 60.47056690557532
57 103.94155420767514
58 20.60579237324463
59 69.89055989824848
60 81.59039163961498
61 49.357491007093515
62 47.436992615100365
63 92.35594592647581
64 109.51857041450849
65 93.56093331404173
66 55.63586804514757
67 116.94611976378414
68 24.182986333726213
69 116.4009791101248
70 29.107323290405727
71 82.71705915447922
72 92.98159639828116
73 118.5640924310274
74 57.34798537732333
75 103.13255100557399
76 88.53058244586623
77 89.12857004812977
78 86.87703100288522
79 97.96122002822689
80 112.98148787971411
81 79.51484816668774
82 117.51879130931067
83 55.1670834740685
84 55.10672530738744
85 105.07488342041431
86 56.89468031540795
87 20.64825733811833
88 62.7003965011465
89 62.067857454768294
90 79.39214251149815
91 119.24483010418149
92 47.314134212299614
93 117.39825841259673
94 96.91349674899544
95 69.12833600508066
96 50.94523361915883
97 101.24636117525087
98 37.86764526071147
99 63.50165019486989
100 95.01705464034619
101 108.60003477225067
102 48.15287771394102
103 58.479557258290825
104 100.83933042550599
105 94.70064697277982
106 73.2890402149641
107 24.086628667661817
108 117.7086224747862
109 31.544851131328745
110 54.392578363508505
111 86.50047503622328
112 119.90690977162234
113 77.83783548701214
114 72.3480903646907
115 113.98480951145169
116 37.07885425437904
117 103.17259115270855
118 104.31517644455647
119 76.3981960618703
120 63.81601745007354
121 98.71364673552944
122 114.61954736380957
123 38.73078325039016
124 53.74891661461818
125 101.29260537049755
126 88.11247274602673
127 32.81263008761503
128 41.04550443444629
129 55.57674117760073
130 28.242864203688537
131 88.15378824887118
132 47.937250959749484
133 39.850833986032825
134 84.3713991821468
135 92.81756893647517
136 30.741733908082608
137 84.95627804333105
138 43.26624656969596
139 98.29491600468948
140 88.82324004823299
141 23.060468174966545
142 118.25513954005923
143 78.53918989246179
144 111.03058893693066
145 113.18331898409731
146 96.16869370707559
147 102.63705714757054
148 62.37398731777804
149 103.78673418917982
150 56.994992460417365
151 83.03261363799709
152 20.050440460815715
153 109.236675670381
154 64.07564721285935
155 116.78823864384935
156 52.39986210499709
157 96.57647729699349
158 33.7086943466482
159 46.057147308864735
160 96.9716790255513
161 101.80386888097664
162 32.18384717155055
163 25.75892708468141
164 34.60443001458231
165 20.723142511404507
166 115.56074443740864
167 101.39083466899764
168 75.26844534327819
169 48.44778057334939
170 22.911062480065485
171 67.97397612570984
172 68.39439849625069
173 73.75776134953423
174 57.280425151019735
175 102.32493428982221
176 25.508187690367247
177 69.7696582834831
178 40.28629254449174
179 35.159798170978746
180 96.21518570849034
181 60.7566138436482
182 106.05309644425016
183 56.97895444198635
184 69.92466558405476
185 86.45906899121069
186 108.09607217642228
187 32.24741825244943
188 85.1777539032252
189 29.8561564204825
190 48.800416316040376
191 30.076875269945074
192 116.04001657127506
193 22.121456583961788
194 105.30250443857209
195 66.43201925517351
196 70.74234148746251
197 89.36584240092706
198 117.8650997261516
199 92.82517280112815
200 81.60153909847168
201 59.77389930986213
202 27.24864209156521
203 59.529598441518495
204 87.22467464633739
205 106.86947714580683
206 96.11583006136914
207 27.533274615104904
208 108.09877923858808
209 64.89970272666731
210 26.166868468631314
211 102.77138242246117
212 94.89034558274157
213 115.70573087452101
214 87.48798682825145
215 118.61707439045821
216 85.1265645582639
217 112.9524789267041
218 109.50584851120955
219 98.17659445231217
220 38.40293453265976
221 79.21839381281077
222 43.975771667557225
223 86.62612397891185
224 32.859631761024445
225 84.20028123413482
226 99.59174028027591
227 55.64423237075777
228 96.39150822216281
229 88.16708535832457
230 65.09137923300634
231 46.935138420061634
232 114.90442805955477
233 113.80047719221429
234 83.13923842144997
235 39.904453303756824
236 106.90315164639321
237 91.68892964961971
238 110.80682855712055
239 99.74043031108036
240 78.79374855906491
241 109.99594319295787
242 104.12810339085247
243 86.47020929107534
244 78.50611144725379
245 87.20193232406936
246 93.99410368197287
247 83.00189329852802
248 46.38980972140522
249 78.32323599974228
250 78.56080379912372
251 30.72974708833239
252 21.809211495425767
253 119.64059543722931
254 43.37918714009557
255 44.97118016390152
256 101.46140852595173
257 114.72333867136057
258 34.616866820987816
259 119.32060960581717
260 61.16315993161984
261 65.41445690036004
262 53.02564772936275
263 117.94667813371962
264 46.7007651617459
265 55.44562645229801
266 106.71960202573388
267 97.92574552642787
268 111.30933898228713
269 101.4801443077805
270 59.36339969470985
271 99.89592018025526
272 27.445707062547626
273 96.63567472466693
274 37.030786870476234
275 94.63237723098028
276 28.74176311486108
277 84.91757661162697
278 111.77823143057113
279 75.58604760969799
280 44.37277051260193
281 21.49751658860535
282 62.888971015926685
283 42.994222397364865
284 72.54777077072482
285 93.40095194446732
286 27.7777796764841
287 33.86296493903243
288 102.42690669204246
289 97.92100569419054
290 93.70700335275957
291 113.93772014685851
292 34.49311959475603
293 101.95512748019571
294 48.749510811897316
295 62.71978820231274
296 68.25336168421023
297 34.464874755337135
298 105.84439941022579
299 50.652875730521934
300 23.117073496443624
301 96.38802292813567
302 37.326408319429866
303 28.79523290302537
304 33.39738974666184
305 107.5861446236727
306 108.97021636503185
307 25.609344081607308
308 111.60314326578946
309 48.78968558827309
310 82.37590343570338
311 72.94255839943915
312 105.5374177969197
313 98.00648999907955
314 62.432000423017136
315 63.8383863434756
316 84.19107429439595
317 105.4886165250504
318 102.62777264591082
319 78.50969333295144
320 75.0172645353844
321 99.10619653832813
322 45.14648049716887
323 101.62132193412215
324 40.895715557804834
325 62.85600696351463
326 64.95653233572008
327 93.97116708196802
328 28.943076114886836
329 85.23632363412966
330 107.52761691293286
331 74.72509163035812
332 45.29842077895802
333 31.34850160158565
334 58.33403115987716
335 116.55246812603501
336 110.11056762319703
337 52.83971731178775
338 58.96761573442456
339 55.32557881966286
340 25.176551108794868
341 113.18009845416034
342 89.4678099291839
343 68.48746845886382
344 43.0282375033742
345 72.27147783002235
346 69.38655842069215
347 81.75928428618681
348 60.7367682418181
349 44.01384290101244
350 91.14089753771842
351 22.549522268980464
352 74.30211363089404
353 113.20951078692595
354 88.36625666057769
355 50.2440098745589
356 20.217695498280936
357 74.06390692775173
358 59.26863284854103
359 58.49687579146559
360 99.6477391506312
361 31.545801335354756
362 110.38395601829609
363 62.70914714303588
364 27.627587362053966
365 88.99870005593216
366 59.68815796295387
367 57.07300772538795
368 74.79495157722691
369 30.6490246624951
370 39.661525805426265
371 49.87621964412516
372 72.38264982587562
373 96.03563498906867
374 70.69620482905346
375 63.202518493946165
376 32.55112377384181
377 34.88910775099196
378 33.14574316521492
379 113.73029357067021
380 95.6115976438062
381 25.61815796280737
382 52.35080198819307
383 75.02321530906934
384 53.288468741598386
385 38.3143995348056
386 25.135316980525886
387 58.52288081861377
388 112.89211840973776
389 24.06568694257676
390 58.55249733806209
391 40.39499716138852
392 61.1210462873326
393 116.37202795933776
394 62.07025735616145
395 104.44695740006686
396 58.18483030683754
397 37.58708181306745
398 32.920791511282346
399 67.52616062029739
400 43.03709659875862
401 113.5621226656777
402 100.99922362090133
403 103.1247324337697
404 58.73037736974572
405 113.04824127409444
406 54.48131292817795
407 81.35778942460107
408 113.25230377693775
409 44.91647808321894
410 50.24047969678599
411 99.04878245093383
412 75.67530349364287
413 65.88450050607923
414 24.17944923918571
415 82.34679286911663
416 70.0496523531165
417 74.19231553392929
418 55.7520771150024
419 106.11718400837734
420 70.19227527126024
421 90.54842655488022
422 108.23599080247885
423 89.28827608429192
424 117.37147611453422
425 56.671763090950826
426 61.72688782037681
427 93.40325711176828
428 79.86034779107095
429 113.88361024834425
430 79.36046291431015
431 72.81782733077422
432 48.42931085725962
433 59.4576499549933
434 98.92811970981975
435 99.30056212664317
436 115.07085018325692
437 116.81515664749463
438 21.837732985027518
439 111.23436889814998
440 113.59722415140445
441 97.15629891124863
442 79.28093630166917
443 118.18376193495725
444 110.22452916733575
445 74.7473990839803
446 91.50353585065548
447 25.284194727748336
448 119.8541897783475
449 45.837875632329386
450 100.2357963449421
451 28.72597636861446
452 89.48558326739663
453 92.05956188350144
454 46.6245503516534
455 73.54679739030425
456 34.04117918026002
457 23.164964233855393
458 87.41916382270502
459 58.013253343720784
460 31.858207322378117
461 31.089906512590815
462 90.69863237078278
463 115.0631425561027
464 87.19856514871341
465 47.579985217661964
466 29.087173611192647
467 100.59679788311162
468 45.351267291349664
469 60.9990631516664
470 93.19084267710099
471 70.84699731369003
472 102.24947507493155
473 114.44206634966751
474 80.89792336545298
475 36.623552903517165
476 84.99673019663625
477 76.90310701865081
478 79.2208874340008
479 40.91992800646453
480 92.2947150655007
481 52.004004214057446
482 44.517980618438926
483 118.18578413078671
484 74.48749975212861
485 64.66705983938871
486 104.21759854244188
487 58.510629822586814
488 101.78490150104153
489 45.119944127157524
490 48.578743626827276
491 118.03028462621964
492 116.20023409084416
493 111.7494033563066
494 54.55609626420995
495 88.05915537874814
496 87.83538930415929
497 39.57439752620227
498 85.49828741879512
499 59.767816269695714
500 99.36881774576528
501 89.48824727358476
502 40.19321584780816
503 98.66673061026958
504 63.94968341306673
505 64.92319992945545
506 82.68430600988628
507 73.72342528933555
508 41.174082924471115
509 57.219769077666186
510 70.3168711491964
511 69.6317334037083
512 53.41688919958343
513 38.737105323868505
514 111.63378894772013
515 47.568255888906805
516 20.515427644673917
517 63.61956142584991
518 28.024952616202576
519 109.71248230625115
520 24.64888162238319
521 40.13853290494075
522 63.44504687696577
523 65.87347745602307
524 89.2299265162341
525 45.65749783627099
526 85.04939165062868
527 96.75746066696166
528 105.72278983238677
529 65.52220747350916
530 44.257726520508285
531 57.72694865729299
532 70.52459142251956
533 50.55675013684017
534 22.54101032355879
535 69.34359895724438
536 100.3944256121651
537 104.35022059000225
538 69.13640220108171
539 96.55327041131162
540 79.38738310209018
541 31.147581072432796
542 48.93079963376292
543 27.0632294497221
544 52.84828589386357
545 97.9122083423443
546 57.91343421818529
547 21.277820498270753
548 24.742615237353498
549 90.00655074330624
550 30.88322516813659
551 21.100360589805682
552 33.44975997268602
553 68.94121976670215
554 61.50665065717756
555 72.9753972101648
556 78.11635577646308
557 72.77171780572598
558 78.35720707935985
559 41.73686661270075
560 42.76514856364936
561 34.97594421011256
562 72.22751239798399
563 66.14413111053578
564 118.57747827097636
565 36.02452402666983
566 49.79039335628359
567 34.429250916001635
568 56.115132024170585
569 43.3598843401696
570 96.59539911164147
571 38.745251329540906
572 88.71995826978831
573 40.1289379081837
574 68.42233679438164
575 101.09658097579094
576 55.927319477112185
577 90.76812744459059
578 94.1736067217159
579 50.14933640602211
580 21.452072767264966
581 42.41849307413636
582 65.77222965950558
583 68.26023021959568
584 24.15348411935171
585 115.1523218424077
586 110.94269486387394
587 21.12971284334089
588 22.358082099873215
589 91.1218664253462
590 93.28678782582936
591 28.67605370138236
592 92.01712911648843
593 72.99449987373285
594 60.726839640696475
595 35.04356955083919
596 117.39807985637894
597 45.41759971833068
598 68.17393465592963
599 88.09962777653537
600 69.35699309404289
601 39.760356525017386
602 33.18875048380288
603 44.3414535728635
604 100.71157454969176
605 72.00859392743237
606 44.43790993150249
607 73.825147094389
608 100.83213441035626
609 96.44262143146345
610 31.908853359030648
611 51.5457607257548
612 42.29046700874332
613 93.60701059295273
614 25.13139673319164
615 86.63866349549504
616 21.25421439741592
617 90.08513703879925
618 71.06430136191409
619 58.838848546780476
620 40.28704907829739
621 89.72018790836356
622 56.840337026569806
623 102.82622958381637
624 107.31258820743378
625 81.17828290124916
626 84.22347545112973
627 105.40137996000423
628 27.722612334214286
629 75.12822437567911
630 72.41701916699428
631 57.87760101364802
632 47.9578659197132
633 115.81635517262043
634 23.7715892662738
635 36.64154815987018
636 68.36233189014473
637 106.44381915560716
638 72.97710435508802
639 68.52613998266797
640 80.70952497848279
641 85.50754052227964
642 54.48301234886594
643 74.45579335267117
644 101.52204157032469
645 92.14502417673604
646 65.1761685500442
647 74.76550170028816
648 66.1532314008266
649 62.52709725823064
650 69.75596371090546
651 82.6616387598778
652 20.57250219451027
653 106.47152022717594
654 94.78142761756433
655 108.48377239973942
656 97.89347988265322
657 23.704379163777215
658 84.0251684631905
659 46.74325875867234
660 94.90681426745392
661 32.575035585066644
662 42.554249786775515
663 20.35564289823541
664 70.22718267468515
665 100.53431557503995
666 79.86812423232007
667 112.05044903197309
668 70.13659097506351
669 85.31455591921478
670 73.45907923451172
671 21.63328105824242
672 50.80382853228174
673 118.50399289156539
674 113.32059764573758
675 49.59154082277827
676 106.28251074214897
677 89.08692091947289
678 55.21440690880125
679 22.47651174111657
680 30.537839375903
681 113.52492944061336
682 105.91696706635533
683 43.560982064237145
684 38.724883880350205
685 111.08344521225263
686 87.20140719453856
687 73.46291172678065
688 48.03875416166639
689 38.36170453357974
690 76.97105793315033
691 119.7421371660315
692 71.67985332620839
693 75.3632014890937
694 105.74585194626704
695 41.91847512935928
696 110.82484897235199
697 96.94754481101123
698 94.613065282588
699 58.92596191830875
700 38.9668572924519
701 108.1335728563004
702 56.788968919824434
703 79.7094605077362
704 60.58583996464375
705 69.47749518705706
706 49.098216512785925
707 64.48616564345231
708 91.83296563682055
709 89.62869817746432
710 51.96280918911995
711 64.13603422275773
712 54.760280418136674
713 116.16980803719456
714 76.90278312137741
715 78.2515103514079
716 98.59974235841537
717 112.97645690496212
718 49.08580175566572
719 118.56835923800814
720 61.6932798954456
721 72.58616527408621
722 89.12306989207165
723 63.81583146170327
724 65.89823037967807
725 75.44459407544721
726 23.094091974627876
727 44.46572826966149
728 91.64016346446829
729 74.40137515104416
730 82.69300441697253
731 101.42644847433141
732 116.2577043184651
733 52.456622279669375
734 118.42429655647858
735 21.41938526692902
736 110.88171910870622
737 74.51312938069519
738 37.93597405610507
739 63.59155238780924
740 81.81379411384296
741 29.76813182902163
742 98.86330380551084
743 56.859651264942414
744 111.21663265024402
745 40.382510837096255
746 30.966486282553458
747 65.5472270707103
748 98.90164979698558
749 94.19411091141961
0 1
0 108
0 160
0 180
0 199
0 229
0 248
0 288
0 327
0 383
0 412
0 446
0 461
0 592
0 661
0 671
1 2
1 14
1 21
1 59
1 105
1 244
1 250
1 306
1 365
1 376
1 459
1 490
1 540
1 541
1 550
1 609
1 632
1 714
1 724
1 740
2 3
2 29
2 80
2 296
2 391
2 424
2 483
2 491
2 495
2 513
2 521
2 524
2 559
2 651
2 722
3 4
3 11
3 129
3 166
3 267
3 343
3 366
3 407
3 457
3 460
3 534
3 547
3 643
3 707
4 5
4 87
4 89
4 98
4 110
4 115
4 133
4 215
4 218
4 264
4 391
4 434
4 538
4 617
4 629
4 639
4 653
4 662
4 727
5 6
5 31
5 139
5 251
5 255
5 410
5 497
5 521
5 574
5 575
5 616
5 654
5 748
6 7
6 18
6 159
6 194
6 250
6 349
6 404
6 458
6 483
6 526
6 578
6 659
6 667
6 742
7 8
7 25
7 48
7 117
7 193
7 333
7 393
7 439
7 474
7 484
7 539
7 618
7 711
7 743
8 9
8 42
8 71
8 95
8 127
8 147
8 165
8 167
8 169
8 201
8 289
8 324
8 343
8 427
8 437
8 489
8 551
8 555
8 586
8 619
8 666
8 692
8 715
8 728
9 10
9 45
9 163
9 224
9 227
9 229
9 253
9 394
9 421
9 466
9 512
9 570
9 595
9 657
9 733
10 11
10 18
10 181
10 188
10 196
10 207
10 321
10 407
10 563
10 570
11 12
11 131
11 158
11 225
11 347
11 480
11 523
11 533
11 557
11 562
11 588
11 603
11 618
11 621
11 647
11 671
11 698
11 743
12 13
12 49
12 118
12 267
12 470
12 492
12 558
12 564
12 566
12 589
12 608
12 609
12 665
12 672
12 744
13 14
13 288
13 362
13 437
13 462
13 485
13 495
13 597
13 637
13 681
13 707
14 15
14 36
14 74
14 105
14 302
14 318
14 337
14 558
14 577
14 625
15 16
15 17
15 154
15 192
15 239
15 282
15 288
15 290
15 330
15 340
15 390
15 421
15 426
15 610
15 683
16 17
16 63
16 180
16 262
16 300
16 355
16 416
16 417
16 423
16 501
16 506
16 509
16 512
16 582
16 600
17 18
17 58
17 195
17 204
17 209
17 248
17 264
17 274
17 292
17 420
17 449
17 453
17 464
17 471
17 498
17 535
17 575
17 586
17 650
18 19
18 40
18 94
18 95
18 117
18 159
18 172
18 196
18 367
18 393
18 503
18 511
18 549
18 570
18 599
18 613
18 649
18 659
18 701
19 20
19 42
19 108
19 149
19 223
19 277
19 314
19 336
19 363
19 402
19 404
19 514
19 533
19 542
19 553
19 617
19 664
19 741
20 21
20 31
20 37
20 43
20 160
20 184
20 185
20 223
20 263
20 376
20 388
20 409
20 640
20 749
21 22
21 82
21 90
21 156
21 216
21 223
21 232
21 249
21 332
21 343
21 362
21 443
21 497
21 507
21 547
21 654
21 711
22 23
22 37
22 38
22 163
22 263
22 273
22 285
22 301
22 322
22 328
22 361
22 457
22 600
22 624
22 652
23 24
23 58
23 71
23 158
23 183
23 185
23 297
23 320
23 334
23 401
23 413
23 466
23 511
23 550
23 629
23 668
23 696
24 25
24 94
24 123
24 126
24 164
24 185
24 235
24 260
24 449
24 501
24 506
24 527
24 569
24 612
24 635
25 26
25 31
25 63
25 294
25 308
25 312
25 375
25 413
25 536
25 654
26 27
26 63
26 100
26 345
26 361
26 433
26 470
26 495
26 549
26 665
26 682
26 728
27 28
27 100
27 108
27 128
27 182
27 228
27 290
27 295
27 326
27 329
27 383
27 424
27 477
27 481
27 488
27 490
27 684
27 687
27 732
28 29
28 34
28 138
28 149
28 167
28 240
28 285
28 301
28 336
28 384
28 397
28 464
28 496
28 533
28 615
28 633
28 696
28 703
28 709
28 729
29 30
29 229
29 272
29 322
29 378
29 483
29 547
29 561
29 565
29 604
29 655
29 677
29 701
30 31
30 99
30 153
30 214
30 280
30 306
30 307
30 360
30 367
30 455
30 498
30 599
30 622
30 643
30 737
30 741
31 32
31 73
31 121
31 216
31 240
31 244
31 275
31 375
31 431
31 523
31 526
31 539
31 548
31 570
31 633
31 635
31 673
31 733
32 33
32 95
32 136
32 266
32 337
32 354
32 418
32 538
32 579
32 646
33 34
33 42
33 76
33 77
33 109
33 221
33 273
33 314
33 339
33 419
33 453
33 466
33 549
33 630
33 645
33 701
33 711
34 35
34 65
34 156
34 223
34 234
34 310
34 415
34 455
34 467
34 577
34 621
34 637
34 713
34 729
35 36
35 66
35 162
35 183
35 223
35 233
35 245
35 363
35 446
35 550
35 697
35 717
36 37
36 69
36 133
36 163
36 173
36 182
36 226
36 342
36 468
36 474
36 521
36 523
36 536
36 549
36 713
36 725
36 727
37 38
37 70
37 87
37 147
37 203
37 443
37 478
37 543
37 552
37 623
37 639
37 695
37 716
38 39
38 74
38 150
38 191
38 218
38 284
38 398
38 430
38 469
38 496
38 558
38 738
39 40
39 88
39 130
39 150
39 169
39 179
39 237
39 323
39 396
39 422
39 434
39 443
39 502
39 595
40 41
40 122
40 150
40 190
40 333
40 352
40 436
40 522
40 546
40 632
40 662
40 722
40 733
41 42
41 126
41 144
41 204
41 218
41 376
41 420
41 545
41 546
41 624
41 692
41 745
41 749
42 43
42 236
42 251
42 292
42 365
42 369
42 422
42 442
42 466
42 553
42 563
42 621
42 646
42 708
43 44
43 112
43 200
43 269
43 276
43 342
43 371
43 396
43 430
43 446
43 537
43 545
43 559
43 579
43 678
43 691
44 45
44 78
44 141
44 143
44 219
44 252
44 264
44 312
44 333
44 374
44 391
44 417
44 429
44 503
44 561
44 590
44 616
44 656
44 704
44 731
44 746
45 46
45 66
45 129
45 193
45 209
45 268
45 407
45 443
45 477
45 498
45 600
45 629
45 735
46 47
46 77
46 148
46 177
46 204
46 267
46 301
46 315
46 403
46 482
46 543
46 658
47 48
47 52
47 55
47 70
47 203
47 256
47 388
47 578
47 700
48 49
48 103
48 329
48 332
48 393
48 450
48 486
48 496
48 524
48 532
48 678
48 707
48 743
49 50
49 54
49 82
49 113
49 173
49 174
49 221
49 261
49 341
49 424
49 543
49 568
49 656
49 711
50 51
50 53
50 112
50 119
50 250
50 270
50 316
50 317
50 713
50 714
51 52
51 53
51 224
51 274
51 280
51 353
51 362
51 363
51 464
51 649
51 667
51 745
52 53
52 103
52 147
52 182
52 191
52 194
52 276
52 312
52 347
52 430
52 576
52 625
52 629
52 652
52 653
52 717
53 54
53 220
53 280
53 463
53 476
53 529
53 701
54 55
54 56
54 63
54 66
54 98
54 235
54 351
54 363
54 404
54 407
54 468
54 507
54 576
54 594
54 726
55 56
55 112
55 328
55 394
55 413
55 439
55 536
55 643
55 747
56 57
56 136
56 367
56 369
56 419
56 432
56 503
56 545
56 595
56 602
56 619
56 620
56 642
56 657
56 692
57 58
57 61
57 139
57 154
57 208
57 242
57 264
57 307
57 331
57 442
57 475
57 500
57 634
57 653
57 685
57 708
57 724
58 59
58 80
58 317
58 337
58 375
58 448
58 483
58 531
58 548
58 566
58 574
58 659
58 675
58 740
59 60
59 118
59 135
59 168
59 211
59 264
59 398
59 498
59 556
59 594
59 662
59 696
59 747
60 61
60 117
60 133
60 205
60 250
60 303
60 314
60 364
60 401
60 407
60 408
60 415
60 513
60 532
60 545
60 586
60 639
60 715
61 62
61 70
61 83
61 92
61 259
61 281
61 295
61 551
61 556
61 588
61 696
62 63
62 108
62 183
62 272
62 318
62 356
62 406
62 459
62 468
62 534
62 582
62 599
62 654
62 709
62 729
62 745
63 64
63 77
63 154
63 157
63 213
63 260
63 315
63 397
63 467
63 471
63 518
63 556
63 578
63 623
63 639
63 695
63 725
64 65
64 106
64 118
64 325
64 469
64 490
64 716
64 718
65 66
65 157
65 158
65 161
65 260
65 328
65 373
65 420
65 421
65 605
65 631
65 671
65 731
66 67
66 76
66 90
66 160
66 273
66 377
66 379
66 540
66 568
66 586
67 68
67 136
67 192
67 207
67 279
67 300
67 322
67 327
67 388
67 475
67 517
67 551
67 635
67 647
67 659
68 69
68 94
68 147
68 155
68 326
68 386
68 399
68 517
68 539
68 583
68 619
68 621
68 627
68 682
68 693
68 749
69 70
69 73
69 87
69 139
69 158
69 165
69 254
69 359
69 419
69 454
69 487
69 532
69 537
69 552
69 576
69 591
69 660
70 71
70 115
70 117
70 136
70 182
70 299
70 319
70 328
70 358
70 422
70 503
70 566
70 582
70 744
71 72
71 176
71 199
71 366
71 547
71 576
71 688
71 708
72 73
72 145
72 183
72 290
72 391
72 545
72 568
72 612
72 735
73 74
73 88
73 92
73 95
73 100
73 127
73 203
73 231
73 320
73 324
73 348
73 605
73 626
73 737
74 75
74 247
74 327
74 388
74 519
74 523
74 526
74 532
74 535
74 613
74 679
74 691
75 76
75 97
75 143
75 179
75 401
75 431
75 467
75 500
75 545
75 557
75 581
75 589
75 614
75 633
75 686
76 77
76 96
76 106
76 109
76 195
76 264
76 289
76 312
76 350
76 440
76 528
76 536
76 575
76 676
76 677
76 695
76 700
76 737
77 78
77 165
77 360
77 405
77 506
77 507
77 511
77 615
77 670
77 674
77 728
77 736
78 79
78 145
78 150
78 179
78 203
78 213
78 249
78 270
78 327
78 359
78 371
78 399
78 461
78 486
78 580
78 598
78 662
78 685
78 692
79 80
79 99
79 139
79 146
79 209
79 247
79 275
79 293
79 348
79 417
79 448
79 449
79 529
79 551
79 599
79 640
79 656
79 715
79 726
79 747
80 81
80 165
80 183
80 204
80 282
80 337
80 355
80 461
80 477
80 517
80 536
80 573
80 747
81 82
81 96
81 98
81 100
81 137
81 342
81 432
81 529
81 536
81 576
81 593
81 641
81 689
81 691
81 712
82 83
82 107
82 144
82 285
82 297
82 313
82 347
82 593
82 623
82 635
83 84
83 96
83 153
83 156
83 164
83 207
83 336
83 342
83 352
83 457
83 557
83 618
83 628
83 676
83 713
83 744
84 85
84 123
84 150
84 192
84 318
84 349
84 354
84 503
84 534
84 629
84 640
85 86
85 100
85 105
85 178
85 202
85 243
85 339
85 391
85 408
85 482
85 511
85 534
85 543
85 550
85 577
85 584
85 629
85 696
86 87
86 102
86 286
86 374
86 567
86 686
86 715
87 88
87 168
87 354
87 355
87 426
87 460
87 463
87 568
87 654
87 663
87 746
88 89
88 102
88 133
88 145
88 220
88 273
88 283
88 352
88 354
88 434
88 452
88 533
88 739
89 90
89 121
89 164
89 177
89 262
89 353
89 379
89 408
89 422
89 536
89 591
89 641
89 689
89 697
90 91
90 165
90 172
90 213
90 403
90 412
90 450
90 479
90 570
90 665
91 92
91 198
91 228
91 368
91 466
91 517
91 542
91 638
91 655
91 670
92 93
92 94
92 106
92 208
92 326
92 342
92 349
92 366
92 413
92 460
92 545
92 595
92 663
93 94
93 131
93 196
93 291
93 365
93 370
93 395
93 397
93 399
93 439
93 635
93 712
94 95
94 178
94 192
94 213
94 261
94 274
94 294
94 369
94 373
94 422
94 640
94 711
95 96
95 130
95 312
95 372
95 420
95 522
95 596
95 663
95 684
95 716
95 718
96 97
96 212
96 229
96 344
96 371
96 422
96 432
96 480
96 489
96 601
96 733
97 98
97 148
97 195
97 218
97 266
97 277
97 283
97 332
97 433
97 583
97 619
97 640
97 698
98 99
98 148
98 152
98 171
98 336
98 344
98 354
98 355
98 356
98 482
98 590
98 653
98 659
98 704
98 733
98 742
99 100
99 132
99 157
99 192
99 290
99 302
99 321
99 465
99 533
99 611
99 618
100 101
100 107
100 117
100 161
100 167
100 180
100 198
100 375
100 414
100 437
100 572
100 676
100 725
101 102
101 223
101 269
101 330
101 366
101 382
101 408
101 471
101 710
102 103
102 130
102 151
102 204
102 259
102 348
102 365
102 415
102 466
102 519
102 545
102 553
102 569
102 594
102 612
102 710
103 104
103 150
103 201
103 236
103 346
103 350
103 364
103 451
103 540
103 654
104 105
104 117
104 163
104 238
104 275
104 295
104 333
104 452
104 549
104 556
104 717
104 737
105 106
105 113
105 127
105 146
105 226
105 246
105 256
105 302
105 322
105 351
105 353
105 396
105 409
105 492
105 651
105 716
105 744
106 107
106 175
106 315
106 323
106 401
106 433
106 572
106 596
107 108
107 243
107 284
107 292
107 304
107 368
107 501
107 553
107 562
107 631
107 638
107 726
108 109
108 139
108 162
108 182
108 249
108 281
108 331
108 350
108 404
108 564
108 651
108 652
109 110
109 221
109 471
109 494
109 536
109 648
109 649
109 654
110 111
110 197
110 204
110 210
110 339
110 368
110 382
110 425
110 432
110 442
110 547
110 588
110 644
110 680
110 688
110 704
111 112
111 146
111 152
111 205
111 252
111 273
111 357
111 524
111 606
111 613
111 637
111 731
111 734
111 735
111 741
112 113
112 161
112 338
112 365
112 366
112 382
112 438
112 447
112 526
112 550
112 573
112 640
112 655
112 657
112 729
113 114
113 135
113 252
113 253
113 276
113 371
113 602
113 603
113 609
113 660
113 663
114 115
114 165
114 257
114 286
114 319
114 356
114 464
114 499
114 541
114 542
114 544
114 628
114 634
114 639
115 116
115 155
115 283
115 335
115 347
115 383
115 389
115 398
115 424
115 428
115 474
115 497
115 537
115 622
115 650
115 675
115 690
116 117
116 192
116 229
116 316
116 374
116 467
116 510
116 544
116 554
116 566
116 599
117 118
117 215
117 336
117 371
117 480
117 661
117 687
117 700
118 119
118 123
118 132
118 172
118 229
118 248
118 307
118 409
118 425
118 486
118 522
118 648
118 664
118 669
119 120
119 145
119 193
119 250
119 291
119 315
119 385
119 421
119 501
119 609
120 121
120 139
120 305
120 320
120 374
120 379
120 389
120 516
120 535
120 646
121 122
121 147
121 163
121 256
121 302
121 436
121 465
121 472
121 616
121 644
122 123
122 164
122 175
122 221
122 248
122 270
122 294
122 354
122 398
122 469
122 473
122 500
122 519
122 614
122 639
122 645
122 664
123 124
123 165
123 174
123 381
123 432
123 590
123 664
123 665
124 125
124 157
124 242
124 269
124 434
124 487
124 507
124 522
124 532
124 544
124 597
124 738
125 126
125 151
125 177
125 206
125 211
125 213
125 270
125 297
125 484
125 485
125 531
125 602
125 643
125 662
126 127
126 171
126 172
126 365
126 514
126 537
126 566
126 639
126 691
126 728
127 128
127 197
127 200
127 208
127 338
127 388
127 596
127 601
127 616
127 624
128 129
128 194
128 201
128 212
128 215
128 287
128 295
128 389
128 396
128 471
128 480
128 544
128 547
128 601
128 619
128 668
129 130
129 261
129 303
129 304
129 359
129 398
129 441
129 442
129 530
129 601
130 131
130 222
130 227
130 331
130 348
130 444
130 447
130 491
130 533
130 537
130 640
130 735
131 132
131 178
131 188
131 244
131 249
131 265
131 449
131 453
131 477
131 495
131 599
131 631
131 641
132 133
132 142
132 144
132 153
132 218
132 276
132 281
132 530
132 543
132 561
132 565
132 581
132 615
132 650
132 666
133 134
133 137
133 171
133 202
133 217
133 262
133 466
133 474
133 482
133 534
133 552
133 574
133 631
133 642
133 725
133 745
134 135
134 230
134 234
134 239
134 287
134 318
134 319
134 379
134 388
134 391
134 394
134 497
134 508
134 640
134 656
134 708
134 735
135 136
135 146
135 196
135 221
135 335
135 339
135 511
135 515
135 533
135 560
135 583
135 617
135 671
135 675
135 689
135 729
135 739
136 137
136 183
136 264
136 356
136 438
136 444
136 449
136 517
136 567
136 577
136 582
136 735
137 138
137 141
137 145
137 287
137 350
137 381
137 395
137 456
137 495
137 671
137 707
137 736
138 139
138 250
138 320
138 335
138 340
138 355
138 423
138 468
138 538
138 567
139 140
139 151
139 183
139 193
139 207
139 221
139 246
139 323
139 337
139 363
139 415
139 419
139 524
139 567
139 652
139 698
140 141
140 309
140 337
140 385
140 394
140 545
140 553
140 558
140 646
140 700
140 727
141 142
141 162
141 265
141 390
141 486
141 523
141 663
141 669
142 143
142 220
142 243
142 271
142 293
142 317
142 352
142 377
142 461
142 516
142 626
142 674
142 716
143 144
143 154
143 164
143 244
143 262
143 381
143 386
143 397
143 405
143 451
143 487
143 578
143 645
143 690
143 697
143 706
143 738
144 145
144 166
144 188
144 227
144 296
144 405
144 427
144 466
144 467
144 587
144 709
145 146
145 221
145 248
145 390
145 394
145 426
145 456
145 482
145 485
145 503
145 529
145 554
145 652
145 698
146 147
146 193
146 234
146 257
146 383
146 444
146 524
146 526
146 597
146 601
146 635
146 749
147 148
147 239
147 258
147 287
147 382
147 404
147 446
147 472
147 501
147 530
147 640
147 714
148 149
148 150
148 364
148 388
148 411
148 437
148 478
148 500
148 547
148 698
149 150
149 156
149 262
149 383
149 417
149 482
149 621
149 622
149 667
150 151
150 225
150 268
150 385
150 418
150 465
150 598
150 607
150 608
150 625
150 673
151 152
151 204
151 261
151 270
151 505
151 518
151 537
151 569
151 637
151 701
151 706
152 153
152 276
152 302
152 407
152 430
152 447
152 471
152 627
152 630
152 643
152 745
153 154
153 170
153 344
153 363
153 417
153 430
153 433
153 501
153 515
153 556
153 595
153 641
153 695
154 155
154 170
154 180
154 185
154 344
154 367
154 374
154 547
154 623
154 633
154 662
154 700
154 733
155 156
155 193
155 278
155 329
155 343
155 548
155 570
155 599
155 617
155 684
155 726
156 157
156 182
156 321
156 428
156 470
156 483
156 539
156 583
156 737
156 746
157 158
157 186
157 257
157 266
157 322
157 419
157 430
157 439
157 690
157 692
157 745
158 159
158 160
158 210
158 246
158 356
158 439
158 471
158 622
158 675
158 694
158 700
158 738
159 160
159 249
159 310
159 455
159 458
159 513
159 538
159 597
159 638
159 740
160 161
160 165
160 203
160 224
160 250
160 336
160 399
160 400
160 401
160 492
160 516
160 611
160 694
160 716
160 717
160 718
161 162
161 221
161 238
161 244
161 332
161 347
161 493
161 539
161 660
161 691
161 726
162 163
162 239
162 249
162 287
162 357
162 467
162 486
162 500
162 680
162 713
163 164
163 276
163 316
163 331
163 342
163 370
163 411
163 416
163 537
163 574
163 647
164 165
164 178
164 205
164 218
164 351
164 362
164 548
164 714
164 731
164 744
165 166
165 210
165 219
165 253
165 321
165 382
165 492
165 583
165 585
165 647
166 167
166 246
166 248
166 431
166 481
166 543
166 572
166 666
166 714
166 715
166 731
167 168
167 189
167 203
167 236
167 248
167 368
167 447
167 479
167 610
167 684
168 169
168 205
168 244
168 290
168 493
168 554
168 624
168 668
168 721
169 170
169 269
169 343
169 412
169 430
169 470
169 478
169 516
169 522
169 613
169 635
169 643
170 171
170 219
170 267
170 271
170 286
170 292
170 294
170 295
170 304
170 321
170 414
170 466
170 474
170 485
170 535
170 738
171 172
171 220
171 288
171 305
171 432
171 496
171 524
171 534
171 551
171 681
171 733
172 173
172 274
172 345
172 373
172 429
172 510
172 562
172 727
173 174
173 180
173 231
173 243
173 288
173 331
173 351
173 372
173 463
173 468
173 562
173 569
173 574
173 610
173 625
173 663
173 693
173 719
173 720
173 731
174 175
174 305
174 306
174 374
174 394
174 514
174 516
174 519
174 542
174 683
174 709
174 721
175 176
175 231
175 233
175 309
175 334
175 441
175 567
175 592
175 624
175 699
175 718
175 735
176 177
176 210
176 211
176 240
176 260
176 263
176 271
176 278
176 307
176 365
176 395
176 427
176 440
176 488
176 507
176 668
176 705
176 706
176 731
177 178
177 420
177 538
177 594
177 601
177 660
177 665
178 179
178 307
178 320
178 345
178 373
178 432
178 550
178 551
178 574
178 673
178 721
179 180
179 202
179 223
179 234
179 300
179 312
179 318
179 490
179 495
179 665
179 701
179 724
179 736
180 181
180 253
180 308
180 332
180 538
180 561
180 610
180 657
180 723
181 182
181 193
181 320
181 345
181 387
181 440
181 508
181 578
181 700
181 709
182 183
182 189
182 492
182 612
182 701
182 705
183 184
183 203
183 315
183 325
183 383
183 426
183 536
183 654
184 185
184 239
184 394
184 437
184 579
185 186
185 278
185 286
185 386
185 433
185 480
185 528
185 681
185 687
185 699
185 714
185 733
185 736
185 744
185 749
186 187
186 291
186 362
186 387
186 494
186 571
186 589
186 681
186 696
186 737
187 188
187 207
187 291
187 331
187 365
187 554
187 624
188 189
188 244
188 262
188 320
188 377
188 401
188 511
188 530
188 586
188 598
188 645
188 676
188 702
188 705
189 190
189 201
189 207
189 445
189 493
189 529
189 604
189 613
189 614
189 634
189 670
189 738
190 191
190 282
190 428
190 451
190 463
190 508
190 540
190 551
190 584
190 725
191 192
191 300
191 373
191 412
191 437
191 478
191 525
191 635
191 658
191 722
192 193
192 243
192 267
192 349
192 367
192 482
192 488
192 489
192 501
192 555
192 639
193 194
193 214
193 259
193 433
193 463
193 610
193 646
193 663
193 679
193 736
193 749
194 195
194 354
194 420
194 437
194 515
194 587
194 589
194 716
194 731
195 196
195 217
195 273
195 347
195 373
195 446
195 497
195 533
195 612
195 618
195 640
195 669
195 676
196 197
196 267
196 448
196 566
196 580
196 581
196 603
196 693
196 721
197 198
197 293
197 355
197 460
197 583
197 633
197 662
197 704
198 199
198 206
198 241
198 279
198 292
198 302
198 393
198 404
198 414
198 506
198 652
198 653
199 200
199 355
199 449
199 545
199 664
199 698
200 201
200 314
200 338
200 397
200 398
200 400
200 437
200 439
200 444
200 522
200 542
200 555
201 202
201 250
201 251
201 280
201 402
201 519
201 623
202 203
202 221
202 223
202 278
202 436
202 545
202 583
203 204
203 312
203 320
203 401
203 562
203 565
203 566
203 579
203 580
204 205
204 358
204 386
204 515
204 526
204 556
205 206
205 297
205 323
205 397
205 482
205 485
205 493
205 564
205 685
206 207
206 217
206 239
206 285
206 307
206 388
206 427
206 455
206 469
206 472
206 537
206 719
206 729
207 208
207 259
207 292
207 364
207 436
207 531
207 534
207 535
207 538
207 569
207 612
207 621
207 630
207 632
207 693
208 209
208 237
208 260
208 279
208 316
208 345
208 387
208 429
208 448
208 530
208 565
208 573
208 676
208 745
209 210
209 308
209 388
209 422
209 481
209 521
209 592
209 658
209 681
209 691
209 700
210 211
210 245
210 337
210 369
210 393
210 496
210 534
210 604
210 614
210 677
211 212
211 242
211 358
211 384
211 408
211 433
211 480
211 496
211 561
211 629
211 664
211 721
212 213
212 218
212 343
212 350
212 444
212 487
212 488
212 535
212 558
212 571
212 591
212 600
212 629
213 214
213 236
213 355
213 369
213 545
213 637
213 638
213 676
213 714
213 739
213 746
214 215
214 264
214 300
214 328
214 471
214 494
214 526
214 538
214 577
214 597
214 613
214 683
214 738
214 744
214 747
215 216
215 218
215 233
215 297
215 329
215 360
215 414
215 506
215 548
215 634
215 672
215 677
216 217
216 298
216 410
216 443
216 465
216 514
216 525
216 548
216 568
216 605
216 642
216 728
217 218
217 279
217 322
217 377
217 399
217 407
217 508
217 523
217 536
217 592
217 648
217 723
218 219
218 242
218 284
218 294
218 406
218 408
218 440
218 463
218 485
218 488
218 542
218 605
218 703
218 708
219 220
219 232
219 354
219 394
219 417
219 426
219 551
219 639
219 656
219 730
220 221
220 265
220 293
220 308
220 331
220 407
220 431
220 471
220 734
221 222
221 254
221 341
221 352
221 354
221 356
221 379
221 456
221 486
221 535
221 537
221 592
221 705
222 223
222 318
222 469
222 556
222 600
222 602
222 603
222 663
222 717
222 731
222 732
222 745
223 224
223 308
223 421
223 435
223 464
223 487
223 496
223 539
223 563
223 578
223 589
223 594
223 597
223 657
224 225
224 437
224 580
224 665
225 226
225 314
225 315
225 397
225 411
225 442
225 505
225 509
225 584
225 659
225 704
226 227
226 295
226 303
226 311
226 313
226 392
226 393
226 411
226 431
226 432
226 441
226 536
226 540
226 567
226 620
226 652
226 703
226 704
227 228
227 293
227 300
227 315
227 333
227 407
227 607
227 644
227 650
227 721
227 730
228 229
228 230
228 243
228 274
228 342
228 346
228 347
228 394
228 449
228 499
228 504
228 524
228 525
228 537
228 554
228 651
228 666
228 703
228 704
228 720
229 230
229 235
229 296
229 326
229 383
229 539
229 577
229 602
229 722
230 231
230 284
230 445
230 504
230 531
230 607
230 711
230 731
231 232
231 363
231 472
231 491
232 233
232 262
232 268
232 271
232 312
232 335
232 349
232 428
232 432
232 463
232 470
232 486
232 498
232 551
232 625
232 629
232 684
232 696
232 709
233 234
233 248
233 264
233 462
233 607
233 706
233 729
234 235
234 266
234 300
234 323
234 426
234 472
234 526
234 553
234 568
234 583
234 623
235 236
235 318
235 325
235 350
235 487
235 533
235 592
235 601
235 740
236 237
236 266
236 270
236 304
236 325
236 386
236 387
236 420
236 466
236 565
236 650
237 238
237 292
237 305
237 327
237 370
237 481
237 487
237 568
237 579
237 590
237 668
237 746
238 239
238 258
238 285
238 348
238 371
238 638
239 240
239 250
239 431
239 504
239 549
239 551
239 556
239 663
239 665
239 667
239 736
240 241
240 277
240 283
240 340
240 347
240 351
240 674
240 720
240 748
241 242
241 276
241 311
241 323
241 397
241 504
241 696
241 716
241 734
241 741
242 243
242 245
242 289
242 410
242 476
242 480
242 538
243 244
243 307
243 445
243 510
243 564
243 586
244 245
244 281
244 297
244 318
244 391
244 460
244 463
244 567
244 573
244 593
244 666
244 681
244 731
244 736
245 246
245 365
245 462
245 535
245 538
245 552
245 596
245 656
246 247
246 267
246 391
246 392
246 463
246 503
246 513
246 586
247 248
247 256
247 277
247 342
247 385
247 590
247 664
247 690
247 693
247 721
248 249
248 258
248 321
248 492
248 553
248 567
248 646
248 658
248 665
248 746
249 250
249 550
249 558
249 578
249 628
249 705
249 716
250 251
250 279
250 311
250 365
250 451
250 474
250 501
250 504
250 514
250 637
250 667
250 712
250 719
251 252
251 256
251 460
251 467
251 556
251 666
251 697
252 253
252 296
252 339
252 370
252 402
252 510
252 566
252 598
252 724
252 728
253 254
253 386
253 457
253 518
253 525
253 683
253 729
254 255
254 261
254 281
254 335
254 410
254 554
254 613
254 671
254 732
255 256
255 289
255 326
255 368
255 409
255 427
255 474
255 504
255 505
255 616
256 257
256 274
256 286
256 391
256 435
256 505
256 510
256 581
256 686
256 702
256 717
257 258
257 288
257 294
257 317
257 520
257 530
257 543
257 545
257 567
257 601
257 620
257 657
257 662
258 259
258 360
258 407
258 430
258 433
258 556
258 684
259 260
259 263
259 335
259 355
259 375
259 425
259 430
259 473
259 554
259 606
259 689
259 726
260 261
260 298
260 325
260 349
260 435
260 469
260 498
260 614
260 747
261 262
261 294
261 314
261 478
261 488
261 490
261 628
261 637
261 654
261 695
261 713
262 263
262 287
262 292
262 296
262 381
262 537
262 549
262 568
262 613
262 665
262 678
262 732
263 264
263 309
263 313
263 320
263 546
263 596
263 626
263 648
263 653
264 265
264 285
264 298
264 610
264 625
264 627
264 747
265 266
265 331
265 347
265 369
265 436
265 509
265 595
265 597
265 609
265 617
265 735
266 267
266 292
266 313
266 329
266 546
267 268
267 272
267 301
267 318
267 323
267 392
267 446
267 453
267 483
267 543
267 564
267 650
267 659
267 688
268 269
268 473
268 551
268 553
268 564
268 578
268 580
268 628
268 669
268 686
269 270
269 417
269 466
269 477
269 587
269 684
269 700
269 743
270 271
270 406
270 471
270 473
270 538
270 559
271 272
271 313
271 379
271 411
271 413
271 436
271 470
271 535
271 578
271 610
271 662
271 675
272 273
272 348
272 471
272 478
272 573
272 677
272 693
273 274
273 514
273 531
273 576
273 644
273 672
273 685
273 732
274 275
274 395
274 397
274 448
274 490
274 529
274 537
274 558
274 614
274 617
274 671
275 276
275 315
275 375
275 479
275 592
275 658
275 700
275 733
276 277
276 300
276 334
276 353
276 370
276 371
276 374
276 456
276 482
276 550
276 578
276 609
276 616
276 621
276 669
277 278
277 401
277 413
277 440
277 539
277 592
277 667
278 279
278 398
278 401
278 530
278 567
278 729
279 280
279 331
279 367
279 370
279 446
279 475
279 590
279 593
279 609
279 625
279 626
279 694
279 719
280 281
280 397
280 403
280 406
280 455
280 469
280 476
280 504
280 544
280 587
280 596
280 598
280 610
280 631
280 688
280 692
280 749
281 282
281 423
281 511
281 712
281 716
281 726
281 736
282 283
282 291
282 377
282 454
282 463
282 497
282 531
282 548
282 627
283 284
283 299
283 308
283 324
283 363
283 417
283 428
283 431
283 432
283 464
283 501
283 531
283 604
284 285
284 427
284 462
284 468
284 562
284 572
284 691
284 747
285 286
285 315
285 328
285 345
285 377
285 438
285 494
285 505
285 533
285 602
285 653
285 704
285 747
286 287
286 304
286 363
286 381
286 401
286 480
286 531
286 543
286 567
286 588
286 602
286 614
286 622
286 631
286 717
287 288
287 361
287 370
287 408
287 414
287 437
287 543
287 639
288 289
288 339
288 340
288 387
288 391
288 454
288 548
288 557
288 576
288 649
288 685
288 691
289 290
289 323
289 364
289 456
289 510
289 570
289 579
289 651
289 717
290 291
290 319
290 332
290 396
290 411
290 490
290 535
290 559
290 616
290 656
290 722
291 292
291 310
291 312
291 355
291 389
291 398
291 402
291 427
291 477
291 666
291 668
291 672
292 293
292 374
292 473
292 499
292 503
292 527
292 612
292 632
292 690
292 700
292 710
293 294
293 299
293 349
293 384
293 441
293 514
293 567
293 571
293 586
293 628
293 634
293 644
293 651
294 295
294 420
294 462
294 510
294 617
294 647
294 684
294 733
294 735
295 296
295 306
295 326
295 349
295 362
295 399
295 435
295 507
295 517
295 558
295 579
295 662
295 679
296 297
296 331
296 332
296 429
296 461
296 501
296 604
296 674
297 298
297 329
297 391
297 710
297 748
298 299
298 337
298 494
298 613
298 633
298 664
298 672
298 701
298 717
298 732
298 734
298 749
299 300
299 314
299 379
299 419
299 446
299 495
299 542
299 591
299 592
299 617
299 623
299 637
299 652
299 658
299 680
299 731
299 741
300 301
300 304
300 319
300 362
300 391
300 453
300 485
300 516
300 547
300 614
300 677
300 682
300 695
301 302
301 374
301 388
301 422
301 514
301 520
301 524
301 542
301 713
302 303
302 352
302 519
302 551
302 595
302 666
302 682
302 689
303 304
303 416
303 420
303 434
303 441
303 490
303 558
303 656
303 685
303 736
304 305
304 502
304 570
304 585
304 594
304 603
304 723
304 749
305 306
305 310
305 411
305 431
305 472
305 554
305 630
306 307
306 356
306 370
306 371
306 378
306 431
306 433
306 465
306 490
306 519
306 583
306 618
306 639
306 693
307 308
307 345
307 479
307 541
307 582
307 606
307 618
307 701
308 309
308 326
308 361
308 446
308 492
308 531
308 561
308 676
308 686
308 705
308 719
309 310
309 370
309 453
309 464
309 605
309 656
309 700
309 738
309 739
310 311
310 398
310 421
310 434
310 446
310 568
310 583
310 585
310 590
310 632
311 312
311 364
311 409
311 422
311 491
311 558
311 597
311 676
311 677
311 723
312 313
312 363
312 447
312 452
312 499
312 570
312 593
312 619
312 631
312 653
312 684
312 685
313 314
313 466
313 672
314 315
314 351
314 361
314 463
314 470
314 472
314 484
314 500
314 694
315 316
315 365
315 478
315 499
315 609
315 626
315 689
316 317
316 373
316 382
316 410
316 498
316 516
316 592
316 603
316 686
317 318
317 337
317 615
317 725
318 319
318 331
318 356
318 439
318 448
318 467
318 605
318 630
318 680
318 728
319 320
319 406
319 469
319 492
319 629
319 671
320 321
320 404
320 429
320 437
320 447
320 450
320 501
320 645
320 673
321 322
321 355
321 405
321 416
321 419
321 540
321 579
321 588
321 605
321 678
321 693
321 734
322 323
322 467
322 486
322 540
322 601
322 603
322 721
323 324
323 448
323 455
323 589
323 719
323 724
324 325
324 331
324 350
324 356
324 381
324 404
324 416
324 462
324 537
324 588
324 602
324 702
324 706
324 709
324 730
324 738
325 326
325 348
325 412
325 512
325 554
325 590
325 603
325 670
325 723
326 327
326 345
326 383
326 428
326 499
326 508
326 560
326 628
326 689
326 696
327 328
327 335
327 351
327 381
327 392
327 488
327 489
327 595
327 623
327 640
327 697
327 731
328 329
328 362
328 431
328 442
328 540
328 561
329 330
329 331
329 366
329 414
329 429
329 459
329 470
329 496
329 520
329 555
329 572
329 584
329 586
329 589
329 688
329 715
330 331
330 367
330 486
330 511
330 530
330 541
330 627
330 687
330 718
330 734
330 740
331 332
331 364
331 384
331 457
331 639
331 643
331 646
331 700
331 705
331 713
332 333
332 349
332 635
332 696
333 334
333 338
333 341
333 467
333 472
333 590
333 636
333 729
334 335
334 376
334 433
334 452
334 457
334 506
334 589
334 717
334 725
334 749
335 336
335 348
335 381
335 443
335 451
335 473
335 596
335 641
335 681
336 337
336 389
336 412
336 502
336 567
336 732
337 338
337 415
337 442
337 444
337 481
337 568
337 584
337 586
337 596
337 626
337 743
338 339
338 370
338 454
338 461
338 579
338 641
338 656
338 673
338 700
338 707
338 726
338 739
339 340
339 364
339 419
339 476
339 588
339 589
339 639
339 664
340 341
340 352
340 465
340 466
340 482
340 627
340 629
340 688
340 690
340 727
341 342
341 368
341 408
341 432
341 447
341 600
341 636
341 691
341 728
342 343
342 463
342 529
342 557
342 600
342 667
342 689
342 732
342 734
343 344
343 407
343 482
343 554
343 555
343 605
343 690
344 345
344 346
344 347
344 397
344 416
344 469
344 534
344 603
344 619
344 658
344 674
344 707
345 346
345 372
345 386
345 437
345 717
345 723
345 748
346 347
346 356
346 358
346 399
346 632
347 348
347 376
347 390
347 398
347 419
347 428
347 466
347 613
347 646
347 734
348 349
348 409
348 489
348 492
348 506
348 537
348 562
348 674
348 733
349 350
349 358
349 390
349 392
349 446
349 451
349 511
349 544
349 546
349 568
349 603
349 622
349 651
349 679
349 716
350 351
350 372
350 399
350 425
350 430
350 465
350 480
350 521
350 522
350 571
350 598
350 613
350 624
351 352
351 369
351 414
351 427
351 463
351 473
351 486
351 505
351 517
351 538
351 540
351 546
351 595
351 648
351 660
352 353
352 421
352 496
352 500
352 553
352 611
352 635
352 728
352 738
353 354
353 413
353 417
353 425
353 459
353 508
353 527
353 532
353 556
353 580
353 705
354 355
354 428
354 647
355 356
355 381
355 390
355 506
355 615
355 661
355 672
355 680
355 685
355 691
355 700
356 357
356 393
356 434
356 448
356 461
356 559
356 561
356 588
356 605
356 619
356 631
356 677
356 722
356 735
356 748
357 358
357 363
357 372
357 373
357 425
357 672
357 682
357 728
358 359
358 500
358 587
358 596
358 681
359 360
359 391
359 449
359 478
359 495
359 534
359 584
359 606
359 624
359 629
360 361
360 466
360 557
360 592
360 647
360 702
360 743
361 362
361 381
361 415
361 422
361 499
361 512
361 557
361 691
361 694
361 735
362 363
362 385
362 414
362 478
362 502
362 551
362 646
363 364
363 371
363 395
363 456
363 461
363 539
363 597
363 611
363 723
364 365
364 396
364 420
364 581
364 599
364 622
364 699
364 732
365 366
365 559
365 604
365 612
365 707
366 367
366 422
366 641
366 746
367 368
367 404
367 494
367 530
367 542
367 583
367 671
367 697
368 369
368 394
368 425
368 427
368 433
368 452
368 629
368 739
369 370
369 499
369 614
369 619
369 699
369 709
370 371
370 425
370 456
370 462
370 467
370 590
370 626
370 711
371 372
371 386
371 402
371 431
371 541
371 579
371 637
371 645
371 666
371 711
372 373
372 405
372 433
372 462
372 487
372 553
372 575
372 611
372 623
372 636
372 638
372 693
372 700
373 374
373 538
373 593
373 685
373 705
374 375
374 417
374 488
374 523
374 581
374 588
374 705
375 376
375 404
375 415
375 420
375 473
375 553
375 625
375 633
376 377
376 390
376 450
376 545
376 571
376 576
376 679
376 724
377 378
377 485
377 504
377 522
377 531
377 544
377 560
377 636
378 379
378 450
378 544
378 692
378 695
379 380
379 460
379 488
379 563
379 622
379 697
380 381
380 412
380 456
380 517
380 638
380 680
381 382
381 400
381 460
381 471
381 489
381 506
381 552
381 595
381 676
381 685
381 698
381 734
382 383
382 427
382 432
382 450
382 467
382 473
382 621
382 625
382 640
382 719
383 384
383 474
383 498
383 543
383 572
383 681
384 385
384 418
384 610
384 687
384 707
385 386
385 436
385 644
385 678
385 725
385 741
386 387
386 428
386 493
386 527
386 584
386 620
386 714
387 388
387 408
387 494
387 594
388 389
388 542
388 579
388 590
388 642
388 690
388 717
388 737
389 390
389 393
389 419
389 453
389 473
389 526
389 584
389 597
389 740
390 391
390 403
390 590
390 594
390 659
390 690
390 717
390 734
390 736
390 741
391 392
391 449
391 458
391 467
391 474
391 523
391 545
391 587
392 393
392 398
392 520
392 623
392 670
392 686
392 728
392 733
393 394
393 401
393 415
393 440
393 442
393 471
393 515
393 580
393 599
393 695
394 395
394 498
394 535
394 559
394 598
394 618
394 644
394 728
395 396
395 526
395 541
395 626
395 631
396 397
396 538
396 539
396 558
396 575
396 702
397 398
397 434
397 452
397 474
397 577
397 606
397 724
398 399
398 510
398 515
398 558
398 631
398 634
398 674
398 721
399 400
399 428
399 526
399 553
399 561
399 597
399 603
399 684
399 745
400 401
400 479
400 499
400 516
400 591
400 621
400 633
401 402
401 436
401 473
401 483
401 593
401 673
401 699
401 726
402 403
402 406
402 431
402 441
402 566
402 579
402 586
402 668
402 726
403 404
403 451
403 466
403 493
403 520
403 558
403 609
403 658
403 679
403 683
403 713
404 405
404 416
404 446
404 597
404 728
404 733
404 746
405 406
405 407
405 448
405 503
405 509
405 634
406 407
406 419
406 485
406 498
406 534
406 543
406 587
406 702
406 743
407 408
407 427
407 544
407 693
407 728
408 409
408 426
408 495
408 549
408 558
408 564
408 594
408 604
408 637
408 700
409 410
409 413
409 458
409 518
409 538
409 591
409 662
409 696
410 411
410 489
410 573
410 602
410 604
411 412
411 488
411 513
411 586
411 639
411 669
411 685
411 693
411 703
412 413
412 440
412 545
412 583
412 600
413 414
413 497
413 578
413 604
413 606
413 613
413 736
414 415
414 456
414 509
414 547
414 648
414 685
414 734
415 416
415 451
415 593
416 417
416 477
416 508
416 522
416 570
416 596
416 604
416 666
417 418
417 437
417 482
417 526
417 541
417 550
417 588
417 748
418 419
418 483
418 604
418 691
418 707
418 734
419 420
419 453
419 583
419 586
419 645
419 682
419 687
420 421
420 472
420 505
420 581
420 595
420 626
420 635
420 638
420 660
420 737
421 422
421 441
421 468
421 667
421 699
422 423
422 431
422 439
422 491
422 536
422 602
422 634
423 424
423 470
423 561
423 589
423 592
423 669
423 744
424 425
424 480
424 600
424 659
424 666
424 699
425 426
426 427
426 520
426 545
426 610
426 693
426 737
427 428
427 461
427 467
427 518
427 721
428 429
428 457
428 463
428 465
428 507
428 518
428 566
428 585
428 662
428 692
428 709
429 430
429 473
429 475
429 519
429 550
429 703
430 431
430 477
430 526
430 559
430 637
430 689
430 713
431 432
431 468
431 474
431 481
431 506
431 533
431 574
431 583
431 672
431 700
431 713
432 433
432 552
433 434
433 528
433 599
433 614
433 679
433 745
434 435
434 474
434 521
434 553
434 559
434 622
434 707
434 731
435 436
435 466
435 510
435 720
436 437
436 487
436 492
436 519
436 589
437 438
437 440
437 465
437 523
437 550
437 596
437 637
437 641
437 668
437 687
437 723
437 731
438 439
438 456
438 546
438 582
438 663
438 685
438 697
439 440
439 451
439 485
439 512
439 516
439 544
439 668
439 669
440 441
440 472
440 493
440 586
440 629
440 641
440 649
440 679
440 680
441 442
441 509
441 566
441 630
441 693
441 718
442 443
442 479
442 489
442 592
442 605
442 621
442 677
442 702
443 444
443 458
443 509
443 555
443 569
443 656
444 445
444 468
444 521
444 548
444 610
444 624
444 627
444 698
444 708
445 446
445 541
445 561
445 584
445 659
445 669
445 684
446 447
446 493
446 514
446 589
446 670
446 694
447 448
447 459
447 524
447 553
447 562
447 575
447 654
447 717
447 728
447 733
448 449
448 539
448 601
448 632
448 633
448 645
448 664
448 731
449 450
449 469
449 495
449 540
449 570
449 684
449 689
450 451
450 517
450 552
450 634
450 652
450 729
451 452
451 495
451 501
451 522
451 609
451 627
451 716
452 453
452 611
452 655
453 454
453 520
453 543
453 573
453 646
453 659
453 682
453 683
454 455
454 534
454 620
454 624
454 655
454 672
454 695
454 732
455 456
455 515
455 534
455 583
455 616
455 713
455 719
456 457
456 515
456 518
456 549
456 645
457 458
457 467
457 567
457 635
457 678
457 714
458 459
458 592
458 609
458 689
458 697
458 745
459 460
459 622
459 709
459 716
460 461
460 502
460 533
460 574
460 620
460 646
460 655
460 670
460 677
460 719
460 727
461 462
461 472
461 554
461 555
461 616
461 740
462 463
462 476
462 553
462 557
462 645
462 667
462 680
463 464
463 498
463 504
463 580
463 624
463 632
463 634
464 465
464 488
464 501
464 561
464 583
464 585
464 700
465 466
465 497
465 671
465 724
466 467
466 474
466 505
466 527
466 749
467 468
467 479
467 551
467 637
467 732
468 469
468 548
468 576
468 626
468 637
468 673
468 680
468 718
468 726
468 727
469 470
469 524
469 581
469 639
469 662
469 749
470 471
470 628
470 660
470 722
471 472
471 706
472 473
472 499
472 501
472 529
472 552
472 560
472 615
472 652
472 670
472 689
473 474
473 495
473 526
473 591
473 618
473 648
473 666
473 677
473 729
473 731
473 736
474 475
474 565
474 566
474 615
474 629
474 642
474 670
474 680
474 701
475 476
475 490
475 511
475 514
475 530
475 587
476 477
476 527
476 579
476 600
476 621
476 625
476 639
476 712
476 719
476 733
476 737
477 478
477 628
477 635
477 646
477 659
477 697
478 479
478 535
478 643
478 700
478 737
479 480
479 540
479 572
479 632
479 648
479 665
479 670
479 688
480 481
480 508
480 514
480 591
480 632
481 482
481 503
481 589
481 614
481 620
481 626
481 664
481 700
481 716
482 483
482 547
482 551
482 561
482 575
482 624
483 484
483 501
483 668
483 703
483 732
483 733
484 485
484 488
484 517
484 543
484 559
484 592
484 723
485 486
485 630
485 686
486 487
486 515
486 562
486 637
486 718
486 725
487 488
487 511
487 514
487 625
487 644
487 684
487 689
487 693
487 697
488 489
488 532
488 581
488 693
488 730
488 738
489 490
489 494
489 633
489 661
489 716
489 726
489 749
490 491
490 511
490 541
490 555
490 560
490 607
490 702
490 739
491 492
491 528
491 707
492 493
492 499
492 528
492 580
492 603
492 651
492 674
492 697
492 717
493 494
493 513
493 675
494 495
494 513
494 521
494 527
494 529
494 545
494 548
494 595
494 623
494 659
494 704
494 709
495 496
495 608
495 646
495 676
495 703
495 733
496 497
496 588
496 592
496 605
496 662
496 691
496 692
496 712
496 744
497 498
497 575
497 641
497 686
497 704
498 499
498 546
498 748
499 500
499 520
499 615
499 636
499 660
499 672
499 717
499 730
500 501
500 517
501 502
501 505
501 518
501 557
501 639
501 676
502 503
502 581
502 605
502 705
503 504
503 546
503 560
503 565
503 595
503 606
503 694
504 505
504 514
504 521
504 545
504 651
504 677
504 678
504 707
504 714
504 728
505 506
505 542
505 601
506 507
506 555
506 593
506 647
506 649
507 508
507 578
507 636
507 673
507 715
508 509
508 658
508 669
508 713
509 510
509 528
509 582
509 644
509 665
509 675
509 703
510 511
510 512
510 520
510 574
510 621
510 748
511 512
511 564
511 601
511 699
511 703
511 713
511 723
511 737
512 513
512 616
512 643
512 658
512 663
512 701
513 514
513 560
513 587
513 641
513 661
513 671
513 698
514 515
514 591
514 600
514 604
514 702
514 725
515 516
515 531
515 580
515 640
515 713
516 517
516 526
516 562
516 640
516 675
516 685
516 742
516 747
517 518
517 555
517 619
517 628
517 701
517 743
518 519
518 536
518 591
518 602
518 743
518 744
519 520
519 560
519 603
519 611
519 652
520 521
520 541
520 572
520 642
520 718
520 747
521 522
521 585
521 679
522 523
522 612
522 660
522 682
523 524
523 569
523 596
523 699
524 525
524 548
524 564
524 663
524 704
525 526
525 646
525 723
526 527
526 529
526 582
526 662
526 694
526 697
526 700
526 723
527 528
527 571
527 631
527 643
527 654
527 712
527 744
528 529
528 561
528 578
528 665
529 530
529 556
529 609
529 644
530 531
530 669
530 735
531 532
531 614
531 641
531 654
531 662
531 668
531 716
532 533
532 568
532 596
532 600
532 698
532 707
532 743
533 534
533 584
533 652
533 680
533 689
533 706
534 535
534 655
535 536
535 573
535 606
535 720
535 738
535 749
536 537
536 565
536 577
536 594
536 647
536 670
537 538
537 705
537 737
538 539
538 673
538 699
539 540
539 560
539 573
539 624
539 628
539 635
539 657
539 666
539 707
539 731
540 541
540 569
540 631
540 692
540 712
541 542
541 573
541 598
541 613
541 645
541 648
541 675
541 727
541 749
542 543
542 557
542 604
542 678
543 544
543 560
543 613
543 621
543 624
543 710
544 545
544 570
544 612
544 656
544 728
545 546
545 559
545 568
545 574
545 640
545 658
546 547
546 554
546 674
546 742
546 743
547 548
547 566
547 602
547 723
548 549
548 581
548 671
549 550
549 567
549 592
549 628
549 661
549 710
549 713
550 551
550 604
550 666
550 680
550 697
551 552
551 641
551 691
551 714
551 737
551 739
552 553
552 709
552 715
553 554
553 557
553 627
553 659
553 661
553 716
553 725
554 555
554 728
554 732
554 736
555 556
555 594
555 619
555 626
556 557
556 663
557 558
557 598
558 559
558 577
558 588
558 602
558 633
558 670
558 672
558 685
558 717
558 731
559 560
559 689
560 561
560 613
560 625
560 700
561 562
561 607
562 563
562 569
562 603
562 618
562 634
563 564
563 572
563 583
563 610
563 626
563 689
563 714
564 565
565 566
565 703
566 567
566 591
566 616
566 621
567 568
567 613
567 628
567 634
567 689
567 716
568 569
568 616
569 570
569 613
569 646
569 681
569 683
569 717
569 731
570 571
570 584
570 594
570 701
571 572
571 602
571 630
571 661
571 717
571 718
572 573
572 608
572 618
572 651
572 669
572 700
573 574
573 575
573 592
573 608
573 712
573 737
574 575
574 583
574 601
574 659
575 576
575 680
576 577
576 685
577 578
577 626
577 705
578 579
578 642
578 689
579 580
579 595
579 596
579 724
580 581
580 584
580 648
580 744
581 582
581 585
581 626
582 583
582 680
582 696
582 745
583 584
583 586
583 605
583 691
583 717
583 730
584 585
584 747
585 586
585 654
585 669
585 683
585 718
586 587
586 597
586 624
586 664
586 697
587 588
587 605
587 685
588 589
588 644
588 697
588 708
588 736
589 590
589 636
589 641
590 591
590 600
590 609
590 729
591 592
591 706
591 719
591 727
591 728
592 593
592 618
592 652
593 594
594 595
594 596
594 602
594 635
594 642
594 688
594 724
594 730
594 736
594 748
595 596
595 610
595 698
596 597
596 634
596 673
597 598
597 637
597 681
597 688
597 701
598 599
598 626
598 716
599 600
599 627
599 640
600 601
600 682
600 742
600 744
601 602
601 732
602 603
602 663
603 604
604 605
604 610
604 726
605 606
605 654
605 739
606 607
607 608
607 649
607 684
607 710
608 609
608 651
608 664
608 665
608 697
608 717
609 610
609 620
610 611
610 704
610 742
611 612
611 648
611 668
611 699
611 728
612 613
612 628
612 664
613 614
613 643
613 689
613 698
613 728
614 615
614 632
614 676
615 616
616 617
616 670
616 680
617 618
617 629
617 641
618 619
618 623
618 656
619 620
619 652
619 654
619 677
619 698
620 621
620 628
620 680
621 622
621 680
622 623
622 746
623 624
623 641
623 690
623 701
624 625
624 684
624 698
624 722
624 746
625 626
626 627
626 683
626 688
626 716
626 734
627 628
627 663
627 713
628 629
628 716
628 744
628 745
628 746
629 630
629 679
629 680
629 743
630 631
630 645
630 684
630 698
631 632
631 701
632 633
632 711
633 634
633 658
633 701
633 702
633 741
634 635
634 652
634 736
635 636
636 637
637 638
637 639
638 639
638 655
638 676
639 640
639 683
639 735
640 641
640 651
640 672
640 722
640 745
641 642
641 660
641 690
641 695
641 701
641 730
642 643
643 644
643 654
643 680
644 645
644 670
644 686
644 707
644 736
645 646
645 681
645 689
645 717
645 722
645 730
645 734
645 738
646 647
646 734
647 648
648 649
648 658
648 683
648 686
649 650
649 708
650 651
650 663
650 677
651 652
651 671
651 697
651 716
652 653
652 677
652 740
652 747
653 654
653 668
653 682
653 735
653 743
654 655
654 737
655 656
655 663
655 708
656 657
656 680
656 749
657 658
657 664
658 659
658 670
658 678
659 660
659 699
659 731
659 741
660 661
660 665
660 668
660 686
660 737
660 747
661 662
661 667
661 687
661 737
662 663
662 683
663 664
664 665
664 709
664 731
665 666
665 694
665 695
665 700
665 709
666 667
666 674
667 668
667 684
667 703
668 669
669 670
669 717
670 671
670 681
670 729
670 745
671 672
672 673
672 695
672 734
672 747
673 674
673 688
673 691
673 726
674 675
675 676
675 701
675 707
676 677
676 718
677 678
678 679
678 686
678 688
678 715
679 680
679 689
679 701
679 719
680 681
680 720
681 682
681 742
682 683
682 689
683 684
684 685
684 726
685 686
685 741
686 687
686 715
687 688
687 727
688 689
689 690
689 712
690 691
690 699
690 700
690 701
690 742
691 692
691 742
692 693
692 699
692 739
693 694
693 735
693 742
694 695
694 708
695 696
695 740
696 697
697 698
697 736
698 699
699 700
700 701
700 729
701 702
701 703
702 703
702 739
703 704
704 705
704 733
705 706
706 707
706 728
707 708
708 709
708 740
709 710
710 711
711 712
711 743
711 748
712 713
712 729
712 731
713 714
714 715
715 716
715 727
716 717
716 724
716 747
717 718
717 726
717 728
718 719
718 723
718 736
719 720
720 721
721 722
722 723
722 733
723 724
724 725
725 726
726 727
727 728
727 729
727 731
728 729
728 745
729 730
730 731
731 732
732 733
733 734
734 735
735 736
736 737
737 738
738 739
738 749
739 740
740 741
741 742
742 743
743 744
744 745
745 746
746 747
747 748
748 749
