0 31.44986686892671
1 100.41428388611541
2 58.47057588788907
3 55.68059260223727
4 24.806202570779725
5 73.23175691552514
6 91.42881874955044
7 56.456378696261424
8 20.852266756558873
9 100.00240893315618
10 33.64856129170573
11 115.98001512336907
12 84.99953235965937
13 63.40258305912147
14 55.21108156255112
15 47.406178713217365
16 34.2506747912643
17 99.74978871483319
18 103.91030874003405
19 90.57251787911089
20 54.119925668320484
21 60.49866782119311
22 110.77529486895595
23 98.12869885001274
24 51.29724223975255
25 30.987273168317547
26 67.66614795647074
27 97.43535415729141
28 33.09936009859505
29 36.27071232912641
30 92.64470105385153
31 72.18130165821157
32 36.09851361917283
33 105.38305078548134
34 106.73140947905756
35 88.23378823948839
36 35.79219153229159
37 109.99736976981268
38 81.69504080780268
39 21.927963630947936
40 56.77500491793126
41 41.207709871784616
42 82.681947703728
43 35.81813659823145
44 68.59638495884037
45 39.03556446906458
46 21.776825340130983
47 86.85481083034257
48 96.33547107539658
49 43.26749830439819
50 58.99703637078206
51 45.0179308240706
52 96.8972323149161
53 91.3593485973626
54 35.75774921881921
55 46.62806680340745
56 52.131499670527
57 49.396417296044675
58 102.505230696716
59 105.87383154913157
60 108.09922949006426
61 25.47790164729839
62 107.000909006148
63 60.53506980647206
64 46.158054730934936
65 81.39779100403418
66 42.64883244951406
67 33.44789320398638
68 106.01168965745445
69 28.123312473281885
70 117.29443660728853
71 49.94896308651483
72 93.46558898597108
73 63.32591694359718
74 92.08259910838625
75 63.352843892189576
76 96.35375390791624
77 85.09875574440109
78 57.248167052415724
79 105.45770555367888
80 100.94935220063458
81 94.99842190865522
82 57.12228199705341
83 97.14096904343708
84 48.14441434434167
85 85.67770036582753
86 50.17297272636589
87 25.29799839771664
88 93.78152806999397
89 93.62997082744134
90 91.55866507894424
91 116.69324897359543
92 40.74316069571983
93 85.94475948448233
94 55.458397922506336
95 116.73477423758453
96 91.75180868447434
97 41.47792866919529
98 72.35269600892741
99 111.74935167854488
100 31.306905095965423
101 81.46881739918103
102 42.46420263804091
103 117.02687490431295
104 82.78205022156601
105 102.39061165347407
106 100.72734462209922
107 89.71914514618788
108 102.42876106907723
109 64.69907502846945
110 50.9414398016643
111 115.61952048794691
112 65.88062408971675
113 95.1487539553352
114 57.1718184522108
115 61.91630294641772
116 74.72437234398191
117 67.4745859264331
118 78.99871582898245
119 84.20422629606297
120 60.80208408316299
121 36.490810511714145
122 63.87376673496451
123 25.35466514822458
124 94.13133550310265
125 114.03797590869873
126 64.62922814923141
127 46.28676811948408
128 106.67779134061011
129 91.71271839696263
130 33.09505704022254
131 84.24796781181168
132 28.687417303414428
133 34.94392051408497
134 51.81423183388581
135 42.90383084601372
136 96.88309754995001
137 95.73275599932091
138 105.00682676887286
139 80.35356957728513
140 34.553132280709015
141 117.2530264254623
142 57.2185222651675
143 76.12895646403052
144 22.406740857912382
145 32.51211129042008
146 103.49933926915678
147 26.300789342848944
148 76.04434347787047
149 91.40174248428592
150 78.49361801254133
151 37.00844363310017
152 20.988055671896714
153 85.72177383267119
154 63.48235500384251
155 61.044497710171534
156 109.44049288607778
157 80.1389099145168
158 110.20420477817692
159 49.56777537536831
160 54.2876247358491
161 98.54641918610798
162 108.19158999135804
163 71.584570974449
164 65.33408942200613
165 59.91960346742619
166 58.39352085417312
167 87.52925463203971
168 60.35701862585588
169 105.51585044065007
170 80.01690564210034
171 50.09183320049611
172 89.28709306744055
173 110.14686192712836
174 69.80325165804643
175 45.3814339244622
176 53.67321602959022
177 24.25467522110796
178 53.3678476615761
179 80.58113912081552
180 25.559793937108736
181 50.65194255200141
182 116.76363092561544
183 70.4409689452304
184 70.00335666080561
185 20.040807477813033
186 83.09217590641677
187 74.27217943855109
188 53.67782713632096
189 92.80373887003402
190 103.76929452109877
191 87.54755756969205
192 78.36544028958028
193 81.06343590234854
194 66.96298423847145
195 97.7786635064495
196 112.60297060299807
197 54.63796138552936
198 86.75657475780413
199 73.0325188624078
200 107.35058872177757
201 67.27108031876173
202 25.75005747842686
203 63.266494492349295
204 72.27328856457885
205 115.39672136026196
206 21.097825147651143
207 59.601716037256665
208 58.07252369650338
209 20.70036820397803
210 29.391072699797036
211 74.72156741540505
212 37.27832815409085
213 109.86913883320273
214 79.32841653424782
215 78.77339210184124
216 101.00984847776166
217 50.17613257122996
218 22.778295690021405
219 49.46781037897233
220 92.43490573884368
221 87.92361578696541
222 104.62202060479565
223 72.51156030506564
224 79.00678238379851
225 28.273486467021662
226 29.676359702947057
227 59.076088208490795
228 25.029197211551526
229 89.62235315678117
230 91.0298105596721
231 30.69559336940481
232 63.69797700852911
233 63.43248500119612
234 38.28679148553684
235 58.80461042697385
236 83.49067848309865
237 111.30880548927611
238 106.4991986602559
239 36.06659625726702
240 37.623011969532186
241 35.11599216266539
242 96.97487691848504
243 99.71145011045604
244 57.26359689914186
245 63.058636300638994
246 99.68775160971461
247 23.291231039884433
248 99.29623544485108
249 104.90138941740263
250 73.67451411724758
251 42.579813320832045
252 87.64156079795715
253 42.884822492913514
254 56.5878833707525
255 83.7835808533079
256 113.49752572640212
257 41.39675004677888
258 57.486666449735615
259 117.7966708738449
260 44.330910795388995
261 78.08755804979383
262 97.97797159044457
263 72.92571480441786
264 54.04965022810049
265 21.872100576624412
266 105.98704916107657
267 100.32538990448322
268 27.50845032855465
269 109.13952713956247
270 33.71551139225766
271 101.32753857635383
272 111.3478019017948
273 98.4963895298068
274 66.75865088582043
275 93.91298220295133
276 80.13920425956861
277 116.49723037416186
278 114.88794152951394
279 116.76659632156426
280 61.906973852900926
281 42.070801989041215
282 26.664766206304904
283 43.67259858783358
284 20.31980914797154
285 115.72893807732848
286 49.836752935107015
287 108.44841231716994
288 22.192769245161585
289 101.1490275367382
290 67.37809806924786
291 21.181887034674677
292 28.413154074238662
293 71.3499356843298
294 75.07052136724907
295 90.22802828508738
296 34.001284189623064
297 39.435128254242755
298 30.6816114346868
299 51.23785202223605
300 48.739918091361574
301 104.75566269338105
302 97.08247046076833
303 44.433331557128525
304 53.653700195332114
305 39.34961062197982
306 22.05673496729525
307 74.40883057947582
308 90.59261201100755
309 96.6433797439016
310 46.08821656949023
311 32.930839673277795
312 42.271184388767225
313 84.65433533687316
314 106.07453179449264
315 64.52420982952557
316 38.3377460143341
317 109.31297790767488
318 107.69928457288678
319 107.07451051633018
320 79.39574674549485
321 60.02689645570071
322 72.1054845701515
323 45.24251268958216
324 105.3717822029692
325 79.23757594394264
326 23.54806316886195
327 73.17825474696323
328 47.22266073670285
329 30.47508227406965
330 73.86350767268013
331 74.8384847186264
332 91.69644217122885
333 55.29451140885884
334 76.87977764998726
335 95.152759130503
336 57.710094398927986
337 88.48205158484868
338 71.29981314983277
339 93.34979908613232
340 29.879042871185288
341 83.04734976365015
342 104.12714644988128
343 40.94721630812887
344 119.83154258341024
345 81.77284443126302
346 28.362241003851345
347 51.223991046995025
348 29.163462889154253
349 60.46956431056609
350 98.48332106373041
351 104.43663889417643
352 69.23673496053908
353 59.59286770401241
354 45.13571544701977
355 63.606284344382296
356 52.49736844678919
357 115.50046416230825
358 96.48873763168432
359 59.39534525664485
360 107.58658743902463
361 100.38895011070134
362 27.879422075015455
363 59.40889931905439
364 86.24131838168593
365 80.82405064116949
366 63.64752076731615
367 27.197234512865407
368 23.827873810432813
369 108.78362251316152
370 25.476323629713455
371 119.30247012912854
372 87.32539455702118
373 66.26137856851469
374 20.08904780331327
375 64.88353122969428
376 94.67320539528552
377 94.73323827752274
378 85.81067709911152
379 21.770231639347852
380 117.61894491763206
381 54.16707229345355
382 72.29029690025386
383 105.23853912909087
384 86.55195899351945
385 72.76054269395513
386 110.58913480830252
387 41.36555346494147
388 100.27910575862708
389 68.22062731057545
390 41.87462816882777
391 105.51412824686972
392 106.29778934427875
393 44.152348579247914
394 112.12109001398846
395 68.31347800384538
396 57.843697129458924
397 91.0030988868226
398 107.50258474351224
399 86.44348217950052
400 72.83832988999029
401 50.01290700257996
402 100.57386828291384
403 43.596873469983095
404 116.83413931309775
405 30.74982568370707
406 100.87037711416416
407 68.1848052798282
408 107.15269942324504
409 108.06362801247352
410 55.21838865886786
411 28.667829704111753
412 88.63398057794457
413 62.669796500470824
414 22.831653299758553
415 34.835575296174255
416 62.76249813264681
417 71.07976787243416
418 58.18094879775542
419 53.92494130254504
420 61.4087206499692
421 95.222298438639
422 70.65817570242567
423 84.15798245610497
424 44.02182941482336
425 69.85467733356592
426 94.21672305765745
427 115.09704996090434
428 62.83248657509907
429 36.7414613190884
430 92.4550616152547
431 44.15617699717207
432 84.47205257544489
433 28.58230270252809
434 45.02061505739377
435 111.67413602175121
436 78.3872312632405
437 62.79933292679111
438 109.74615532289425
439 63.14593112818283
440 82.52684227452195
441 65.54849474504618
442 31.59109466870208
443 46.52595123981987
444 35.00007173366136
445 109.69809469894878
446 74.2452297466107
447 104.95739330266005
448 116.75318905831232
449 117.021789616195
450 83.16263934886265
451 30.84899558190996
452 84.78437849353007
453 44.48206658778062
454 49.82857737719634
455 105.9114759679972
456 88.01399953455316
457 47.234277207368834
458 36.22239562277914
459 63.582524697532065
460 48.650253185907815
461 86.86009208722902
462 35.724647469194785
463 75.21059863039491
464 60.73785826271682
465 32.343196514241406
466 92.12670222802878
467 79.43414542882442
468 104.55001860497543
469 83.42897972199435
470 71.93635704011902
471 45.38432367379383
472 100.581635993038
473 31.263830947320777
474 86.83308402637009
475 84.65567332984608
476 30.12433213775996
477 59.58855846054989
478 92.91168719958812
479 104.4305792057416
480 30.75154134373976
481 81.26441396991729
482 51.263357450162964
483 24.709850541958698
484 34.51458174787121
485 99.53903750665168
486 20.47819458723186
487 66.29303095532543
488 54.24824169061961
489 81.21359190809838
490 65.81346627294418
491 52.968567448021375
492 39.107137562552325
493 29.75125251791029
494 112.05706211027683
495 61.31530122139771
496 114.30166898487418
497 50.37110290844158
498 37.52565196476837
499 94.58319464774958
500 91.97513829512194
501 106.30043729693288
502 105.17233142564955
503 53.31257975989117
504 90.2611817218658
505 75.61230904018484
506 53.438628830563474
507 24.667653030743335
508 25.783398230099422
509 31.454155902725343
510 24.27090037931749
511 114.90131343258001
512 51.20663246654169
513 84.977165266722
514 88.63134360519484
515 104.93487691830933
516 93.92208047547783
517 49.904990269436794
518 40.868956904967646
519 117.72758283601854
520 114.54603972535782
521 110.43431071181558
522 72.47597256715156
523 47.92724664157641
524 44.63474828646805
525 100.03866074844588
526 103.04044377061433
527 119.23476258098877
528 81.8654441177983
529 27.750839868443304
530 41.61576937216189
531 102.98164627208692
532 117.90643196954052
533 20.628127722213524
534 75.26319810808786
535 52.61112932054255
536 49.296582817291025
537 86.35843098001169
538 33.18339059161927
539 83.06978173194994
540 74.87733583707451
541 38.344392684094544
542 54.63837277998263
543 51.55803282342147
544 114.66801809396529
545 67.10643171016225
546 96.77532184288067
547 76.6543457093398
548 94.5477862135968
549 86.47453128631385
550 54.49877532337763
551 66.51922937088898
552 28.705342753180958
553 30.792536862594776
554 28.6980486326539
555 113.70168323287687
556 97.54008296188067
557 30.23765067326715
558 71.42175760194009
559 54.01203375195106
560 62.54606924501053
561 45.36166199242288
562 57.00155382234266
563 79.9915897792159
564 81.68285478482885
565 99.08938034333268
566 76.66225688799645
567 45.700903291103096
568 88.83484833540379
569 104.66369013879611
570 30.815819364178303
571 98.8648369077925
572 79.18354575368275
573 51.40547635258607
574 98.02163715240042
575 28.854076655966615
576 98.6646412505515
577 76.66063517060122
578 92.50591496206546
579 24.549074433387666
580 70.1546653559781
581 21.93524570621123
582 83.1679454398858
583 94.82389056470828
584 101.62945467733283
585 43.97393697293707
586 36.16131777835757
587 116.20372424702924
588 112.25942280826668
589 27.415338713502795
590 60.423209010933704
591 37.191408316475666
592 81.25426923688612
593 24.662440161815258
594 80.93510022972796
595 86.82449467932238
596 71.24236675115347
597 30.734582624639877
598 38.033394833364454
599 106.21597953945215
600 103.06781030226401
601 86.12171865565858
602 112.74857113376581
603 46.14814318271469
604 62.11066820800446
605 89.04046020448169
606 107.93666530032253
607 51.23035092366197
608 97.58374185832295
609 89.99537453202893
610 72.87704226719136
611 81.69809611022083
612 35.73165823911917
613 36.17786707348728
614 45.0455480325744
615 107.62196595957934
616 65.45594941114376
617 30.9889056978741
618 96.93231379295841
619 47.1115839144926
620 70.61224401662051
621 74.85075817653262
622 118.0586379955686
623 110.04106823426656
624 77.07351574193255
625 57.47679687875675
626 32.75750963894521
627 51.88886254679822
628 54.62585573004911
629 78.89734328675928
630 52.81749225748703
631 38.47623960057223
632 63.861011554273375
633 86.7934545323873
634 90.74990322415951
635 71.70521737775772
636 66.45249365867623
637 31.069406887499245
638 114.22427675915016
639 28.83797808535955
640 23.54974429775936
641 53.09859325326593
642 105.12733853812664
643 23.426304773179154
644 91.49757177894824
645 46.706417554816376
646 97.73586043973413
647 104.69098783048949
648 86.68557604100245
649 50.70770842985897
650 109.65387281328375
651 73.96750604015875
652 32.05512649801835
653 58.695035711321914
654 46.4499406760782
655 111.77574942468377
656 116.63892909013248
657 60.778279228959605
658 56.340292734706125
659 77.1378943253313
660 96.48102951230827
661 64.10464687584344
662 34.798827579257235
663 61.96003174412112
664 40.38263120397957
665 74.24228973000032
666 30.635089448796005
667 57.60944373189227
668 77.14185906373231
669 57.88954194559159
670 84.86653443613251
671 118.26096357878257
672 32.30319302501756
673 48.87572644007038
674 41.62154506031764
675 86.15211476489048
676 51.9049963218946
677 104.04837983104268
678 106.34476384159476
679 77.57827922374082
680 98.31116585197299
681 63.395651188276446
682 90.7365523872538
683 115.27542227461342
684 68.93564810354987
685 119.63153684384625
686 76.14345543566424
687 32.77938089932539
688 32.51618950951247
689 56.47550539502557
690 47.52677819455857
691 69.41713565378281
692 99.56633807072262
693 71.98700572512385
694 98.67148553621954
695 20.776819513372097
696 43.7323776958546
697 63.56922906864927
698 85.957816263197
699 108.81971671332464
700 69.00456687371675
701 114.63541071650675
702 112.8031659550686
703 88.23884035477859
704 74.07963193726816
705 89.43486468105148
706 59.79192784955974
707 111.23512040551537
708 99.64420945744273
709 112.16483806912429
710 36.54615091458519
711 31.573613858025723
712 56.9465307852444
713 79.24823001985644
714 20.550028557630345
715 40.598601817229465
716 26.746306038869022
717 29.536026786206577
718 65.42639115698555
719 92.82776748050644
720 86.58043977454379
721 76.19732346321737
722 106.5735214141673
723 96.81214044598687
724 71.25486191268229
725 86.18861973957122
726 65.6057627899199
727 118.1398440477282
728 96.570403096228
729 78.44804502970379
730 56.701601641665974
731 65.77809463414505
732 79.51328651593114
733 100.3390370919934
734 27.74795706133155
735 110.38933315561104
736 69.48852285358025
737 33.37190335495063
738 27.079676877787968
739 113.82374560270831
740 64.64707871309952
741 73.86064906892888
742 72.64832044707703
743 32.681862986986374
744 24.955384619850737
745 31.92628673208097
746 114.6145052392232
747 95.65731490283449
748 109.37841480941606
749 93.13682565780866
0 1
0 46
0 130
0 179
0 224
0 264
0 424
0 440
0 441
0 582
0 598
0 601
0 608
0 635
0 642
0 688
0 692
1 2
1 101
1 103
1 117
1 138
1 181
1 188
1 204
1 277
1 402
1 468
1 498
1 565
1 581
1 605
1 677
1 693
1 718
2 3
2 102
2 107
2 148
2 186
2 189
2 202
2 212
2 225
2 233
2 241
2 286
2 294
2 356
2 404
2 416
2 432
2 439
2 453
2 462
2 473
2 522
2 557
2 564
2 566
2 576
2 587
2 627
2 659
2 746
3 4
3 131
3 140
3 148
3 149
3 177
3 180
3 220
3 243
3 335
3 336
3 349
3 408
3 409
3 451
3 479
3 529
3 608
3 736
4 5
4 18
4 74
4 90
4 227
4 247
4 280
4 314
4 375
4 396
4 447
4 462
4 555
4 570
4 586
4 639
4 658
4 699
4 727
4 737
5 6
5 185
5 193
5 208
5 240
5 243
5 336
5 362
5 423
5 495
5 537
5 585
5 667
5 671
5 681
5 718
5 724
6 7
6 107
6 247
6 313
6 420
6 437
6 446
6 480
6 508
6 590
6 671
6 707
6 746
7 8
7 15
7 44
7 67
7 85
7 102
7 111
7 113
7 130
7 272
7 333
7 349
7 360
7 399
7 451
7 533
7 542
7 574
7 604
7 672
7 681
7 703
7 715
7 734
8 9
8 26
8 74
8 216
8 278
8 368
8 389
8 428
8 463
8 516
8 517
8 550
8 553
8 566
8 617
8 629
8 724
9 10
9 35
9 88
9 99
9 128
9 156
9 211
9 222
9 261
9 354
9 362
9 378
9 409
9 416
9 445
9 485
9 500
9 527
9 545
9 616
9 669
9 706
9 724
10 11
10 82
10 95
10 146
10 164
10 215
10 217
10 273
10 358
10 386
10 462
10 465
10 477
10 480
10 494
10 528
10 629
10 648
10 667
10 708
10 723
11 12
11 60
11 75
11 255
11 440
11 604
11 621
11 634
11 640
11 657
11 661
11 717
11 748
12 13
12 46
12 98
12 165
12 181
12 246
12 311
12 312
12 316
12 373
12 450
12 461
12 463
12 540
12 542
12 605
12 612
12 630
12 634
12 682
12 701
13 14
13 91
13 221
13 237
13 258
13 267
13 364
13 482
13 497
13 510
13 558
13 567
13 601
13 651
13 653
13 703
13 730
13 747
14 15
14 25
14 103
14 119
14 222
14 303
14 315
14 363
14 379
14 393
14 498
14 578
14 616
14 619
14 716
14 743
14 745
15 16
15 43
15 65
15 118
15 125
15 158
15 191
15 244
15 292
15 306
15 331
15 543
15 587
15 626
15 681
15 728
15 744
15 745
16 17
16 42
16 97
16 141
16 260
16 283
16 292
16 293
16 305
16 365
16 434
16 458
16 522
16 528
16 552
16 584
16 729
17 18
17 27
17 89
17 102
17 113
17 120
17 136
17 173
17 184
17 192
17 239
17 261
17 276
17 292
17 328
17 350
17 366
17 368
17 415
17 520
17 561
17 577
17 658
17 689
17 694
17 741
18 19
18 46
18 52
18 76
18 93
18 134
18 140
18 145
18 210
18 215
18 259
18 274
18 276
18 313
18 361
18 392
18 423
18 450
18 487
18 511
18 521
18 540
18 547
18 616
18 636
18 666
18 706
19 20
19 105
19 150
19 154
19 171
19 180
19 357
19 359
19 381
19 400
19 419
19 441
19 536
19 731
20 21
20 33
20 46
20 195
20 230
20 249
20 372
20 374
20 385
20 407
20 735
21 22
21 61
21 118
21 120
21 177
21 194
21 199
21 221
21 223
21 240
21 246
21 273
21 285
21 478
21 493
21 680
21 745
22 23
22 25
22 171
22 188
22 240
22 362
22 393
22 398
22 505
22 641
22 705
22 714
22 739
22 748
23 24
23 30
23 49
23 79
23 114
23 164
23 204
23 264
23 286
23 295
23 316
23 321
23 391
23 412
23 642
24 25
24 109
24 152
24 178
24 186
24 260
24 265
24 317
24 338
24 367
24 372
24 374
24 459
24 460
24 473
24 483
24 503
24 559
24 561
24 584
24 688
24 689
25 26
25 46
25 89
25 157
25 162
25 166
25 284
25 305
25 465
25 512
25 515
25 522
25 524
25 527
25 538
25 569
25 587
25 657
26 27
26 38
26 40
26 86
26 265
26 314
26 380
26 402
26 438
26 622
26 649
26 677
26 678
26 746
27 28
27 51
27 157
27 181
27 247
27 328
27 380
27 403
27 407
27 427
27 460
27 486
27 488
27 538
27 592
27 681
27 697
27 706
27 725
27 734
28 29
28 77
28 91
28 110
28 130
28 139
28 177
28 230
28 235
28 357
28 361
28 383
28 416
28 535
28 673
28 725
29 30
29 38
29 65
29 156
29 241
29 293
29 329
29 354
29 401
29 418
29 422
29 496
29 521
29 541
29 611
29 620
29 668
30 31
30 45
30 144
30 145
30 171
30 182
30 231
30 288
30 293
30 340
30 421
30 431
30 443
30 591
30 592
30 605
30 653
30 748
31 32
31 60
31 82
31 89
31 271
31 279
31 283
31 331
31 406
31 452
31 456
31 493
31 496
31 528
31 562
31 628
31 713
32 33
32 69
32 215
32 219
32 247
32 270
32 302
32 332
32 424
32 460
32 517
32 538
32 607
33 34
33 42
33 69
33 97
33 116
33 124
33 173
33 299
33 367
33 368
33 379
33 419
33 427
33 434
33 435
33 451
33 524
33 537
33 625
34 35
34 111
34 214
34 242
34 389
34 468
34 613
34 645
34 668
34 690
35 36
35 86
35 123
35 297
35 354
35 410
35 450
35 473
35 524
35 539
35 550
35 563
35 663
35 712
35 737
35 740
36 37
36 48
36 170
36 231
36 280
36 300
36 346
36 354
36 359
36 410
36 444
36 541
36 548
36 583
36 599
36 601
36 689
36 721
37 38
37 104
37 158
37 197
37 271
37 301
37 312
37 364
37 377
37 426
37 431
37 447
37 561
37 571
37 587
37 615
37 686
37 745
38 39
38 126
38 149
38 158
38 164
38 181
38 195
38 204
38 212
38 237
38 240
38 252
38 266
38 292
38 453
38 518
38 524
38 556
38 590
38 610
38 637
38 639
39 40
39 71
39 93
39 200
39 224
39 270
39 317
39 320
39 327
39 357
39 417
39 439
39 480
39 482
39 507
39 582
39 589
39 610
39 645
39 650
39 694
39 735
40 41
40 62
40 88
40 96
40 107
40 136
40 157
40 197
40 241
40 271
40 280
40 282
40 292
40 355
40 377
40 390
40 529
40 570
40 590
40 663
40 672
40 726
41 42
41 56
41 77
41 125
41 148
41 165
41 236
41 266
41 305
41 308
41 429
41 509
41 560
41 583
41 610
41 654
42 43
42 64
42 89
42 90
42 126
42 153
42 228
42 313
42 326
42 427
42 470
42 500
42 575
42 593
42 620
42 648
42 655
42 711
43 44
43 54
43 135
43 179
43 200
43 232
43 245
43 263
43 301
43 317
43 332
43 448
43 504
43 727
44 45
44 88
44 211
44 217
44 272
44 282
44 328
44 337
44 392
44 399
44 431
44 448
44 512
44 522
44 553
44 557
44 571
44 643
44 658
44 663
44 666
44 712
44 715
45 46
45 49
45 278
45 314
45 394
45 655
45 662
45 667
45 701
45 730
46 47
46 70
46 102
46 108
46 140
46 327
46 342
46 349
46 354
46 371
46 426
46 507
46 549
46 563
46 569
46 586
46 737
47 48
47 49
47 68
47 125
47 132
47 137
47 142
47 162
47 210
47 240
47 273
47 275
47 313
47 327
47 359
47 360
47 410
47 429
47 442
47 450
47 486
47 568
47 630
47 651
47 672
47 691
47 741
48 49
48 69
48 278
48 292
48 319
48 377
48 393
48 395
48 481
48 520
48 551
48 576
48 585
48 664
48 670
48 711
48 746
49 50
49 121
49 180
49 197
49 236
49 307
49 337
49 357
49 450
49 458
49 500
49 529
49 553
49 595
49 651
49 714
50 51
50 57
50 66
50 123
50 269
50 377
50 422
50 466
50 610
50 628
50 729
51 52
51 69
51 77
51 149
51 189
51 231
51 265
51 343
51 367
51 378
51 400
51 467
51 500
51 512
51 573
51 587
51 622
51 729
51 743
52 53
52 77
52 125
52 181
52 192
52 239
52 240
52 289
52 293
52 366
52 382
52 429
52 510
52 545
52 558
52 584
52 660
52 732
53 54
53 94
53 127
53 143
53 163
53 207
53 264
53 283
53 338
53 391
53 410
53 505
53 542
53 573
53 600
53 680
54 55
54 97
54 106
54 158
54 217
54 218
54 245
54 248
54 283
54 321
54 343
54 370
54 396
54 428
54 452
54 505
54 642
54 663
55 56
55 96
55 102
55 172
55 181
55 214
55 229
55 244
55 257
55 287
55 314
55 335
55 457
55 465
55 491
55 493
55 505
55 543
55 587
55 637
56 57
56 129
56 159
56 170
56 176
56 195
56 222
56 256
56 291
56 305
56 307
56 313
56 324
56 337
56 344
56 370
56 417
56 424
56 429
56 474
56 499
56 505
56 513
56 633
56 652
56 653
56 692
56 738
57 58
57 60
57 108
57 243
57 244
57 273
57 322
57 494
57 496
57 506
57 534
57 571
57 656
57 657
57 726
58 59
58 88
58 103
58 130
58 176
58 177
58 238
58 286
58 287
58 289
58 291
58 321
58 361
58 365
58 367
58 386
58 443
58 494
58 546
58 563
58 608
58 630
58 654
58 695
59 60
59 72
59 79
59 88
59 185
59 190
59 251
59 344
59 389
59 398
59 405
59 423
59 428
59 467
59 506
59 559
59 570
59 633
59 644
59 661
59 679
59 716
59 723
59 729
59 730
60 61
60 87
60 164
60 183
60 192
60 228
60 358
60 385
60 418
60 447
60 467
60 473
60 586
60 625
60 631
60 634
60 678
60 684
60 710
60 711
60 729
61 62
61 98
61 162
61 193
61 239
61 250
61 293
61 413
61 434
61 442
61 522
61 561
61 578
61 579
61 652
62 63
62 73
62 76
62 78
62 108
62 185
62 281
62 287
62 310
62 315
62 332
62 391
62 399
62 410
62 452
62 523
62 640
62 678
63 64
63 99
63 161
63 207
63 298
63 307
63 356
63 392
63 421
63 464
63 519
63 560
63 567
63 636
64 65
64 95
64 104
64 108
64 180
64 203
64 242
64 250
64 285
64 304
64 360
64 417
64 508
64 519
64 574
64 724
64 738
64 747
65 66
65 87
65 94
65 116
65 162
65 166
65 196
65 350
65 382
65 432
65 466
65 485
65 591
65 627
65 650
65 653
65 677
65 706
65 725
65 747
66 67
66 82
66 123
66 134
66 257
66 393
66 394
66 489
66 563
66 667
66 694
66 697
66 706
66 735
67 68
67 128
67 146
67 163
67 169
67 179
67 231
67 438
67 474
67 478
67 536
67 602
67 629
67 657
67 725
68 69
68 96
68 116
68 121
68 179
68 187
68 206
68 302
68 308
68 405
68 422
68 459
68 462
68 488
68 516
68 532
68 539
68 561
68 585
68 639
68 640
68 717
69 70
69 170
69 217
69 228
69 275
69 311
69 313
69 320
69 334
69 354
69 456
69 462
69 520
69 564
69 620
69 666
70 71
70 98
70 119
70 143
70 309
70 334
70 352
70 363
70 377
70 391
70 463
70 481
70 500
70 531
70 536
70 585
70 603
70 651
70 744
70 748
71 72
71 96
71 132
71 152
71 304
71 317
71 385
71 462
71 476
71 484
71 530
71 554
71 582
71 661
71 680
71 700
71 718
72 73
72 90
72 96
72 114
72 227
72 254
72 262
72 334
72 402
72 538
72 539
72 569
72 588
72 595
72 628
72 687
72 688
72 690
73 74
73 116
73 205
73 215
73 224
73 320
73 394
73 520
73 554
73 651
73 666
74 75
74 119
74 138
74 196
74 258
74 284
74 301
74 314
74 340
74 358
74 373
74 443
74 453
74 477
74 495
74 562
74 635
75 76
75 134
75 180
75 290
75 303
75 597
75 611
75 635
75 644
75 657
75 672
75 678
75 688
75 719
75 736
76 77
76 143
76 245
76 281
76 356
76 359
76 394
76 399
76 473
76 517
76 541
76 651
76 702
76 721
76 748
77 78
77 80
77 127
77 137
77 164
77 177
77 186
77 197
77 198
77 332
77 430
77 488
77 501
77 502
77 592
77 605
77 627
77 636
77 677
77 686
78 79
78 129
78 187
78 220
78 267
78 297
78 300
78 306
78 322
78 331
78 514
78 535
78 537
78 539
78 655
78 672
78 742
79 80
79 128
79 197
79 238
79 255
79 301
79 488
79 496
79 565
79 598
79 708
79 717
80 81
80 123
80 155
80 240
80 342
80 344
80 393
80 414
80 427
80 434
80 461
80 466
80 474
80 535
80 559
80 567
80 574
80 618
80 619
80 630
80 634
80 672
80 688
80 717
81 82
81 119
81 142
81 148
81 160
81 196
81 230
81 233
81 252
81 306
81 320
81 321
81 323
81 328
81 341
81 345
81 354
81 457
81 471
81 478
81 492
81 621
81 649
81 664
81 671
81 673
81 715
81 732
81 744
82 83
82 91
82 92
82 137
82 161
82 329
82 347
82 353
82 399
82 406
82 501
82 511
82 597
82 618
82 634
82 638
82 646
82 687
82 726
83 84
83 164
83 202
83 203
83 251
83 349
83 404
83 464
83 474
83 501
83 566
83 594
83 624
83 647
83 651
83 685
83 690
84 85
84 111
84 143
84 289
84 313
84 482
84 492
84 571
84 580
84 592
84 600
84 693
84 703
85 86
85 111
85 144
85 171
85 181
85 200
85 251
85 256
85 258
85 277
85 303
85 358
85 371
85 391
85 395
85 559
85 645
85 648
85 672
85 740
86 87
86 125
86 247
86 248
86 463
86 475
86 497
86 529
86 572
86 634
86 715
86 745
87 88
87 91
87 97
87 133
87 160
87 207
87 218
87 289
87 302
87 366
87 521
87 571
87 606
87 690
88 89
88 105
88 183
88 197
88 268
88 315
88 317
88 324
88 339
88 460
88 462
88 501
88 638
88 650
88 668
88 669
88 724
89 90
89 115
89 238
89 335
89 341
89 343
89 373
89 430
89 468
89 497
89 516
89 557
89 641
89 671
89 733
89 739
90 91
90 100
90 104
90 134
90 183
90 210
90 235
90 247
90 288
90 294
90 397
90 407
90 510
90 554
90 592
90 601
90 603
90 637
90 713
90 728
91 92
91 147
91 157
91 162
91 201
91 250
91 270
91 387
91 438
91 439
91 488
91 597
91 620
91 630
91 659
91 747
92 93
92 94
92 107
92 175
92 342
92 362
92 429
92 430
92 512
92 554
92 555
92 577
92 688
93 94
93 111
93 197
93 237
93 313
93 345
93 389
93 463
93 465
93 479
93 516
93 535
93 567
93 582
93 597
93 614
93 647
93 661
93 663
93 693
93 705
93 725
93 741
94 95
94 99
94 133
94 135
94 183
94 278
94 410
94 428
94 455
94 482
94 497
94 564
94 567
94 588
94 596
94 616
94 618
94 729
94 743
95 96
95 113
95 170
95 221
95 232
95 261
95 336
95 344
95 372
95 373
95 508
95 542
95 550
95 572
95 595
95 615
95 630
95 682
95 686
95 687
96 97
96 143
96 214
96 247
96 308
96 316
96 329
96 335
96 354
96 368
96 401
96 403
96 450
96 519
96 530
96 582
96 624
96 663
96 673
97 98
97 115
97 157
97 168
97 211
97 267
97 332
97 342
97 349
97 404
97 462
97 521
97 523
97 553
97 591
97 638
97 676
97 684
97 729
98 99
98 114
98 265
98 330
98 348
98 371
98 372
98 455
98 496
98 500
98 520
98 550
98 676
98 692
98 694
98 699
98 737
99 100
99 108
99 277
99 296
99 419
99 462
99 473
99 533
99 569
99 583
99 644
99 675
100 101
100 194
100 202
100 216
100 243
100 281
100 344
100 345
100 394
100 457
100 472
100 490
100 520
100 541
100 586
100 680
100 683
100 695
100 704
101 102
101 137
101 161
101 178
101 190
101 214
101 251
101 267
101 272
101 316
101 428
101 430
101 533
101 536
101 544
101 594
101 611
101 714
102 103
102 149
102 469
102 494
102 553
102 612
102 623
102 718
103 104
103 173
103 268
103 307
103 314
103 358
103 370
103 414
103 510
103 577
104 105
104 147
104 149
104 207
104 216
104 239
104 248
104 264
104 278
104 293
104 339
104 436
104 453
104 474
104 601
104 619
105 106
105 117
105 137
105 227
105 268
105 305
105 369
105 418
105 438
105 480
105 527
105 565
105 584
105 595
105 682
105 684
106 107
106 144
106 147
106 177
106 249
106 338
106 341
106 460
106 467
106 545
106 650
106 666
106 696
106 711
106 714
106 739
107 108
107 121
107 128
107 274
107 311
107 324
107 336
107 348
107 373
107 379
107 421
107 479
107 503
107 599
107 616
107 627
107 675
107 692
107 708
107 714
107 731
108 109
108 117
108 157
108 171
108 173
108 239
108 304
108 308
108 327
108 338
108 356
108 373
108 384
108 453
108 516
108 627
108 710
108 717
109 110
109 112
109 116
109 135
109 152
109 294
109 338
109 375
109 396
109 435
109 455
109 461
109 667
109 682
109 691
109 733
110 111
110 244
110 247
110 269
110 339
110 358
110 488
110 522
110 556
110 573
110 614
110 621
110 623
110 651
110 668
110 708
110 718
111 112
111 231
111 249
111 270
111 290
111 377
111 381
111 386
111 403
111 406
111 428
111 433
111 461
111 492
111 493
111 494
111 527
111 547
111 582
111 628
111 685
111 705
111 709
111 712
112 113
112 175
112 181
112 213
112 273
112 308
112 335
112 347
112 383
112 434
112 503
112 585
112 651
112 703
112 748
113 114
113 216
113 277
113 297
113 357
113 397
113 466
113 597
114 115
114 134
114 178
114 206
114 229
114 369
114 373
114 466
114 469
114 474
114 485
114 641
114 665
114 673
114 741
115 116
115 120
115 141
115 143
115 171
115 197
115 246
115 275
115 398
115 444
115 539
115 546
115 600
115 613
115 627
115 663
115 725
116 117
116 147
116 183
116 315
116 342
116 350
116 355
116 408
116 434
116 492
116 585
116 599
116 650
116 682
116 690
116 749
117 118
117 128
117 259
117 321
117 328
117 335
117 368
117 424
117 511
117 582
117 600
117 628
117 726
117 748
118 119
118 145
118 147
118 219
118 286
118 290
118 303
118 325
118 346
118 368
118 431
118 538
118 544
118 607
118 615
118 619
118 638
118 663
119 120
119 158
119 173
119 199
119 200
119 202
119 208
119 233
119 237
119 278
119 280
119 321
119 327
119 352
119 398
119 428
119 529
119 540
119 560
119 615
119 650
119 655
119 709
119 731
120 121
120 169
120 182
120 219
120 244
120 256
120 302
120 373
120 423
120 473
120 522
120 577
120 589
120 639
120 656
120 712
121 122
121 138
121 139
121 180
121 205
121 218
121 226
121 234
121 246
121 316
121 332
121 361
121 370
121 386
121 420
121 479
121 507
121 550
121 561
121 567
121 583
121 663
122 123
122 157
122 160
122 163
122 261
122 262
122 308
122 328
122 336
122 365
122 394
122 434
122 437
122 440
122 451
122 544
122 591
122 593
123 124
123 130
123 143
123 216
123 389
123 397
123 424
123 433
123 459
123 476
123 542
123 560
123 614
123 636
123 713
123 725
124 125
124 127
124 196
124 326
124 348
124 351
124 398
124 454
124 495
124 653
124 661
124 680
124 717
124 732
124 734
124 740
125 126
125 130
125 142
125 150
125 159
125 171
125 338
125 464
125 538
125 577
125 641
125 684
125 699
125 729
126 127
126 136
126 180
126 181
126 189
126 207
126 264
126 266
126 355
126 358
126 375
126 467
126 500
126 518
126 585
126 648
126 671
126 703
126 732
127 128
127 231
127 358
127 426
127 528
127 550
127 567
127 634
127 704
128 129
128 301
128 320
128 367
128 371
128 387
128 391
128 416
128 439
128 504
128 566
128 577
128 628
128 632
128 707
128 735
128 748
129 130
129 155
129 170
129 203
129 271
129 276
129 333
129 410
129 438
129 439
129 449
129 504
129 541
129 557
129 573
129 625
129 657
130 131
130 137
130 169
130 186
130 204
130 220
130 226
130 315
130 332
130 339
130 382
130 396
130 461
130 467
130 471
130 474
130 502
130 509
130 536
130 550
130 598
130 599
130 666
130 673
130 735
130 745
131 132
131 157
131 184
131 209
131 227
131 244
131 402
131 484
131 488
131 494
131 621
131 713
131 738
132 133
132 146
132 168
132 244
132 312
132 321
132 327
132 367
132 442
132 525
132 650
132 655
132 714
132 720
133 134
133 195
133 205
133 287
133 291
133 310
133 430
133 448
133 471
133 553
133 570
133 588
133 589
133 636
133 675
133 709
134 135
134 154
134 260
134 371
134 426
134 430
134 432
134 439
134 533
134 629
134 714
134 731
134 746
135 136
135 241
135 256
135 275
135 416
135 438
135 447
135 479
135 490
135 579
135 593
135 601
135 620
135 631
135 711
136 137
136 159
136 170
136 240
136 288
136 289
136 356
136 382
136 411
136 483
136 509
136 563
136 663
136 705
136 738
137 138
137 147
137 155
137 211
137 227
137 263
137 275
137 332
137 345
137 347
137 384
137 491
137 504
137 507
137 548
137 624
137 625
137 687
137 716
137 722
137 727
137 732
137 742
137 749
138 139
138 170
138 176
138 179
138 250
138 462
138 463
138 481
138 574
138 576
138 626
139 140
139 183
139 330
139 409
139 426
139 464
139 491
139 557
139 563
139 579
139 636
139 650
139 660
139 731
139 747
140 141
140 164
140 202
140 226
140 269
140 312
140 354
140 422
140 433
140 450
140 457
140 476
140 488
140 514
140 534
140 612
141 142
141 162
141 194
141 274
141 390
141 396
141 409
141 436
141 479
141 492
141 538
141 583
141 610
141 680
141 707
142 143
142 210
142 262
142 285
142 333
142 377
142 401
142 557
142 594
142 704
143 144
143 210
143 226
143 372
143 382
143 467
143 575
143 594
143 599
143 603
143 622
143 650
143 686
144 145
144 177
144 274
144 319
144 353
144 425
144 500
144 536
144 540
144 543
144 638
144 643
144 667
144 699
144 715
144 729
144 744
145 146
145 169
145 183
145 252
145 331
145 402
145 411
145 416
145 465
145 497
145 532
145 688
146 147
146 154
146 157
146 166
146 239
146 241
146 250
146 265
146 281
146 290
146 298
146 304
146 312
146 344
146 379
146 392
146 444
146 455
146 554
146 603
146 604
146 632
146 677
146 686
146 710
147 148
147 247
147 273
147 284
147 319
147 343
147 421
147 425
147 436
147 461
147 499
147 504
147 510
147 513
147 517
147 560
147 597
147 631
147 634
148 149
148 193
148 241
148 347
148 430
148 485
148 517
148 582
148 583
148 611
148 691
148 695
148 703
148 732
149 150
149 263
149 287
149 399
149 423
149 430
149 512
149 514
149 564
149 620
149 648
149 696
150 151
150 164
150 167
150 173
150 188
150 267
150 318
150 331
150 386
150 507
150 585
150 643
150 679
150 719
151 152
151 177
151 261
151 321
151 322
151 360
151 381
151 402
151 581
151 647
151 665
152 153
152 166
152 173
152 190
152 264
152 388
152 422
152 427
152 501
152 512
152 613
152 617
152 650
152 672
153 154
153 165
153 230
153 282
153 367
153 396
153 409
153 411
153 421
153 521
153 586
153 640
153 657
153 681
153 716
154 155
154 156
154 176
154 255
154 266
154 288
154 315
154 330
154 398
154 413
154 430
154 468
154 472
154 482
154 513
154 540
154 622
154 634
154 719
154 738
155 156
155 188
155 204
155 311
155 348
155 364
155 413
155 419
155 426
155 432
155 458
155 478
155 480
155 502
155 511
155 527
155 535
155 544
155 568
155 680
155 720
156 157
156 272
156 375
156 568
156 612
156 653
156 699
157 158
157 208
157 236
157 422
157 455
157 507
157 542
157 645
157 741
158 159
158 174
158 177
158 237
158 269
158 282
158 296
158 398
158 417
158 444
158 478
158 552
158 658
158 660
158 679
158 687
158 694
158 723
158 748
159 160
159 181
159 236
159 298
159 305
159 317
159 319
159 345
159 560
159 628
159 657
159 666
159 709
160 161
160 166
160 167
160 330
160 428
160 483
160 568
160 572
160 580
160 589
160 620
160 691
160 715
161 162
161 225
161 287
161 328
161 345
161 377
161 574
162 163
162 173
162 415
162 471
162 488
162 508
162 593
162 619
162 650
162 716
162 732
163 164
163 238
163 245
163 261
163 335
163 366
163 403
163 406
163 448
163 566
163 582
164 165
164 173
164 207
164 251
164 269
164 373
164 426
164 427
164 450
164 463
164 544
164 613
164 639
164 673
164 693
164 728
165 166
165 271
165 279
165 283
165 289
165 331
165 340
165 352
165 366
165 416
165 463
165 517
165 574
165 609
165 630
165 640
165 649
166 167
166 235
166 238
166 283
166 311
166 439
166 514
166 547
166 558
166 565
166 615
166 653
166 704
167 168
167 195
167 259
167 264
167 300
167 360
167 368
167 395
167 432
167 453
167 496
167 498
167 565
167 568
167 608
167 616
168 169
168 293
168 396
168 398
168 409
168 472
168 491
168 499
168 524
168 566
168 629
168 648
168 653
168 667
168 684
168 701
169 170
169 198
169 318
169 338
169 363
169 422
169 432
169 446
169 561
169 623
169 737
170 171
170 272
170 302
170 354
170 410
170 414
170 471
170 578
170 655
170 728
171 172
171 202
171 228
171 231
171 273
171 328
171 412
171 415
171 416
171 421
171 484
171 621
171 625
171 652
171 668
171 677
171 721
171 736
171 743
172 173
172 187
172 241
172 314
172 322
172 325
172 355
172 451
172 539
172 561
172 595
172 659
172 677
172 699
172 713
173 174
173 242
173 249
173 319
173 324
173 349
173 373
173 402
173 405
173 473
173 544
173 574
173 635
173 646
173 709
173 738
173 740
174 175
174 182
174 261
174 392
174 414
174 426
174 466
174 551
174 569
174 589
174 613
174 681
174 691
174 712
174 728
175 176
175 352
175 364
175 374
175 383
175 487
175 488
175 501
175 577
175 639
175 706
175 724
175 730
176 177
176 245
176 290
176 307
176 399
176 427
176 527
176 600
176 613
176 646
176 654
177 178
177 206
177 209
177 221
177 289
177 401
177 456
177 477
177 523
177 526
177 563
177 613
177 628
177 630
177 650
177 747
178 179
178 180
178 222
178 269
178 348
178 395
178 402
178 498
178 503
178 630
178 706
179 180
179 297
179 299
179 471
179 504
179 557
179 576
179 578
179 693
179 712
179 718
180 181
180 220
180 221
180 291
180 396
180 405
180 417
180 484
180 502
180 571
180 613
180 623
180 636
180 718
181 182
181 351
181 358
181 372
181 425
181 521
182 183
182 208
182 236
182 306
182 402
182 422
182 578
182 690
183 184
183 187
183 189
183 235
183 322
183 432
183 469
183 514
183 535
183 538
183 596
183 611
183 629
183 639
183 648
183 688
184 185
184 207
184 253
184 335
184 355
184 364
184 441
184 450
184 460
184 461
184 484
184 522
184 575
184 606
184 668
184 685
185 186
185 238
185 266
185 348
185 374
185 388
185 468
185 477
185 528
185 558
185 657
185 695
185 708
185 710
186 187
186 208
186 230
186 307
186 388
186 399
186 461
186 543
186 546
186 581
186 605
186 611
186 618
186 640
186 646
186 718
186 722
187 188
187 252
187 279
187 367
187 368
187 380
187 387
187 515
187 601
187 641
187 665
187 731
188 189
188 202
188 214
188 236
188 297
188 324
188 342
188 343
188 430
188 514
188 549
188 556
188 573
188 576
188 602
188 636
188 661
188 675
188 686
188 735
189 190
189 207
189 257
189 270
189 297
189 330
189 362
189 367
189 456
189 458
189 483
189 525
190 191
190 235
190 310
190 323
190 450
190 472
190 494
190 527
190 533
190 634
190 645
190 646
190 674
190 732
191 192
191 203
191 248
191 322
191 324
191 390
191 434
191 459
191 482
191 515
191 541
191 566
191 578
191 618
191 627
191 632
191 655
191 664
191 683
191 707
192 193
192 259
192 374
192 434
192 463
192 495
192 511
192 519
192 557
192 624
192 718
192 720
193 194
193 212
193 228
193 260
193 308
193 383
193 385
193 423
193 436
193 443
193 470
193 485
193 489
193 521
193 540
193 559
193 581
193 626
193 662
193 706
193 722
193 731
194 195
194 221
194 329
194 488
194 504
194 512
194 521
194 552
194 584
194 586
194 611
194 614
194 622
194 670
194 678
194 697
194 744
195 196
195 266
195 268
195 291
195 308
195 479
195 515
195 574
195 584
195 620
195 687
195 697
195 698
195 700
195 740
196 197
196 198
196 229
196 247
196 304
196 305
196 363
196 376
196 465
196 537
196 585
196 726
197 198
197 247
197 266
197 275
197 327
197 343
197 389
197 407
197 413
197 468
197 533
197 594
197 605
197 626
197 634
197 699
197 718
197 738
198 199
198 231
198 236
198 263
198 378
198 535
198 569
198 671
198 695
198 744
198 746
199 200
199 303
199 310
199 409
199 460
199 566
199 574
199 610
199 735
200 201
200 213
200 250
200 265
200 298
200 397
200 461
200 464
200 510
200 674
201 202
201 277
201 339
201 346
201 399
201 401
201 588
201 616
201 659
201 675
201 685
201 697
201 700
201 727
201 746
202 203
202 221
202 229
202 305
202 315
202 361
202 383
202 390
202 398
202 422
202 546
202 574
202 645
202 648
202 673
202 688
203 204
203 216
203 236
203 250
203 291
203 297
203 319
203 337
203 362
203 413
203 414
203 513
203 524
203 643
203 644
203 676
203 722
203 723
204 205
204 209
204 240
204 262
204 277
204 308
204 320
204 395
204 399
204 423
204 538
204 561
204 608
204 640
204 653
204 655
204 661
204 669
204 686
204 702
205 206
205 222
205 341
205 386
205 442
205 448
205 451
205 461
205 492
205 612
205 688
205 698
206 207
206 217
206 322
206 402
206 411
206 489
206 534
206 563
206 591
206 598
206 600
206 658
206 698
207 208
207 259
207 300
207 339
207 408
207 462
207 483
207 484
207 488
207 551
207 605
207 611
207 612
207 635
207 648
207 729
208 209
208 279
208 325
208 383
208 412
208 425
208 440
208 537
208 653
208 738
209 210
209 318
209 325
209 352
209 399
209 428
209 461
209 522
209 526
209 550
209 556
209 595
209 602
209 611
209 635
209 663
210 211
210 213
210 239
210 271
210 285
210 313
210 380
210 485
210 519
210 525
210 530
210 620
210 738
211 212
211 232
211 253
211 301
211 332
211 450
211 499
211 512
211 638
211 642
211 713
211 724
212 213
212 273
212 319
212 369
212 406
212 515
212 524
212 544
212 585
212 611
212 639
212 671
212 684
212 694
212 735
213 214
213 239
213 279
213 340
213 353
213 381
213 383
213 498
213 505
213 519
213 551
213 599
213 658
213 699
213 701
213 709
214 215
214 220
214 250
214 271
214 328
214 339
214 343
214 348
214 381
214 507
214 542
214 549
214 575
214 580
214 582
214 608
215 216
215 228
215 276
215 294
215 351
215 383
215 438
215 453
215 455
215 513
215 710
215 744
216 217
216 302
216 304
216 327
216 364
216 380
216 411
216 421
216 481
216 519
216 567
216 593
216 597
216 626
216 671
216 678
216 697
217 218
217 221
217 297
217 315
217 452
217 489
217 541
217 616
217 650
217 661
217 662
217 674
217 736
218 219
218 229
218 255
218 261
218 273
218 324
218 392
218 434
218 463
218 531
218 541
218 568
218 574
218 584
218 661
218 697
218 722
219 220
219 235
219 286
219 385
219 403
219 455
219 467
219 473
219 579
219 738
220 221
220 241
220 340
220 373
220 377
220 428
220 472
220 474
220 514
220 574
220 612
220 614
220 620
220 641
220 679
220 682
221 222
221 258
221 300
221 367
221 383
221 439
221 466
221 572
221 575
221 702
222 223
222 230
222 255
222 349
222 351
222 353
222 394
222 442
222 572
222 625
222 679
222 684
222 711
222 732
223 224
223 303
223 342
223 383
223 419
223 453
223 503
223 596
223 643
223 666
224 225
224 294
224 422
224 426
224 447
224 462
224 507
224 608
224 649
225 226
225 229
225 263
225 272
225 338
225 427
225 429
225 442
225 448
225 599
225 627
225 747
226 227
226 247
226 292
226 346
226 421
226 464
226 515
226 528
226 547
226 587
226 645
226 670
226 688
226 700
226 716
227 228
227 257
227 298
227 340
227 354
227 375
227 384
227 394
227 405
227 448
227 472
227 478
227 493
227 511
227 552
227 568
227 587
227 589
227 608
227 695
227 708
227 735
228 229
228 306
228 380
228 434
228 483
228 630
228 667
228 688
229 230
229 248
229 312
229 378
229 400
229 462
229 469
229 474
229 511
229 522
229 606
229 634
229 649
229 711
229 727
230 231
230 272
230 324
230 332
230 458
230 465
230 536
230 593
230 625
230 632
230 667
231 232
231 304
231 330
231 400
231 415
231 503
231 507
231 516
231 524
231 613
231 691
231 696
232 233
232 244
232 340
232 360
232 367
232 438
232 469
232 497
232 602
232 603
232 612
232 646
232 649
232 715
233 234
233 292
233 308
233 378
233 443
233 525
233 586
233 659
233 660
233 667
233 686
233 712
234 235
234 298
234 306
234 335
234 370
234 401
234 480
234 490
234 508
234 597
234 606
234 676
234 695
234 722
235 236
235 245
235 247
235 264
235 328
235 330
235 353
235 363
235 428
235 496
235 543
235 566
235 587
235 646
236 237
236 290
236 292
236 330
236 424
236 465
236 666
236 732
237 238
237 270
237 292
237 299
237 312
237 319
237 344
237 400
237 452
237 528
237 555
238 239
238 303
238 331
238 357
238 400
238 409
238 413
238 420
238 430
238 436
238 438
238 538
238 564
238 600
238 601
238 625
238 628
238 677
238 718
238 737
239 240
239 254
239 283
239 319
239 375
239 474
239 510
239 567
239 625
239 704
240 241
240 285
240 300
240 322
240 372
240 480
240 529
240 531
240 644
241 242
241 347
241 397
241 412
241 426
241 451
241 464
241 472
241 566
241 582
241 585
242 243
242 279
242 287
242 379
242 388
242 409
242 481
242 504
242 563
242 588
242 658
242 664
242 691
242 705
243 244
243 341
243 363
243 389
243 416
243 527
243 574
243 651
243 658
243 664
243 686
243 714
244 245
244 327
244 336
244 367
244 388
244 438
244 531
244 542
244 616
244 747
245 246
245 293
245 309
245 355
245 366
245 407
245 438
245 461
245 490
245 503
245 523
245 542
245 719
246 247
246 253
246 262
246 328
246 345
246 402
246 492
246 517
246 535
246 540
246 558
246 571
246 577
246 732
246 736
246 742
247 248
247 253
247 287
247 292
247 372
247 533
247 664
247 693
247 700
247 715
247 745
248 249
248 303
248 334
248 348
248 365
248 368
248 425
248 450
248 471
248 579
248 627
248 666
248 685
248 739
248 745
249 250
249 298
249 438
249 580
249 592
249 603
249 604
249 614
249 625
249 651
249 693
249 706
250 251
250 253
250 257
250 265
250 267
250 286
250 293
250 355
250 421
250 587
250 603
250 622
250 730
251 252
251 259
251 271
251 299
251 424
251 451
251 465
251 506
251 536
251 625
251 660
251 666
251 705
251 722
252 253
252 334
252 340
252 355
252 425
252 454
252 478
252 489
252 490
252 497
252 515
252 583
252 623
252 699
252 742
253 254
253 262
253 280
253 288
253 314
253 318
253 363
253 364
253 374
253 377
253 378
253 396
253 398
253 434
253 585
253 617
253 633
253 694
253 703
253 744
254 255
254 280
254 281
254 316
254 411
254 420
254 448
254 449
254 497
254 522
254 528
254 615
254 719
255 256
255 404
255 438
255 511
255 537
255 595
255 616
255 651
255 707
255 738
256 257
256 274
256 351
256 391
256 417
256 454
256 460
256 473
256 481
256 524
256 597
256 658
256 690
256 692
256 739
256 740
257 258
257 264
257 309
257 350
257 365
257 368
257 379
257 381
257 562
257 628
258 259
258 347
258 364
258 390
258 410
258 458
258 482
258 506
258 513
258 549
258 619
258 627
258 637
259 260
259 324
259 331
259 351
259 393
259 481
259 554
259 561
259 576
259 681
259 714
259 744
260 261
260 274
260 308
260 330
260 392
260 411
260 453
260 534
260 536
260 576
260 666
260 690
260 693
261 262
261 306
261 370
261 379
261 405
261 434
261 479
261 502
261 514
261 544
261 589
261 620
261 683
262 263
262 343
262 382
262 386
262 471
262 474
262 483
262 562
262 585
262 605
262 628
262 648
262 687
262 692
262 696
263 264
263 302
263 311
263 342
263 423
263 425
263 455
263 457
263 463
263 503
263 535
263 620
263 626
263 685
264 265
264 271
264 279
264 280
264 288
264 297
264 303
264 331
264 361
264 453
264 540
264 662
264 716
265 266
265 270
265 289
265 350
265 354
265 355
265 361
265 363
265 394
265 464
265 497
265 564
265 577
265 592
265 594
265 678
265 693
265 727
265 732
266 267
266 304
266 369
266 502
266 612
266 614
266 700
266 701
266 703
266 736
266 737
267 268
267 275
267 533
267 541
267 553
267 555
267 581
267 598
267 701
267 702
267 708
267 733
268 269
268 350
268 357
268 371
268 379
268 433
268 435
268 451
268 542
268 575
268 579
268 584
268 643
268 668
268 708
268 745
269 270
269 315
269 334
269 363
269 440
269 511
269 569
269 579
269 620
269 709
270 271
270 365
270 370
270 394
270 416
270 526
270 562
270 600
270 648
271 272
271 321
271 340
271 347
271 365
271 367
271 403
271 410
271 488
271 509
271 538
271 602
271 666
271 687
272 273
272 276
272 292
272 309
272 317
272 328
272 351
272 352
272 360
272 415
272 444
272 452
272 518
272 544
272 573
272 612
272 623
272 663
273 274
273 293
273 353
273 373
273 411
273 583
273 633
273 642
273 685
273 733
274 275
274 276
274 283
274 358
274 403
274 450
274 510
274 523
274 599
274 638
274 736
275 276
275 309
275 363
275 364
275 387
275 506
275 517
275 529
275 693
276 277
276 315
276 525
276 595
276 624
276 625
276 649
276 659
276 702
277 278
277 317
277 352
277 364
277 446
277 461
277 531
277 538
277 580
277 692
277 716
278 279
278 291
278 306
278 335
278 344
278 377
278 378
278 381
278 390
278 440
278 478
278 506
278 623
278 635
278 639
278 645
278 690
278 741
279 280
279 285
279 292
279 319
279 361
279 381
279 448
279 456
279 500
279 519
279 522
279 548
279 578
279 589
279 637
279 704
279 713
279 732
280 281
280 295
280 300
280 354
280 436
280 461
280 495
280 512
280 522
280 545
280 555
280 591
280 622
281 282
281 300
281 343
281 349
281 366
281 368
281 424
281 439
281 479
281 623
281 687
281 698
281 716
281 718
281 731
281 747
282 283
282 337
282 415
282 493
282 500
282 549
282 558
282 565
282 598
282 636
282 652
282 663
283 284
283 314
283 317
283 322
283 376
283 395
283 434
283 479
283 542
283 551
283 562
283 602
283 625
283 637
283 656
283 682
283 734
284 285
284 304
284 335
284 350
284 436
284 438
284 478
284 535
284 546
284 575
284 591
284 596
284 705
285 286
285 357
285 384
285 387
285 414
285 435
285 442
285 476
285 510
285 530
285 531
285 554
285 614
285 659
285 701
285 718
285 726
286 287
286 316
286 349
286 374
286 510
286 514
286 552
286 570
286 580
286 610
286 618
286 688
286 692
287 288
287 329
287 404
287 583
287 599
287 643
287 656
288 289
288 291
288 399
288 434
288 435
288 517
288 519
288 599
288 626
288 747
289 290
289 345
289 360
289 517
289 530
289 538
289 540
289 556
289 577
289 616
289 619
289 662
289 683
289 684
289 697
289 710
289 736
290 291
290 311
290 441
290 442
290 464
290 497
290 614
290 650
290 652
290 661
290 662
290 700
290 718
291 292
291 296
291 313
291 347
291 377
291 417
291 428
291 532
291 539
291 581
291 622
292 293
292 296
292 303
292 312
292 398
292 400
292 414
292 432
292 439
292 473
292 483
292 524
292 528
292 543
292 587
293 294
293 300
293 325
293 336
293 398
293 495
293 540
293 548
293 615
293 645
293 684
293 715
293 749
294 295
294 348
294 374
294 412
294 505
294 508
294 568
294 602
294 612
294 646
294 691
294 733
295 296
295 360
295 388
295 509
295 540
295 584
295 592
295 606
295 620
295 623
295 711
295 726
296 297
296 342
296 375
296 447
296 479
296 501
296 571
296 629
296 669
296 719
296 723
296 725
297 298
297 360
297 386
297 480
297 540
297 545
297 597
297 608
297 731
297 734
298 299
298 343
298 350
298 398
298 425
298 441
298 443
298 497
298 563
298 621
298 636
298 721
299 300
299 431
299 497
299 504
299 659
299 660
299 686
299 703
299 718
300 301
300 409
300 502
300 602
300 607
300 683
300 720
300 725
301 302
301 314
301 322
301 375
301 392
301 481
301 508
301 595
301 654
301 675
301 682
301 685
301 691
302 303
302 334
302 394
302 398
302 417
302 473
302 522
303 304
303 364
303 486
303 488
303 582
303 588
303 616
303 704
303 705
303 706
303 722
303 730
304 305
304 341
304 374
304 426
304 447
304 452
304 533
304 544
304 600
304 602
304 605
304 608
304 618
304 642
304 660
304 667
304 687
304 731
304 743
305 306
305 316
305 343
305 353
305 497
305 519
305 668
305 674
305 689
306 307
306 308
306 309
306 345
306 358
306 454
306 511
306 598
306 606
306 624
306 672
307 308
307 356
307 385
307 397
307 400
307 569
307 576
307 577
307 592
307 637
307 652
307 654
307 708
307 740
307 743
308 309
308 369
308 371
308 402
308 426
308 471
308 509
308 570
308 584
308 587
308 657
308 734
309 310
309 331
309 395
309 409
309 425
309 459
309 465
309 502
309 622
309 642
309 668
309 692
309 723
309 733
309 738
310 311
310 420
310 432
310 451
310 527
310 573
310 575
310 653
311 312
311 348
311 380
311 390
311 413
311 424
311 474
311 527
311 539
311 583
311 611
311 672
311 673
311 717
311 746
312 313
312 338
312 428
312 437
312 492
312 505
312 515
312 579
312 654
312 665
312 670
312 715
312 747
313 314
313 328
313 452
313 453
313 518
313 589
313 602
313 655
313 700
314 315
314 370
314 502
314 561
314 607
314 629
314 632
314 674
314 692
314 700
314 721
314 743
315 316
315 317
315 325
315 403
315 457
315 459
315 479
315 483
315 488
315 510
315 568
315 592
315 659
315 666
316 317
316 354
316 504
316 547
316 554
316 566
316 626
316 627
316 634
316 644
316 710
316 724
316 727
316 730
317 318
317 348
317 379
317 407
317 408
317 425
317 490
317 494
317 553
317 630
317 693
318 319
318 372
318 383
318 389
318 397
318 413
318 421
318 424
318 464
318 476
318 482
318 490
318 503
318 509
318 607
318 714
318 742
319 320
319 400
319 407
319 439
319 529
319 534
319 550
319 570
319 635
320 321
320 340
320 381
320 387
320 390
320 516
320 558
320 698
320 726
321 322
321 406
321 412
321 415
321 442
321 468
321 496
321 571
321 632
321 660
321 666
321 673
321 738
322 323
322 350
322 369
322 402
322 427
322 497
322 547
322 577
322 578
322 589
322 620
322 629
322 685
322 705
322 738
322 744
323 324
323 350
323 361
323 378
323 392
323 411
323 463
323 510
323 519
323 522
323 534
323 554
323 564
323 577
323 587
323 650
323 699
323 745
324 325
324 390
324 434
324 444
324 462
324 540
324 567
324 576
324 603
324 634
324 666
324 704
325 326
325 356
325 358
325 362
325 404
325 406
325 415
325 443
325 478
325 491
325 532
325 539
325 547
325 560
325 641
325 666
325 716
326 327
326 386
326 413
326 424
326 522
326 574
326 598
326 629
326 671
326 743
327 328
327 355
327 414
327 474
327 494
327 642
327 689
328 329
328 354
328 465
328 488
328 499
328 506
328 525
328 588
328 656
329 330
329 335
329 347
329 377
329 382
329 392
329 419
329 480
329 481
329 506
329 596
329 638
329 640
330 331
330 335
330 350
330 407
330 408
330 438
330 477
330 511
330 518
330 532
330 572
330 687
330 743
331 332
331 338
331 350
331 410
331 442
331 444
331 480
331 482
331 535
331 542
331 631
331 704
331 734
331 746
332 333
332 352
332 365
332 429
332 430
332 573
332 577
332 607
332 660
332 675
332 710
332 747
333 334
333 381
333 387
333 435
333 444
333 450
333 556
333 572
333 631
333 648
334 335
334 346
334 369
334 404
334 422
334 468
334 469
334 521
334 536
334 642
334 659
334 665
334 671
334 715
334 730
335 336
335 349
335 361
335 363
335 459
335 520
335 545
335 586
335 606
335 640
336 337
336 373
336 409
336 418
336 455
336 537
336 711
336 713
337 338
337 339
337 353
337 361
337 376
337 390
337 408
337 453
337 601
337 674
337 693
337 717
337 732
338 339
338 361
338 444
338 447
338 450
338 460
338 466
338 586
338 635
338 646
338 653
338 711
338 716
339 340
339 355
339 374
339 409
339 538
339 567
339 622
339 700
339 708
340 341
340 445
340 652
340 744
341 342
341 373
341 426
341 454
341 460
341 475
341 512
341 523
341 545
341 593
341 602
341 681
341 707
341 710
342 343
342 354
342 379
342 438
342 471
342 497
342 512
342 524
342 526
342 534
342 560
342 569
342 698
342 713
342 722
343 344
343 447
343 525
343 537
343 576
343 597
343 728
344 345
344 354
344 366
344 391
344 430
344 438
344 453
344 458
344 539
344 561
344 607
344 629
344 636
344 669
345 346
345 451
345 464
345 639
345 744
346 347
346 349
346 365
346 377
346 402
346 474
346 497
346 507
346 615
346 694
346 734
347 348
347 369
347 412
347 525
347 533
347 650
347 673
347 742
348 349
348 425
348 492
348 518
348 530
348 564
348 598
348 684
348 714
348 744
349 350
349 474
349 511
349 520
349 605
349 631
349 685
350 351
350 361
350 383
350 396
350 414
350 467
350 567
350 587
350 609
350 615
350 658
350 683
350 744
351 352
351 464
351 529
351 538
351 581
351 644
351 655
351 672
351 699
351 729
352 353
352 391
352 414
352 501
352 521
352 578
352 636
352 637
352 701
352 703
353 354
353 371
353 378
353 400
353 409
353 441
353 505
353 530
353 605
353 621
353 649
354 355
354 465
354 515
354 545
354 565
354 582
354 623
354 626
354 629
354 668
354 673
354 692
354 718
354 719
354 727
354 741
355 356
355 433
355 457
355 476
355 529
355 584
355 647
355 662
355 679
355 690
355 738
356 357
356 359
356 360
356 611
356 672
356 681
357 358
357 364
357 427
357 488
357 506
357 524
357 546
357 636
357 650
357 667
357 744
358 359
358 449
358 453
358 459
358 467
358 492
358 531
358 548
358 633
358 653
358 670
358 693
359 360
359 383
359 404
359 423
359 426
359 432
359 442
359 477
359 582
359 602
359 605
359 657
359 690
360 361
360 383
360 454
360 484
360 531
360 598
360 614
360 634
360 652
360 664
360 730
361 362
361 370
361 382
361 420
361 590
361 680
361 686
361 718
362 363
362 436
362 439
362 460
362 532
362 544
362 565
362 579
362 589
362 642
362 657
362 711
362 730
362 741
363 364
363 454
363 526
364 365
364 397
364 438
364 455
364 548
364 635
364 652
364 654
364 666
364 672
364 718
364 720
364 728
364 746
365 366
365 397
365 580
365 656
365 676
365 707
365 710
365 737
366 367
366 372
366 373
366 462
366 479
366 565
366 567
366 587
366 627
366 645
366 657
366 670
366 721
366 731
366 749
367 368
367 433
367 455
367 511
367 558
367 581
367 617
367 618
367 626
367 642
367 675
367 705
367 725
367 738
368 369
368 529
368 555
368 558
368 595
368 688
368 730
369 370
369 415
369 491
369 502
369 530
369 556
369 571
369 621
370 371
370 382
370 452
370 577
370 590
370 661
370 713
370 731
370 737
371 372
371 378
371 411
371 419
371 437
371 462
371 566
371 570
371 677
372 373
372 379
372 457
372 468
372 506
372 507
372 514
372 543
372 623
372 703
372 707
373 374
373 497
373 510
373 522
373 554
373 684
373 687
373 713
373 722
374 375
374 396
374 448
374 492
374 510
374 623
374 627
374 677
375 376
375 463
375 477
375 537
375 597
375 675
375 676
376 377
376 495
376 497
376 508
376 511
376 521
376 522
376 532
376 592
376 656
376 702
376 714
377 378
377 473
377 521
377 526
377 578
377 603
377 611
377 659
377 703
377 743
378 379
378 473
378 475
378 502
378 526
378 547
378 659
378 698
378 711
378 720
379 380
379 464
379 484
379 509
379 523
379 543
379 656
379 746
380 381
380 429
380 531
380 627
380 667
380 687
380 699
380 714
380 734
380 738
380 748
381 382
381 394
381 418
381 451
381 546
381 561
381 610
381 669
381 719
381 725
381 733
382 383
382 391
382 396
382 404
382 451
382 653
382 727
383 384
383 413
383 420
383 436
383 467
383 499
383 622
383 643
383 695
383 716
383 743
384 385
384 426
384 543
384 584
384 586
384 682
384 695
384 705
385 386
385 401
385 408
385 423
385 445
385 477
385 518
385 527
385 552
385 554
385 704
385 705
385 716
386 387
386 475
386 523
386 529
386 544
386 577
386 639
386 675
386 739
386 746
387 388
387 473
387 484
387 499
387 517
387 534
387 558
387 613
387 678
387 697
387 748
388 389
388 396
388 459
388 542
388 622
388 626
389 390
389 406
389 461
389 498
389 626
389 653
389 689
389 696
390 391
390 462
390 519
390 542
390 552
390 664
390 729
390 735
391 392
391 416
391 437
391 449
391 461
391 471
391 479
391 624
391 665
391 677
392 393
392 448
392 476
392 562
392 563
392 564
392 589
392 593
392 682
392 692
392 701
392 707
392 744
393 394
393 414
393 510
393 517
393 553
393 589
393 661
394 395
394 455
394 461
394 492
394 496
394 510
394 512
394 523
394 537
394 538
394 591
394 630
394 666
394 668
394 674
395 396
395 413
395 425
395 517
395 562
395 584
395 685
395 705
395 728
395 741
396 397
396 404
396 469
396 480
396 537
396 582
396 596
396 748
397 398
397 414
397 427
397 430
397 463
397 469
397 602
397 647
397 656
397 667
398 399
398 437
398 455
398 464
398 470
398 518
398 554
398 560
398 619
398 732
398 744
399 400
399 428
399 429
399 453
399 481
399 563
399 650
399 693
400 401
400 494
400 512
400 600
400 644
400 747
401 402
401 410
401 434
401 515
401 520
401 550
401 553
401 573
401 583
401 604
401 738
402 403
402 427
402 440
402 474
402 483
402 633
402 660
402 708
402 724
403 404
403 408
403 470
403 472
403 709
403 714
403 732
404 405
404 407
404 424
404 430
404 432
404 467
404 524
404 573
404 624
404 673
404 692
404 701
404 705
404 713
405 406
405 488
405 496
405 519
405 524
405 632
405 692
405 727
406 407
406 416
406 438
406 465
406 564
406 582
406 645
406 658
407 408
407 518
407 542
407 551
407 563
407 643
407 708
408 409
408 412
408 463
408 609
408 611
408 626
408 629
408 630
408 634
408 673
408 714
409 410
409 453
409 482
409 488
409 543
409 573
409 579
409 612
409 634
409 651
409 659
409 667
409 677
409 720
409 748
410 411
410 419
410 422
410 442
410 505
410 704
411 412
411 418
411 432
411 449
411 510
411 526
411 589
411 621
412 413
412 454
412 474
412 499
412 694
412 715
413 414
413 426
413 465
413 468
413 485
413 528
413 533
413 555
413 580
413 643
413 745
414 415
414 448
414 457
414 488
414 552
414 571
414 590
414 619
414 635
414 641
414 669
414 684
414 717
415 416
415 504
415 586
415 594
415 635
415 662
416 417
416 440
416 481
416 492
416 537
416 594
416 631
416 716
417 418
417 493
417 607
417 700
418 419
418 478
418 675
418 695
418 737
419 420
419 465
419 491
419 532
419 536
419 582
419 602
419 718
420 421
420 445
420 465
420 467
420 490
420 547
420 551
420 635
420 649
420 674
420 685
420 704
420 709
421 422
421 458
421 470
421 538
421 637
421 652
421 679
421 736
422 423
422 445
422 452
422 459
422 496
422 520
422 542
422 555
422 561
422 563
422 579
422 640
422 681
423 424
423 443
423 467
423 558
423 615
423 696
423 748
424 425
424 427
424 543
424 555
424 641
424 663
424 682
424 732
424 739
425 426
425 483
425 518
425 592
425 637
425 645
425 715
426 427
426 439
426 557
427 428
427 449
427 463
427 485
427 517
427 524
427 737
428 429
428 456
428 489
428 500
428 572
428 578
428 601
428 678
428 689
428 731
428 733
428 737
429 430
429 470
429 499
429 532
429 648
429 671
429 686
429 713
430 431
430 444
430 476
430 486
430 603
430 650
430 661
430 675
430 741
431 432
431 454
431 547
431 651
432 433
432 451
432 472
432 511
432 525
432 533
432 537
432 549
432 574
432 608
432 631
432 685
433 434
433 448
433 526
433 533
433 573
433 574
433 580
433 717
434 435
434 507
434 558
434 567
434 581
434 634
434 675
434 684
434 731
435 436
435 471
435 480
435 527
435 568
435 575
435 592
435 598
435 651
435 662
435 669
435 675
435 729
436 437
436 446
436 468
436 520
436 547
436 646
436 669
436 693
436 722
437 438
437 449
437 460
437 574
437 600
437 615
437 617
437 623
437 645
437 676
437 692
437 710
437 731
438 439
438 458
438 504
438 505
438 529
438 533
438 580
438 620
438 638
438 655
438 690
439 440
439 469
439 535
439 605
439 667
439 674
439 713
440 441
440 445
440 543
440 548
440 575
440 581
440 590
440 612
440 628
440 629
440 648
440 684
440 687
440 696
440 718
441 442
441 482
441 553
441 600
441 679
441 715
441 717
441 724
441 730
442 443
442 589
442 696
443 444
443 445
443 531
443 579
443 657
443 699
443 736
444 445
444 458
444 468
444 500
444 506
444 553
444 560
444 589
444 590
444 660
444 678
444 693
445 446
445 457
445 470
445 513
445 533
445 580
445 591
445 635
445 638
445 661
445 718
445 722
445 748
446 447
446 449
446 466
446 508
446 541
446 556
446 561
446 565
446 577
446 655
446 714
446 727
447 448
447 472
447 593
447 597
447 599
447 632
447 644
447 673
447 701
447 714
447 725
447 749
448 449
448 450
448 455
448 464
448 495
448 497
448 520
448 552
448 566
448 610
448 613
448 621
448 695
449 450
449 456
449 525
449 542
449 573
449 619
449 624
449 647
449 703
450 451
450 566
450 586
450 617
450 625
450 656
450 708
450 744
451 452
451 458
451 494
451 589
451 617
451 624
451 630
451 733
452 453
452 461
452 502
452 510
452 515
452 598
452 714
452 716
452 728
453 454
453 472
453 624
453 652
453 662
453 692
453 743
454 455
454 458
454 462
454 492
454 503
454 566
454 568
454 704
454 708
455 456
455 461
455 476
455 529
455 592
455 651
455 652
455 704
455 711
455 719
455 733
456 457
456 558
456 605
456 608
456 609
456 651
456 674
456 698
456 714
457 458
457 471
457 549
457 649
457 703
458 459
458 466
458 521
458 745
459 460
459 503
459 566
459 674
459 687
459 714
459 727
460 461
460 462
460 533
460 567
460 687
461 462
461 486
461 524
461 541
461 621
461 682
461 714
461 718
461 730
461 745
462 463
462 487
462 493
462 515
462 548
462 605
463 464
463 493
463 529
463 559
463 571
463 619
463 676
463 689
464 465
464 530
464 588
464 604
464 689
464 707
464 715
465 466
465 614
465 659
465 672
465 679
465 703
465 706
466 467
466 480
466 527
466 622
466 722
466 733
467 468
467 601
467 654
468 469
468 704
468 747
469 470
469 566
469 652
470 471
470 545
470 572
470 603
470 709
471 472
471 493
471 501
471 582
471 606
471 629
472 473
472 553
472 571
472 687
473 474
473 491
473 510
473 529
473 541
473 567
473 588
473 589
473 606
473 716
473 717
473 736
473 742
473 747
474 475
474 485
474 572
474 575
474 631
474 649
474 651
474 697
475 476
475 493
475 554
475 590
475 610
475 715
475 717
476 477
476 528
476 566
476 597
476 604
476 640
476 696
476 697
476 729
476 742
477 478
477 479
477 568
477 570
477 586
477 610
477 621
477 631
477 713
478 479
478 613
478 629
478 648
478 746
479 480
479 481
479 486
479 515
479 533
479 546
479 553
479 564
479 632
479 667
480 481
480 487
480 542
480 591
480 625
481 482
481 551
481 562
481 632
481 699
481 709
482 483
482 529
482 562
482 568
482 665
482 670
482 693
483 484
483 517
483 560
483 580
483 624
483 628
483 720
484 485
484 509
484 541
484 542
484 550
484 570
484 579
485 486
485 541
485 548
485 576
485 683
486 487
486 488
486 499
486 600
486 690
486 707
487 488
487 510
487 532
487 534
487 556
487 584
487 594
487 612
487 644
487 703
487 741
487 744
488 489
488 585
488 588
488 604
488 641
488 688
488 690
489 490
489 558
489 745
489 746
490 491
490 521
490 557
490 586
490 626
490 661
490 697
491 492
491 502
491 541
491 572
491 584
491 657
491 682
491 684
491 702
491 737
491 738
492 493
492 494
492 505
492 531
492 535
492 601
492 616
492 637
492 688
492 718
492 722
492 743
492 747
493 494
493 503
493 530
493 573
493 631
494 495
494 524
494 525
494 544
494 653
494 670
494 695
494 707
494 709
495 496
495 504
495 505
495 520
495 542
495 642
495 661
495 696
495 706
495 745
496 497
496 549
496 574
496 579
496 583
496 623
496 629
496 644
496 674
496 726
497 498
497 519
497 523
497 535
497 598
497 600
497 628
497 640
497 667
498 499
498 508
498 537
498 601
498 651
498 683
498 730
499 500
499 527
499 569
499 585
499 607
499 617
499 644
499 657
499 668
499 727
500 501
500 637
500 688
500 713
500 741
500 747
501 502
501 525
501 581
501 607
501 657
501 683
501 742
502 503
502 549
502 727
502 736
503 504
503 514
503 548
503 564
503 675
504 505
504 560
504 614
504 623
504 663
504 693
505 506
505 509
505 560
505 600
505 639
506 507
506 557
506 612
506 660
506 684
506 706
507 508
507 540
507 556
507 577
507 581
508 509
508 570
508 590
508 660
509 510
509 519
509 702
509 719
509 721
509 728
510 511
510 561
510 568
510 592
510 599
510 626
511 512
511 513
511 554
511 587
511 614
511 619
511 661
511 684
511 685
511 711
511 734
512 513
512 607
512 608
512 681
512 724
512 728
513 514
513 519
513 553
513 573
513 631
513 669
513 690
513 712
513 723
514 515
514 547
514 572
514 592
514 600
514 644
514 714
514 721
515 516
515 599
515 612
515 658
516 517
516 528
516 586
516 619
516 747
517 518
517 560
517 658
517 699
518 519
518 600
518 739
519 520
519 595
520 521
520 537
520 575
520 603
520 628
520 698
520 732
521 522
521 622
521 627
521 684
521 707
522 523
522 630
522 634
522 654
522 691
522 713
522 728
523 524
523 628
523 689
523 711
523 716
524 525
524 527
524 570
524 588
524 624
524 634
524 658
524 693
524 707
524 716
524 743
525 526
525 565
525 678
525 713
525 722
526 527
526 695
526 725
527 528
527 557
527 564
527 584
527 586
527 649
527 724
527 740
528 529
528 538
528 551
528 587
528 647
528 668
528 748
529 530
529 543
529 553
529 557
529 683
529 712
529 722
530 531
530 564
530 584
530 652
530 695
530 736
531 532
531 580
531 612
531 625
531 635
531 640
531 675
531 704
531 732
532 533
532 609
532 628
532 631
532 679
532 701
533 534
533 546
533 559
533 608
533 628
533 634
533 636
533 657
533 669
533 693
533 730
534 535
534 565
534 566
534 585
534 667
534 670
534 681
534 683
534 715
534 724
535 536
535 598
535 601
535 644
535 662
535 687
535 721
536 537
536 592
536 609
536 643
536 701
536 741
537 538
537 543
537 562
537 574
537 635
537 714
538 539
538 569
538 609
538 656
538 681
538 722
539 540
539 542
539 552
539 561
539 585
539 673
540 541
540 596
540 668
540 682
540 700
541 542
541 546
541 715
541 729
542 543
542 605
542 626
542 627
542 634
542 639
542 746
543 544
543 553
543 625
543 634
543 719
543 746
544 545
544 556
544 699
544 741
545 546
545 553
545 561
545 562
545 661
545 718
546 547
546 617
546 625
546 647
546 658
546 680
546 721
547 548
547 636
548 549
548 606
548 620
548 638
548 639
548 733
548 743
548 749
549 550
549 552
549 576
549 588
549 590
549 597
549 699
550 551
550 566
550 663
550 678
551 552
551 565
551 680
551 713
551 749
552 553
552 596
552 629
552 723
552 725
552 742
552 749
553 554
553 595
553 600
553 681
553 714
553 716
553 721
553 725
553 726
554 555
554 559
554 580
554 639
554 713
554 731
555 556
555 644
555 647
555 662
555 723
556 557
556 673
556 675
556 695
556 696
556 706
556 717
557 558
557 567
557 614
557 626
557 634
557 640
558 559
558 595
558 643
558 650
558 696
558 731
559 560
559 601
559 604
559 608
559 647
559 671
559 722
560 561
560 632
560 665
560 719
561 562
561 618
561 640
561 690
562 563
562 617
562 679
562 727
562 738
563 564
563 575
563 645
563 688
564 565
564 575
564 636
564 682
565 566
565 567
565 622
565 625
565 668
565 712
565 719
566 567
566 579
566 586
566 618
566 625
566 696
566 719
566 721
567 568
567 593
567 596
567 635
567 637
567 676
567 680
567 725
567 735
567 739
568 569
568 615
568 706
568 707
569 570
569 576
569 633
569 706
570 571
570 586
570 587
570 612
570 631
570 638
570 652
570 724
571 572
571 580
571 610
571 655
571 659
571 679
571 732
571 745
572 573
572 582
572 612
572 653
572 672
572 684
573 574
573 581
573 635
573 663
573 713
573 714
574 575
574 579
574 597
574 598
574 666
574 667
574 684
574 695
574 726
575 576
575 587
575 592
575 610
575 702
575 742
575 748
576 577
576 643
576 700
577 578
577 592
577 688
577 724
577 735
577 740
578 579
578 587
578 697
578 736
579 580
579 684
579 689
579 723
580 581
580 598
580 618
580 649
580 686
580 692
580 696
580 700
580 726
580 733
581 582
581 593
581 616
581 686
581 714
582 583
582 731
583 584
583 593
583 618
583 743
584 585
585 586
585 608
585 618
585 689
585 701
585 714
586 587
586 637
586 657
586 696
586 717
587 588
587 605
587 629
587 640
587 692
588 589
588 665
588 705
588 718
588 738
589 590
589 621
589 679
589 700
589 728
590 591
590 600
590 634
590 649
591 592
591 688
591 720
591 727
591 731
592 593
592 740
593 594
593 606
594 595
594 627
594 632
594 657
594 680
594 697
595 596
595 599
595 633
595 680
596 597
596 629
596 634
596 656
596 681
597 598
598 599
598 654
598 673
598 685
598 714
599 600
599 602
599 635
599 652
599 701
600 601
600 666
600 674
600 692
600 694
601 602
601 622
601 640
601 709
601 725
602 603
602 647
602 671
602 697
602 707
603 604
603 622
603 630
603 644
603 656
603 730
603 734
603 740
604 605
604 664
604 709
604 718
605 606
605 608
605 647
605 663
605 715
606 607
606 684
606 695
606 732
606 745
607 608
607 643
607 649
607 682
608 609
608 615
609 610
609 614
609 642
609 665
609 670
609 690
609 712
609 713
609 728
609 747
610 611
610 702
610 734
611 612
611 616
611 626
612 613
612 679
612 692
613 614
613 688
614 615
614 634
614 702
615 616
615 623
615 639
615 672
615 689
615 727
615 736
616 617
616 688
616 691
616 748
617 618
617 645
617 688
618 619
618 660
618 668
618 675
618 715
618 749
619 620
620 621
620 636
620 637
620 645
620 654
620 655
621 622
621 653
621 656
621 667
622 623
622 631
622 655
622 700
623 624
623 677
623 701
623 707
624 625
624 626
624 637
624 670
624 738
625 626
625 638
625 663
625 666
625 680
625 718
626 627
626 707
627 628
627 649
627 653
627 692
627 703
627 720
627 726
627 731
628 629
628 635
628 637
628 645
629 630
629 640
630 631
630 701
630 719
631 632
631 636
631 734
632 633
632 670
632 727
633 634
633 744
634 635
634 669
635 636
635 673
635 686
636 637
636 720
636 721
636 741
637 638
637 671
637 745
638 639
638 667
638 720
639 640
639 651
639 688
639 732
639 737
639 749
640 641
641 642
641 676
641 683
641 718
641 745
641 749
642 643
642 653
642 661
642 699
642 745
643 644
643 697
643 747
644 645
644 650
644 656
645 646
645 745
646 647
646 690
646 706
647 648
647 653
647 711
647 720
648 649
648 710
648 724
649 650
649 734
650 651
650 686
650 724
651 652
651 718
652 653
652 700
653 654
653 708
654 655
654 667
654 685
654 713
654 742
655 656
656 657
656 693
657 658
657 670
658 659
659 660
659 718
659 738
660 661
660 669
660 691
660 703
660 710
661 662
661 701
661 733
661 738
661 739
662 663
662 699
663 664
663 677
663 702
663 737
664 665
664 718
665 666
665 739
665 741
666 667
666 681
666 713
666 715
667 668
667 672
668 669
669 670
669 681
669 696
669 736
670 671
670 725
670 736
671 672
671 677
671 681
671 733
672 673
672 708
672 709
673 674
673 733
674 675
674 728
674 736
675 676
675 724
675 739
676 677
676 695
677 678
678 679
678 692
679 680
679 712
680 681
680 723
680 724
680 728
681 682
681 687
681 705
682 683
682 727
683 684
683 699
683 724
683 736
683 745
684 685
684 710
684 720
685 686
685 691
685 739
685 740
686 687
687 688
687 704
687 748
688 689
688 715
689 690
689 719
689 722
690 691
690 707
690 714
691 692
691 722
692 693
692 722
692 737
693 694
693 732
694 695
694 701
695 696
695 714
696 697
696 703
696 706
697 698
697 702
697 717
697 725
698 699
698 740
698 741
698 743
699 700
699 723
700 701
701 702
702 703
702 712
703 704
704 705
704 745
705 706
705 715
706 707
706 718
706 725
706 737
707 708
707 734
708 709
709 710
709 733
710 711
711 712
712 713
713 714
713 721
714 715
714 740
715 716
715 741
716 717
717 718
718 719
719 720
719 744
719 746
720 721
721 722
721 732
722 723
723 724
724 725
725 726
725 746
726 727
726 728
727 728
728 729
728 733
729 730
730 731
731 732
732 733
732 743
732 744
733 734
734 735
735 736
736 737
737 738
738 739
739 740
740 741
741 742
742 743
743 744
744 745
745 746
746 747
747 748
748 749
