0 43.526883964562884
1 88.99019508945834
2 41.03738301819929
3 49.855692257954274
4 102.41271777763328
5 40.81275957411951
6 22.317157974053853
7 72.30720314627415
8 30.838008361544738
9 73.61396714255118
10 57.985360646129166
11 38.39594989783181
12 87.55219242930119
13 24.927851033793285
14 77.71936565071275
15 90.92038006464514
16 25.949243522852505
17 66.8093008136143
18 27.068124080543626
19 36.66656984297097
20 78.58951157898946
21 25.30095951757634
22 65.43728448864337
23 45.459643025151294
24 48.01287137728933
25 66.19885106610832
26 50.298745710338316
27 37.40272308661332
28 117.24951362182158
29 75.0983903407318
30 78.50176541263156
31 45.70874770812297
32 115.40746022624911
33 116.83117030583992
34 104.09781719422637
35 88.72201665840379
36 73.8134307669257
37 119.65696416450324
38 28.751619904075405
39 84.04263212780683
40 86.40645025333941
41 92.95418930786171
42 65.59585906822431
43 90.10846638422285
44 44.43115508750381
45 53.656054596995666
46 110.29730841158545
47 66.15567338592098
48 49.95048793198606
49 106.30846124099386
50 114.13719340173517
51 100.17017241211369
52 25.295060255801044
53 94.37969905464065
54 43.0688556165634
55 66.2589236869566
56 26.289161368478112
57 116.33080746294694
58 24.000812796059193
59 37.8112733130105
60 35.941040872452476
61 78.95944633040571
62 24.963620656227803
63 100.88696046978296
64 62.257732366028335
65 42.65899519085798
66 89.35394777481301
67 83.4588711665593
68 88.9423601466409
69 98.48850932000528
70 46.109552269200265
71 40.45499929368691
72 30.954513522016985
73 105.32805517283883
74 47.45391428886116
75 111.98546544277681
76 28.261946229859362
77 106.89790646884097
78 43.759524928623655
79 102.70685888486234
80 70.5844928495168
81 43.048888091800194
82 91.11387111460903
83 113.96760969652263
84 83.52876744778891
85 67.48518646796063
86 101.33244031716453
87 97.1944292166547
88 22.23485945067369
89 84.95975069081481
90 86.44812772784809
91 86.92135347244566
92 112.5038976758211
93 24.986353451596575
94 20.116641780097293
95 114.92925363625973
96 51.348017086821145
97 76.24129642831572
98 36.912613805550826
99 103.15512159756153
100 29.00190582802589
101 116.08164310392677
102 117.15133877680927
103 82.34685728473033
104 62.65776226970342
105 82.98574302594139
106 59.65614125205135
107 85.88064466812806
108 38.533197841430095
109 56.225760222097094
110 27.801618024188567
111 23.724452939557953
112 43.35418764165294
113 26.71081415017511
114 65.19807660753193
115 50.222586202452746
116 28.932923518723022
117 65.69319461553579
118 116.54269290369223
119 101.19262299906993
120 94.24300142520023
121 23.909107311803396
122 56.44806889135431
123 90.76745716949956
124 88.24208778712556
125 22.72925643597819
126 24.468993902588714
127 26.481631834709113
128 33.664831905600565
129 31.02345699324409
130 88.08342168089179
131 22.292470070451834
132 47.10646905078438
133 56.69745750398821
134 107.04375240623033
135 63.542988837120646
136 83.94018612007171
137 20.23896669445287
138 52.29977757520085
139 105.31495979094284
140 67.95901623192434
141 119.1138417284334
142 40.604675396443
143 66.18686795333865
144 75.10565630414342
145 36.482306474607
146 81.95070607936248
147 113.1029719921054
148 28.25127278888211
149 95.45890683091922
150 101.14135815748266
151 119.87602266744899
152 25.707008251183428
153 111.01892211312668
154 87.0918384719158
155 21.787657434022794
156 69.99954773502813
157 45.65774654867131
158 43.860042230400765
159 81.81682978916915
160 85.41480250497196
161 32.03875768263948
162 65.94515782754988
163 30.218113977925103
164 112.91136630048082
165 86.11902200025932
166 37.05136050186118
167 38.48806747510871
168 49.228113250989594
169 97.62113542227401
170 56.299098933346954
171 41.19927070228855
172 53.357895673703794
173 51.22339958328915
174 28.77668188365792
175 24.748069042790036
176 78.03203978471603
177 101.46940736987501
178 118.36004466405919
179 60.75345364400733
180 96.45792391343198
181 97.15207526432792
182 49.888674372175885
183 73.6608691780638
184 85.274591068824
185 26.806011465655672
186 65.07088175035122
187 97.04626559775632
188 93.53905841075307
189 35.94602188513129
190 81.90174439258561
191 91.1819595090826
192 74.52856896716602
193 48.81854733093688
194 80.91220176043197
195 65.61740234837956
196 82.24172422696408
197 112.68655326840457
198 43.22793023882118
199 74.8443081454286
200 37.70410740841886
201 71.04751412024414
202 95.20181246418286
203 32.55700126157696
204 51.531620491390974
205 63.68786633408346
206 72.29392316035137
207 20.58523407852643
208 48.67745506932188
209 46.10630404372858
210 100.90816104642445
211 52.26819899696326
212 78.88624871240398
213 118.59217512593362
214 111.0547872012706
215 86.85477092536942
216 112.10164765450347
217 56.12411854509797
218 34.99327696895843
219 81.45648756324914
220 111.92113765820368
221 34.258043570216294
222 117.42006400870702
223 110.1461712613934
224 52.16469238056059
225 53.30238955615395
226 61.30091864947179
227 75.98648512991485
228 91.72139132659738
229 73.33256886418054
230 60.10783446113206
231 91.08913014517158
232 51.06088615446949
233 85.97537057794688
234 22.005477367701147
235 102.24679500668812
236 40.144177954818545
237 65.39801710072261
238 74.44239278618853
239 95.24639621710034
240 71.94088632870252
241 60.56548075470251
242 48.6373203317706
243 119.66351332584146
244 58.35779925459587
245 113.58355334121826
246 82.61114897704708
247 37.754367601200485
248 26.106181600161023
249 114.82407786640312
250 48.70015537236481
251 116.00307001449174
252 108.88296154881485
253 34.53268636932026
254 106.89637717894699
255 45.94830597447538
256 69.21356032861557
257 102.74822626984162
258 108.89607759096714
259 102.1049822183689
260 78.40184254643668
261 44.617045750810696
262 29.39745640231169
263 119.11280701114387
264 36.25521266589269
265 116.56413645908945
266 80.97389905627637
267 97.68517719708787
268 43.60065068288195
269 30.2871196279391
270 76.75919962741101
271 29.49811958799565
272 50.08009878922796
273 96.16787282257724
274 41.216395797999134
275 64.85048992942328
276 87.31120594249218
277 65.4505984404841
278 33.42192883283175
279 33.74298250556778
280 63.22220249368949
281 101.41396230930347
282 39.58209926916429
283 70.96497233205314
284 37.21725324637981
285 63.76890159296362
286 111.90887636650913
287 88.84455695528699
288 117.80129424145288
289 47.642528148518416
290 79.5172493898205
291 87.5086245456774
292 24.39109320163481
293 78.76256727796014
294 33.66659924884512
295 91.81612572245028
296 33.26181472719301
297 29.83556717929525
298 94.45353559820542
299 56.569197857964795
300 83.92614071235963
301 89.61609812120516
302 98.9739726705627
303 87.17314108047907
304 56.71554403556703
305 85.7930269718326
306 112.00726164869937
307 81.60766705124658
308 44.9310834202942
309 35.57288697903499
310 49.43541276697805
311 111.38828119044831
312 35.65363243232511
313 73.7192439274294
314 21.89555387712893
315 24.138009078423988
316 82.1512109874254
317 86.81086845298431
318 51.57397316243504
319 68.45612154824184
320 97.7936526496171
321 64.61044994798243
322 88.58521961546971
323 112.9619238529686
324 26.48258644328451
325 64.68949139486519
326 55.03989011572024
327 55.70804478549072
328 47.827287704992244
329 74.8338917256125
330 74.68991347447391
331 97.59910648933459
332 56.644661156707585
333 49.25867808366566
334 103.95026173839649
335 84.0180318744902
336 115.8342686661189
337 89.28924863658548
338 66.13121147075003
339 102.55368815321027
340 119.27694281494351
341 36.92034523104788
342 104.87542345088578
343 61.53992898598822
344 117.12820992833399
345 50.54294767937257
346 115.07922612990421
347 64.05751669774708
348 49.72539471086452
349 36.13315473195435
350 79.98771632411064
351 35.11685763695705
352 108.29994226094574
353 114.32599662096504
354 41.688388619302636
355 55.930821974561546
356 90.78412580227402
357 114.05110284471452
358 58.888191845073116
359 108.50334822113739
360 49.22399342457395
361 96.78596880901645
362 60.644028806890056
363 36.2009854244223
364 31.658047608892645
365 31.986555367457836
366 87.62695347947113
367 81.54085040336382
368 105.79381289016092
369 63.88377347991451
370 23.535357692940522
371 71.11995809135949
372 114.41209540897778
373 32.588399335044386
374 58.432710607227285
375 79.42724144865426
376 53.15139865757588
377 38.32581149274303
378 93.07049726727857
379 118.22099972645093
380 80.1726443526164
381 66.6258718646611
382 88.66718336421177
383 66.22094349876244
384 64.17691897915577
385 24.42216745557178
386 90.14918384552996
387 75.0553449648416
388 52.34675744172372
389 72.26875977109502
390 102.5199972959688
391 61.72029992444096
392 93.00397581023441
393 76.26145233013725
394 79.8087549192123
395 25.249429754173185
396 79.12486991675453
397 44.75454473593463
398 93.95967729946418
399 105.85880761001029
400 88.32612886903496
401 59.592909483391345
402 87.05904035781779
403 38.52329519385155
404 82.5325551957994
405 59.33313624270416
406 74.45636709267649
407 39.756845612726934
408 96.26030105094547
409 82.80643626994241
410 58.62182983751726
411 106.31079972815438
412 86.29698063136259
413 35.37982443165294
414 33.99189784415261
415 97.57053058115854
416 37.532699725771906
417 97.40111995776194
418 111.59046208377401
419 119.62226802847786
420 119.79368854473854
421 54.567066028940594
422 68.8728493386853
423 28.278304357330324
424 68.75286348711744
425 93.33293486577504
426 35.025238349877036
427 20.790185901041273
428 20.33932644950382
429 70.98573624899731
430 54.86220272431753
431 91.54591171399922
432 62.541471117656535
433 39.632198780650555
434 35.50023477594613
435 85.73858669168314
436 81.09595074817018
437 76.10646205997513
438 69.14523194212197
439 96.81033714397458
440 66.27754692636861
441 45.6814466972789
442 42.61716762164498
443 118.41673777900986
444 116.85251216729611
445 106.4716808869399
446 89.6452291586697
447 79.72339665080331
448 24.230662713655065
449 43.54432069531196
450 115.50191358430284
451 64.03776145166016
452 44.94919415376062
453 107.00902002615206
454 25.20473439943634
455 35.095561653376876
456 72.84377126546215
457 116.73611238956998
458 116.29932056922915
459 72.76281589728103
460 103.61016406872272
461 87.85665500118972
462 55.147852037072894
463 50.48062825233336
464 43.93231708087529
465 25.826575393140153
466 41.681953592231565
467 70.47145197252703
468 54.95042553830564
469 37.59125182001612
470 81.73929825575746
471 109.54193041527563
472 35.56521825611442
473 106.26565242661133
474 28.388350831418478
475 118.2587781872016
476 44.922344463516055
477 80.7491118756683
478 24.055804613863998
479 59.34061570630547
480 35.393357033756494
481 38.82271141546937
482 73.8064754864899
483 67.30005329714226
484 117.46751693187029
485 92.53116095751407
486 106.78550170959728
487 60.68671564450718
488 106.19121838865705
489 118.02994042450422
490 37.61794069777231
491 40.72335458518735
492 105.13957313992103
493 108.58241676197296
494 22.470904346539804
495 65.69354496309992
496 68.37727020097131
497 69.02052184828506
498 115.51865369512362
499 99.13089577628517
500 43.46355055142767
501 92.73651154959725
502 70.71111549823685
503 91.67612236581516
504 39.27874301419796
505 88.15219323824496
506 101.0315093280864
507 71.40968662450821
508 81.2974832994866
509 50.61596021676334
510 102.83890846672693
511 85.53419697110816
512 113.90641410451708
513 107.80685020316128
514 76.42673220875795
515 57.472088001465735
516 84.46178219777724
517 101.97874819369532
518 25.588259085602143
519 97.76052610210262
520 97.00502331196529
521 110.75678609758495
522 98.76552816613528
523 34.56695824916804
524 54.90209781778206
525 49.701879518180775
526 42.26800300872465
527 110.21501170967692
528 21.144957397215606
529 44.48821871959892
530 72.08265094892667
531 23.80196176317066
532 112.65122833114937
533 108.29252878710058
534 34.957204091287146
535 86.80534332176522
536 110.62080429747304
537 110.87270096763369
538 21.723483035768503
539 98.51768117981369
540 112.85573700690894
541 79.81739486682312
542 116.23789623835658
543 41.214751080991874
544 75.92243714205398
545 31.577081323938458
546 111.85132217151612
547 41.15417044355182
548 95.13289247171515
549 90.14089335906226
550 103.98078249241462
551 40.817511548305745
552 48.54421375494016
553 114.60258652752044
554 72.14043002023811
555 80.25057150173855
556 87.52354372370569
557 23.362804329700776
558 97.69956044055675
559 90.92281206990695
560 90.8979447993534
561 72.34370795037024
562 24.670511456782513
563 64.21838943455103
564 112.30659441715666
565 117.34603539397865
566 59.98944802710877
567 68.48761414995889
568 41.09525428960265
569 66.55745882437884
570 27.038220375621883
571 53.52908974561213
572 65.94063699951572
573 108.22506078619344
574 31.565588538077265
575 99.43914472317745
576 77.36493123601127
577 80.63368457782276
578 72.7013493629747
579 37.95664018814456
580 70.3984447456071
581 36.785731525040845
582 33.41692597952827
583 98.74761181136503
584 111.8709341461372
585 44.55700758492583
586 114.57129985596814
587 110.51557368042029
588 118.15988599588024
589 54.60701357745242
590 34.59117075672397
591 117.3898099658261
592 48.69664342280342
593 62.95104611906447
594 102.86947150838814
595 54.735268446088355
596 58.12892958623179
597 92.8553588178132
598 89.12651765662721
599 65.34420676432535
600 65.76100773593237
601 21.59555065294439
602 53.26318303300087
603 26.911013737505733
604 94.74032589283985
605 81.62224407873283
606 70.64569804264282
607 104.75815415784191
608 105.43218760434023
609 72.80703396638023
610 86.2967803763275
611 39.972511829112214
612 97.52163024436648
613 32.69557191438162
614 58.12801857845058
615 32.427840522696044
616 83.60434897000718
617 25.073591104128194
618 104.13351245835919
619 80.61044349856112
620 43.376168771186656
621 23.65554213331333
622 51.37500340752768
623 95.73161156708294
624 52.00320776580568
625 87.33446552783579
626 95.62383703861683
627 116.30170819456954
628 38.85256352510913
629 46.1855796883673
630 119.68526155783516
631 111.15729457404144
632 73.48595665251884
633 43.295020996713866
634 85.71576152795872
635 73.87396983449011
636 94.66647579883472
637 106.4890136622487
638 112.25421214448527
639 79.56412805286018
640 95.10120398339527
641 56.1677507718587
642 70.22286119097296
643 96.25013805701967
644 49.740146480656136
645 90.70205940876671
646 83.81428243434175
647 117.31994394693596
648 28.674558407247087
649 29.22992481924304
650 101.96556689237075
651 109.0134091675241
652 67.02541547044459
653 33.19379337292314
654 114.03122103112487
655 47.454215645957724
656 73.68545415060792
657 72.58851778217468
658 119.30138792901684
659 53.43347350459496
660 48.37578632644065
661 50.6436912762826
662 24.172121128405536
663 119.96761075479255
664 42.200876466990316
665 51.54303404446031
666 33.059670296652655
667 67.594560403975
668 40.73319060174623
669 29.787397584133174
670 119.56081471551158
671 55.43863429979842
672 70.63158452893342
673 116.93686445943518
674 112.89651495475465
675 22.26586862888125
676 30.895094781015047
677 81.7213215277846
678 111.33623342878903
679 31.068057204294934
680 28.07648603547363
681 42.88778734080552
682 39.08549592666064
683 43.15510336175309
684 51.12753796607146
685 100.65670003136462
686 96.02938128702182
687 53.30167920607175
688 56.02075112497461
689 22.288246055290386
690 110.75979311265174
691 76.18565794069896
692 42.889739495664664
693 90.01374889349292
694 96.47453661013682
695 86.17210391233046
696 99.1533250813558
697 95.46602549876458
698 26.621356556323068
699 77.43811747724364
700 50.935913076861965
701 43.74652543685739
702 92.57028738180405
703 29.500123593713678
704 112.06944754022321
705 112.39596799152766
706 79.13274907942758
707 34.396697789513844
708 45.059896065907665
709 95.78913217171129
710 95.40608068499414
711 66.0963608654365
712 51.62380564544512
713 53.85331138632415
714 28.207271359538456
715 50.141227497064605
716 91.74823867168988
717 75.51387798079335
718 43.26984353244528
719 22.103761131883942
720 89.69994301877985
721 61.89932941281664
722 45.413008170076345
723 47.12532470944498
724 23.007344583306715
725 32.09203158709566
726 23.052344545230646
727 109.62160007902474
728 106.16156167885266
729 55.089862267543246
730 44.70641699338228
731 72.18137242941546
732 74.63032940155752
733 115.64778753727197
734 45.563917131313744
735 45.75158593490208
736 46.751333556682795
737 28.79736904428765
738 40.711070159234026
739 109.39293292704463
740 91.16918614067654
741 28.096065306007684
742 28.279147307115096
743 67.20673642877082
744 55.702831176909285
745 66.03713248220242
746 100.55720524709963
747 32.47520446053939
748 119.87791300426412
749 81.55478336082848
0 1
0 160
0 654
1 2
1 717
1 720
2 3
3 4
3 377
3 386
3 436
3 476
3 495
4 5
4 86
4 349
4 702
5 6
6 7
7 8
7 177
7 537
8 9
9 10
9 714
10 11
10 232
10 332
10 616
11 12
11 502
11 680
12 13
12 149
12 232
12 665
13 14
13 46
13 294
14 15
14 265
14 525
15 16
15 90
15 629
16 17
16 377
17 18
18 19
18 377
18 470
18 637
19 20
19 37
19 75
19 364
19 396
19 541
19 740
20 21
20 404
20 417
20 556
20 566
21 22
21 106
21 143
21 351
21 652
22 23
23 24
23 253
24 25
24 147
24 445
24 560
24 574
24 621
24 742
25 26
26 27
26 59
26 74
26 216
26 444
26 487
27 28
28 29
28 166
28 292
28 428
28 653
29 30
29 52
29 78
29 130
29 208
29 302
29 687
30 31
30 252
30 422
31 32
31 327
32 33
32 495
32 526
32 541
33 34
33 304
33 319
33 415
33 603
34 35
34 132
35 36
35 251
35 496
35 528
35 645
36 37
36 259
37 38
37 174
37 254
38 39
38 68
38 287
38 547
39 40
39 228
39 476
40 41
40 393
40 627
41 42
41 58
41 77
41 110
41 186
41 308
41 592
41 699
42 43
42 110
42 402
42 636
43 44
43 660
43 682
44 45
44 363
45 46
45 600
46 47
46 307
46 567
47 48
47 427
48 49
48 146
48 353
48 619
48 729
49 50
49 324
49 746
50 51
50 382
50 607
50 748
51 52
52 53
53 54
53 526
54 55
55 56
55 390
56 57
56 97
56 195
56 390
56 643
57 58
57 488
58 59
58 615
58 679
59 60
59 383
59 708
60 61
60 460
61 62
61 130
61 664
62 63
63 64
63 359
63 526
63 558
64 65
65 66
66 67
66 468
67 68
67 394
67 470
68 69
68 80
69 70
69 143
69 595
70 71
70 260
70 272
70 664
71 72
71 142
71 234
71 308
71 359
72 73
72 242
72 628
73 74
73 85
74 75
74 114
74 484
75 76
75 274
75 609
75 623
76 77
77 78
77 570
77 664
78 79
79 80
79 503
80 81
80 449
81 82
81 656
82 83
82 129
82 722
83 84
83 436
84 85
84 599
85 86
85 469
85 625
86 87
86 532
87 88
87 436
88 89
88 184
89 90
89 335
89 473
89 537
90 91
90 567
90 629
90 696
91 92
91 363
91 590
91 687
92 93
92 367
92 500
92 723
93 94
93 122
93 200
93 424
94 95
94 138
94 200
94 278
94 318
94 512
94 708
95 96
95 706
96 97
97 98
97 242
97 415
98 99
99 100
99 138
99 385
99 456
100 101
100 686
101 102
101 461
101 587
102 103
102 653
102 716
103 104
104 105
104 324
104 367
104 515
105 106
105 601
106 107
106 270
106 735
107 108
107 319
107 347
107 389
108 109
108 498
109 110
109 126
109 452
109 638
110 111
110 272
110 427
110 455
111 112
111 428
111 513
111 519
112 113
112 601
113 114
113 318
113 508
113 558
114 115
114 747
115 116
115 645
115 696
116 117
116 188
116 517
117 118
117 196
118 119
119 120
119 440
120 121
120 257
120 339
120 357
121 122
122 123
122 574
123 124
124 125
124 436
124 536
125 126
125 540
126 127
126 468
126 683
127 128
128 129
128 480
128 718
128 721
129 130
129 163
129 289
130 131
130 152
130 250
130 381
131 132
131 408
132 133
132 645
132 747
133 134
133 670
133 732
134 135
134 166
134 497
135 136
135 254
135 388
135 431
135 476
135 502
136 137
137 138
138 139
139 140
139 252
140 141
140 205
141 142
141 702
141 747
142 143
143 144
144 145
145 146
146 147
146 159
146 342
147 148
148 149
148 296
148 356
148 370
148 453
148 661
149 150
149 171
149 500
150 151
150 312
151 152
151 259
152 153
152 186
152 530
153 154
153 178
153 356
154 155
154 287
154 516
155 156
155 313
156 157
157 158
157 564
157 655
157 731
158 159
158 421
159 160
159 344
159 375
159 580
160 161
160 452
160 572
161 162
162 163
163 164
163 517
164 165
164 184
165 166
165 450
166 167
166 287
166 692
167 168
167 509
168 169
168 614
168 655
169 170
169 697
169 709
170 171
171 172
171 363
171 580
171 587
172 173
172 613
173 174
173 533
174 175
174 307
174 714
175 176
175 186
175 350
175 678
176 177
177 178
178 179
178 597
179 180
179 604
180 181
181 182
181 493
182 183
183 184
183 432
183 563
183 571
184 185
185 186
185 334
186 187
186 257
186 308
186 702
187 188
187 304
187 517
188 189
188 472
189 190
189 503
189 661
190 191
191 192
191 366
191 571
192 193
192 582
192 675
193 194
193 282
193 338
193 637
193 735
194 195
194 282
194 552
194 605
195 196
195 268
196 197
196 413
196 431
196 447
197 198
197 421
197 623
198 199
198 417
198 532
199 200
199 324
199 345
199 376
200 201
200 577
201 202
201 327
201 372
201 607
202 203
202 263
202 413
203 204
203 582
203 613
204 205
204 442
204 523
205 206
206 207
206 284
206 444
207 208
207 544
208 209
208 239
208 242
209 210
209 286
209 346
210 211
210 647
211 212
211 312
211 560
212 213
212 591
212 627
212 714
213 214
213 609
214 215
214 355
214 605
215 216
215 296
216 217
216 626
216 674
217 218
217 710
218 219
218 232
219 220
219 246
219 426
220 221
220 294
220 612
221 222
221 239
222 223
222 664
223 224
223 526
224 225
224 435
225 226
225 269
226 227
226 267
226 346
226 378
226 619
227 228
227 246
228 229
229 230
229 679
230 231
230 284
230 458
231 232
231 741
232 233
233 234
233 590
233 620
234 235
234 372
235 236
235 678
236 237
236 618
236 658
237 238
237 541
238 239
238 449
239 240
240 241
240 256
241 242
241 520
241 530
241 599
241 702
241 744
242 243
242 265
242 368
242 641
242 672
242 681
243 244
243 380
244 245
244 292
244 636
245 246
245 290
245 455
246 247
246 371
246 442
247 248
247 697
248 249
248 273
248 310
249 250
249 321
250 251
250 317
250 545
251 252
251 456
252 253
252 325
252 406
252 705
253 254
253 464
254 255
254 695
255 256
256 257
256 505
256 651
257 258
258 259
258 439
258 495
259 260
259 319
259 728
259 734
260 261
260 414
260 552
261 262
261 578
262 263
262 307
262 450
263 264
263 551
264 265
265 266
265 493
265 537
266 267
266 441
266 695
267 268
267 381
267 399
267 589
267 603
268 269
268 332
269 270
270 271
270 294
270 438
270 730
271 272
271 273
272 273
272 602
272 655
273 274
274 275
275 276
275 571
276 277
276 380
277 278
277 339
277 465
278 279
278 561
278 740
279 280
279 526
280 281
280 584
281 282
282 283
282 331
282 376
282 685
283 284
283 378
284 285
285 286
286 287
286 529
287 288
287 613
288 289
288 659
289 290
289 416
290 291
290 330
291 292
292 293
292 430
293 294
293 388
294 295
294 556
295 296
295 406
296 297
296 513
296 675
297 298
297 469
297 503
298 299
298 398
299 300
299 446
299 542
300 301
300 681
301 302
301 643
302 303
302 577
303 304
304 305
305 306
305 587
305 669
306 307
306 410
307 308
307 343
308 309
308 439
309 310
310 311
310 565
311 312
311 439
311 525
312 313
312 665
313 314
314 315
314 683
314 733
315 316
316 317
316 405
316 483
317 318
317 405
318 319
318 465
318 554
319 320
319 420
320 321
320 681
321 322
321 724
322 323
322 352
322 690
323 324
323 495
323 734
324 325
325 326
325 462
326 327
326 459
326 520
327 328
327 717
328 329
329 330
329 362
329 504
330 331
331 332
331 423
331 446
332 333
333 334
333 602
334 335
334 462
334 547
335 336
335 563
335 623
336 337
336 434
337 338
337 382
338 339
338 582
338 723
339 340
339 738
340 341
340 667
341 342
342 343
343 344
343 555
343 645
343 672
344 345
345 346
346 347
346 441
346 499
346 569
347 348
347 404
347 605
348 349
348 530
348 710
349 350
349 357
349 683
350 351
350 504
351 352
351 685
352 353
353 354
354 355
354 377
354 627
355 356
356 357
357 358
357 407
357 595
358 359
358 615
358 746
359 360
360 361
360 640
361 362
361 676
362 363
362 466
362 635
363 364
364 365
365 366
366 367
367 368
367 429
367 637
368 369
368 402
368 418
368 421
369 370
370 371
371 372
371 579
371 592
371 618
372 373
372 543
373 374
374 375
374 468
375 376
376 377
376 740
377 378
377 546
378 379
378 645
379 380
379 533
379 617
379 664
380 381
380 550
381 382
382 383
382 510
382 561
383 384
383 479
384 385
385 386
385 611
385 743
386 387
386 666
387 388
388 389
389 390
389 737
390 391
390 532
390 662
391 392
392 393
393 394
394 395
394 722
395 396
396 397
397 398
397 509
398 399
398 635
399 400
399 551
399 575
400 401
400 538
401 402
401 561
402 403
403 404
404 405
404 496
405 406
406 407
407 408
407 481
408 409
409 410
410 411
410 703
411 412
411 548
411 555
411 604
412 413
413 414
413 616
413 687
414 415
414 617
414 658
415 416
415 587
415 655
416 417
416 652
417 418
418 419
419 420
419 636
420 421
421 422
422 423
423 424
423 515
424 425
425 426
425 575
426 427
426 511
427 428
428 429
428 598
429 430
430 431
430 510
430 729
431 432
431 579
431 683
432 433
432 630
432 657
432 741
433 434
434 435
434 591
434 636
435 436
436 437
437 438
437 588
437 682
438 439
439 440
440 441
440 705
441 442
441 716
441 739
442 443
443 444
443 527
444 445
444 595
445 446
445 573
446 447
446 643
446 703
447 448
448 449
448 471
449 450
450 451
451 452
451 584
452 453
452 584
453 454
454 455
454 649
455 456
456 457
456 644
456 744
457 458
458 459
458 581
459 460
460 461
461 462
462 463
463 464
463 478
464 465
465 466
465 546
466 467
467 468
467 493
467 557
468 469
469 470
469 647
470 471
471 472
472 473
472 561
472 748
473 474
473 604
473 733
474 475
474 687
474 736
475 476
476 477
477 478
478 479
478 704
479 480
479 513
480 481
480 604
481 482
482 483
482 523
483 484
483 660
484 485
485 486
485 518
486 487
486 677
487 488
488 489
488 496
488 543
488 563
489 490
490 491
491 492
491 536
491 699
492 493
493 494
493 667
494 495
494 533
495 496
495 637
496 497
497 498
497 547
498 499
498 678
499 500
499 504
499 622
500 501
500 740
501 502
502 503
502 695
503 504
504 505
504 625
505 506
506 507
507 508
508 509
508 612
509 510
510 511
510 654
510 710
511 512
511 535
512 513
512 644
512 680
513 514
513 520
514 515
514 523
515 516
515 591
515 707
516 517
516 557
516 636
517 518
517 612
518 519
518 621
519 520
519 660
520 521
520 741
521 522
522 523
523 524
523 583
524 525
524 564
524 689
525 526
526 527
527 528
527 634
528 529
528 658
529 530
530 531
530 576
530 746
531 532
531 732
532 533
533 534
534 535
535 536
536 537
537 538
537 581
538 539
538 651
539 540
540 541
540 703
541 542
542 543
543 544
544 545
544 641
544 643
545 546
546 547
546 648
546 661
546 735
547 548
548 549
549 550
549 562
550 551
551 552
552 553
553 554
554 555
555 556
555 740
556 557
556 696
557 558
557 606
558 559
558 653
559 560
560 561
561 562
562 563
563 564
563 722
564 565
564 742
565 566
565 670
566 567
566 740
567 568
568 569
569 570
570 571
571 572
572 573
573 574
573 613
574 575
574 577
574 670
574 696
575 576
576 577
576 583
577 578
577 713
578 579
579 580
579 696
580 581
581 582
582 583
583 584
583 711
584 585
584 710
585 586
586 587
587 588
588 589
589 590
590 591
591 592
592 593
593 594
594 595
595 596
595 638
595 703
596 597
596 728
597 598
598 599
598 635
599 600
599 688
599 702
600 601
600 730
601 602
602 603
603 604
604 605
605 606
606 607
607 608
607 657
608 609
609 610
610 611
610 670
611 612
612 613
613 614
613 619
614 615
615 616
616 617
616 635
617 618
618 619
619 620
620 621
621 622
622 623
623 624
624 625
625 626
626 627
626 721
627 628
628 629
628 744
629 630
629 742
630 631
630 719
630 724
631 632
631 714
632 633
633 634
634 635
635 636
636 637
636 734
637 638
638 639
639 640
640 641
641 642
642 643
642 740
643 644
643 659
644 645
645 646
646 647
647 648
648 649
649 650
650 651
651 652
651 714
652 653
653 654
654 655
655 656
656 657
656 687
657 658
658 659
659 660
660 661
661 662
662 663
663 664
663 740
664 665
664 682
665 666
666 667
667 668
668 669
669 670
670 671
671 672
672 673
673 674
674 675
675 676
676 677
676 682
677 678
678 679
679 680
680 681
681 682
682 683
683 684
684 685
685 686
686 687
687 688
688 689
689 690
690 691
691 692
692 693
693 694
694 695
695 696
696 697
697 698
698 699
699 700
699 708
700 701
701 702
702 703
703 704
704 705
705 706
706 707
707 708
708 709
709 710
710 711
711 712
712 713
713 714
714 715
715 716
715 718
716 717
717 718
717 724
718 719
719 720
720 721
721 722
722 723
723 724
724 725
725 726
726 727
727 728
728 729
729 730
730 731
731 732
732 733
733 734
734 735
735 736
736 737
737 738
738 739
739 740
740 741
741 742
742 743
743 744
744 745
745 746
746 747
747 748
748 749
