0 33.50529704672098
1 45.737798616343184
2 81.54613072445875
3 80.65590731837857
4 47.99361808093496
5 91.74254269145567
6 87.11894486490779
7 50.084917320396066
8 32.22304644949125
9 85.8176505450486
10 71.83242859834324
11 106.83030139971237
12 73.05474734330022
13 57.569799577065375
14 92.19041617719185
15 24.595381455611648
16 65.16890330375159
17 34.237291245122954
18 88.872310365776
19 74.31057930190644
20 93.70986144214612
21 58.783402223728835
22 24.262246025257674
23 108.09898516944475
24 21.335082661943986
25 44.06847359346522
26 69.81812402581932
27 66.51705792952626
28 103.3769617257658
29 47.869415108126745
30 51.804097352338886
31 24.35663176604477
32 68.98681170692561
33 90.3317102665134
34 79.63269482587532
35 91.17345847815369
36 48.41540240090499
37 25.380409004015707
38 74.91048341088052
39 86.71129994357452
40 96.99466594556687
41 20.683007688795477
42 91.25376664919408
43 118.51958282284006
44 64.92025704845636
45 96.94850201524325
46 65.03855214664753
47 99.31646927810178
48 88.59489276963164
49 26.66335270091416
50 65.47155698014532
51 55.02814557707354
52 34.077492285304146
53 94.80644630825768
54 118.71683620979208
55 90.93901358987782
56 106.09333335007251
57 79.65157711576764
58 65.28509350346056
59 103.01638671166646
60 47.09555301919359
61 20.457406015746887
62 72.4905720152997
63 44.22718652261433
64 90.02856463421607
65 100.66118696131845
66 64.50291880979469
67 81.54307062398794
68 95.72897752707483
69 90.13403192243433
70 51.369205058808426
71 108.33429274646136
72 101.3099193506289
73 58.12184490864774
74 35.353820087943184
75 108.98151964374654
76 29.409696722685688
77 89.68748063984073
78 48.04173482911126
79 107.78873989581388
80 59.84595438213286
81 112.78608150773621
82 24.873176981586457
83 72.65930351196727
84 45.00161274702286
85 70.54697270516874
86 55.12549193642008
87 85.50102069422373
88 58.17904701844425
89 53.901863380006304
90 54.8305822557233
91 35.95519035105916
92 100.19409709136296
93 43.390548486989985
94 97.71399409217832
95 42.798289830164194
96 53.641700624776384
97 95.79168116185953
98 104.96434409688418
99 58.244006739649215
100 66.55002648328292
101 51.167624528530354
102 38.489499636533225
103 64.37716475713651
104 67.55022359166068
105 28.978739899702113
106 64.28849265478976
107 28.08002507606598
108 63.22398854970244
109 28.113977173736476
110 52.665888112919426
111 41.06535165193013
112 44.9513653375003
113 45.000891593893236
114 60.237930196926
115 35.00949678688441
116 37.36628219292028
117 76.399791124648
118 95.02746944952902
119 28.282741350745635
120 53.437575464285345
121 79.05295145169521
122 100.41732885724959
123 30.40295477982165
124 82.22832010675165
125 117.05138859938772
126 106.32939222531353
127 103.09258916297905
128 24.546481013854674
129 39.59799060800241
130 86.71942801648187
131 52.697932754659746
132 108.98508742600232
133 96.78725364249443
134 31.32522352302849
135 107.73341369662153
136 66.26021290740455
137 119.08826401026396
138 86.5783330600314
139 117.44270018456866
140 113.290264681445
141 57.40900078452283
142 45.687371592024
143 92.52222486978303
144 100.12022345428676
145 104.93637144178281
146 71.12344594431906
147 97.53164344517081
148 102.57962062475957
149 99.38789887734578
150 114.08594692009189
151 96.01972145770026
152 101.47319844564853
153 34.8772887731228
154 54.99965986492635
155 44.022929901680925
156 75.13835983658335
157 96.28757322505061
158 26.691685998415135
159 25.348073565144134
160 46.36369752331809
161 65.86190541376757
162 97.61944473205088
163 22.929063824778943
164 66.94797182254558
165 41.66350801273529
166 86.36859521874914
167 24.55192217794793
168 93.5891568868682
169 50.62265811510483
170 50.61242817954102
171 68.37098659176945
172 107.32827023572277
173 35.079998230129576
174 43.82189373833873
175 43.89320745828163
176 55.43286195223026
177 41.05193062449254
178 61.238121909793804
179 77.48630098642022
180 49.39022480974425
181 38.88513956473299
182 102.96691945722309
183 47.97047060338035
184 35.59051880938452
185 62.533819027235644
186 66.52740629642673
187 97.48228919036923
188 66.31517703837784
189 62.38450769656923
190 43.784598550116364
191 25.553238697177953
192 37.80607307069168
193 28.369870436410547
194 37.91839696997539
195 80.22433035652494
196 29.47615468959233
197 55.05415197709429
198 34.92911662048382
199 89.02211725798672
200 73.73235950885073
201 88.43947458857849
202 61.152323444862795
203 104.75032700764599
204 109.41678454778568
205 115.43350202523509
206 33.353412035569065
207 76.30523045905412
208 23.532251192615522
209 31.235466086435306
210 61.19503829748626
211 93.1018079903442
212 65.70355796025234
213 47.3388561815217
214 93.21811386377294
215 93.20162254926677
216 27.735890774196598
217 83.41562355196078
218 106.9498011097707
219 69.86228519020055
220 116.66696273768173
221 20.038016825677012
222 31.349551678662074
223 58.98223735403299
224 113.86967338153926
225 76.0106435476829
226 55.5269147098407
227 40.79352205248324
228 105.04719500656856
229 114.02677502624016
230 21.51246784664635
231 43.159121421110314
232 86.37256302434618
233 71.42924349212383
234 20.835915293630997
235 90.96031719118947
236 100.5600085217518
237 59.04779090113545
238 114.76304540650028
239 106.31346098588702
240 33.315400791164464
241 70.40100793488769
242 76.26585894135903
243 27.734451445145385
244 105.39837256865414
245 95.99254906096341
246 108.14789333363835
247 82.87308267466469
248 28.43880388274111
249 42.997592929379564
250 26.21938450599537
251 119.06840240894371
252 53.685535451515584
253 119.3269913932806
254 109.0145851609838
255 68.73004078643805
256 32.02531301390859
257 52.872948317157906
258 106.26616914840352
259 102.42946064135067
260 20.895137130045008
261 81.68145366052201
262 67.19941733625723
263 101.58891734642847
264 119.12136413240466
265 68.86313168371626
266 96.6813737948402
267 64.78486871529694
268 84.25398364700257
269 67.24553722709734
270 72.35797807211767
271 46.93646149715798
272 88.62477551450084
273 83.086383485451
274 59.13473427956518
275 119.02861954725823
276 100.14310679256891
277 65.60853866302455
278 38.70415954137009
279 27.523193675262064
280 31.753306069275858
281 79.68407659568877
282 31.29592450551557
283 27.24051356345681
284 89.51275666574321
285 102.68605736376112
286 24.423252602445938
287 59.24759145407306
288 63.409951324493
289 23.343128558201215
290 39.121773625046124
291 46.16814168806998
292 47.32691705101328
293 110.37340765888686
294 58.02473083033819
295 81.33349516615993
296 44.96060817678119
297 61.74057845799002
298 111.59102839374157
299 95.32236167337993
300 117.05299052548146
301 41.56647566586595
302 68.90036229313992
303 93.69134348033326
304 51.9396966479826
305 61.050872739344626
306 107.6522181123862
307 73.07695636373505
308 96.21229313357951
309 62.19060936358142
310 44.35326553512235
311 39.35388375282382
312 65.199395807399
313 118.65653133357456
314 90.15030213422652
315 71.16304215831515
316 64.00693327392516
317 76.8782186497144
318 60.36353554051434
319 94.87696062162125
320 89.01811711952811
321 22.20280920693503
322 106.4976953505725
323 62.94889614800291
324 47.0387630642262
325 69.93565821044217
326 58.356073275255056
327 56.59601350757805
328 24.68380308662274
329 49.1369822228379
330 60.85529575251936
331 65.89579775850228
332 64.13596416279871
333 68.2400498499598
334 65.23623340501024
335 35.62892597934227
336 53.067739265715105
337 25.87285976287989
338 87.58916089084121
339 103.58052133750961
340 116.30296450824387
341 57.70667596788601
342 78.95891708120189
343 99.51583156869238
344 104.70444443263945
345 90.72119397897347
346 60.768432744922464
347 117.67511202592313
348 112.80922634916556
349 109.967524091078
350 66.89674450990907
351 23.386503347118097
352 20.893297915430857
353 29.72655012315091
354 99.47014962714
355 105.27455229363228
356 49.43261171122865
357 100.90167151738646
358 49.2729170590542
359 38.54595345690492
360 34.33752772922007
361 79.55132496366271
362 53.65656922047759
363 81.96296265574341
364 79.8728917504722
365 27.658075821772158
366 64.92440436379098
367 91.36889151424923
368 22.836158185299453
369 116.54749189004379
370 80.3906316900312
371 96.00894469484106
372 46.35106069163544
373 55.8114312250513
374 41.661080341611054
375 50.393615178539775
376 114.54458456490553
377 76.15672320792376
378 45.15517131996701
379 44.080706179851894
380 60.41005134779142
381 53.291716925394
382 118.48642942098256
383 24.506016823061543
384 48.319356394057614
385 71.77950175386746
386 108.04152275292628
387 63.87157864228371
388 49.93251068487224
389 92.72803704313945
390 91.9454491302119
391 80.10428183643127
392 117.66282722424343
393 107.25385668480268
394 79.5731325186135
395 104.02657688616182
396 113.39122274162558
397 28.84738945492399
398 83.86538301632905
399 70.1349393932214
400 51.783274061974765
401 102.0843378074954
402 55.929804792225745
403 96.76058024505495
404 47.34783364329652
405 82.56901457669129
406 52.7548869438874
407 112.8908702803458
408 112.28612870578503
409 73.5618640476878
410 68.33820622556344
411 83.5588215703576
412 38.21549060648978
413 88.43489804164562
414 96.12727689958203
415 83.46189610981898
416 109.01192934909794
417 44.915064149649524
418 106.39426549700309
419 69.3502570586985
420 34.30101912612676
421 87.0171014295178
422 116.01347550868043
423 105.7285954826558
424 63.53663247236513
425 73.63373402988614
426 100.08306634613949
427 105.54445596398443
428 39.14227035851944
429 68.94251361965564
430 44.93027186155684
431 57.78994833772325
432 73.84989412796011
433 119.10504005162699
434 70.26188389538152
435 27.322667493509815
436 92.156256185953
437 102.17565147576751
438 54.569542403704645
439 28.71544734478865
440 58.72697628744538
441 93.70310083947439
442 82.37198463099271
443 95.5736331531255
444 27.61369727127729
445 99.20016874499761
446 94.47403035118263
447 89.51228726133107
448 85.30984339627469
449 66.47253890287557
450 63.144809298480425
451 118.86481897723283
452 27.955624684698027
453 105.7396415294589
454 32.965324679347155
455 66.1982867585792
456 108.41315621455342
457 113.54667864622486
458 65.0681508891856
459 55.83966198562806
460 112.46763135400428
461 117.65830336900565
462 97.58967563490296
463 27.871126069194347
464 75.07071244269991
465 34.440975328734666
466 88.37799987209972
467 23.431479225931668
468 27.327426586409683
469 57.68232884075169
470 37.34723342988652
471 27.664569118165012
472 72.83800768301774
473 78.36231057369005
474 95.34160253759356
475 61.284632998569
476 28.041302579230884
477 68.58230518650379
478 53.97038506557552
479 59.482249764041306
480 25.366508704331316
481 49.674787418998854
482 76.59745899632235
483 27.773620739604837
484 70.28513711031682
485 104.45751099018369
486 74.51676625918373
487 118.39969602748212
488 63.765305855172535
489 86.66264337231686
490 54.31777913284416
491 28.01066900229509
492 50.16557187283236
493 26.76261086902819
494 62.54260777511573
495 77.62516969906932
496 27.26571498598667
497 32.730907757137565
498 31.959113371461072
499 99.23248734667095
500 59.91697499909066
501 36.71743362941426
502 90.12202964148518
503 119.90998402749052
504 71.70450243136801
505 44.18442851864853
506 25.36671604189721
507 103.95680553644458
508 50.04981904239939
509 100.74040187290525
510 117.97790008536231
511 86.29890742742559
512 89.3413384305223
513 103.7258895603374
514 34.998311263665485
515 106.29928950284862
516 113.96610605841477
517 50.546299129817235
518 55.9898972543698
519 30.111268969580678
520 68.52608324656671
521 33.813454956020564
522 44.03285266434969
523 31.84150492324022
524 36.057453918633335
525 64.54894027072672
526 101.34539577349955
527 89.04341457039781
528 46.731583633496584
529 29.018645462058206
530 52.12993567478296
531 36.44051716855955
532 69.30146879199279
533 62.20942009734821
534 76.59879012773702
535 113.28312442847778
536 35.467544423351875
537 51.525093360183405
538 79.60545595152355
539 34.370773370673405
540 33.3720514548245
541 67.97052896000287
542 114.90490001616581
543 112.52660560751544
544 20.59114468677457
545 58.90879968216081
546 101.78915851350553
547 61.188882930842034
548 49.27922138693583
549 26.417987206306297
550 64.69207041319709
551 109.7887127810946
552 66.53000123745073
553 58.34048098711565
554 98.3296957301815
555 71.71192359388874
556 51.55412345040014
557 75.30909699405206
558 111.04059434626109
559 114.89700731385138
560 77.93311689613157
561 106.35069605291575
562 27.212814161119038
563 98.49989462471629
564 43.994821225400315
565 108.10946401797695
566 36.03207634101193
567 55.56026075569496
568 97.26542150013434
569 98.29831506553172
570 58.25831595151599
571 21.232953897504775
572 89.98849784127813
573 82.67839587902287
574 65.33538615006636
575 28.90206582271777
576 41.8615512696555
577 116.68299559072567
578 25.861391686796562
579 22.37404329789931
580 53.425719786141244
581 57.743608039098056
582 73.2947797381349
583 61.350154235960765
584 108.95447824208739
585 32.442282301231934
586 85.74395774476626
587 29.50754893427735
588 31.222333124174398
589 63.80585079547489
590 43.78587513752643
591 89.77204202335629
592 102.19461675921954
593 78.37392843361287
594 85.48165688830677
595 69.74461769473925
596 43.46469305254796
597 40.114114294858894
598 109.10505344136268
599 101.74766051560185
600 58.175035854851096
601 38.824116297656346
602 83.57208137634072
603 86.58571927644084
604 72.1937597192254
605 94.35200043435069
606 114.15793902087061
607 97.8695511729769
608 76.47839484194066
609 24.78214724534929
610 76.80990639331173
611 94.63115196489255
612 64.8437888007114
613 66.67589408241895
614 78.21258362332782
615 63.96128768926284
616 81.76124957327164
617 28.522265756307156
618 20.734528092638577
619 72.53004031165003
620 43.35114007528707
621 104.7455917575062
622 51.4829540477903
623 66.10472958681046
624 71.39130569656614
625 76.93322157430651
626 52.915829234337835
627 119.55849393075647
628 84.94890492362582
629 81.38795686745011
630 88.80839201360338
631 106.36674318176651
632 27.15330735621848
633 27.676201024187613
634 53.84371365093133
635 26.21754932310976
636 65.66294975308446
637 111.53428274414193
638 87.69462878248986
639 102.11601126983942
640 94.53913691752378
641 77.31175603069025
642 105.18701389538124
643 34.241493168598964
644 82.5249831453055
645 50.071943752476
646 62.98200005241609
647 76.8205458049317
648 58.13777616761133
649 75.53634483215453
650 30.187427461272712
651 86.40723742395679
652 95.51830556324401
653 77.25098218039894
654 55.406481681991266
655 75.21654801781915
656 66.64073213610638
657 64.6691240865205
658 25.95406432230261
659 91.53531858914089
660 55.27184122161671
661 103.2862640882347
662 96.31918654819418
663 40.73923695272721
664 85.97858767548503
665 88.52961157796497
666 22.424272357165435
667 55.073189245016295
668 107.51808786008642
669 48.79579594473981
670 75.82991552903457
671 118.10624244020978
672 84.10426578804257
673 39.846831654460914
674 27.75634352346275
675 50.65140328241604
676 90.33061606067638
677 82.7158687556775
678 86.6404170700462
679 68.94423936353638
680 75.93864623275634
681 40.34059762232682
682 44.91972338830121
683 33.00332939773985
684 65.1567158507665
685 24.333619277191048
686 40.83295354162562
687 113.34940508088928
688 81.9941748079695
689 72.61551268067106
690 69.24836040681856
691 117.63901141150296
692 47.66084980031409
693 41.07765192296491
694 81.87984896268102
695 35.27232992191864
696 79.1920598847512
697 108.00837118894653
698 101.72281532112868
699 77.66380625970515
700 29.394524510754387
701 98.70734448506694
702 39.139561908366886
703 114.61804681251854
704 47.38870180226611
705 99.52953216476604
706 37.74674993458901
707 33.132427900186286
708 106.30818084463667
709 45.54145818066027
710 97.10499915556217
711 73.95173171527503
712 40.126989188085865
713 34.03891327758089
714 116.18343873068194
715 33.3290019068067
716 55.120781103618675
717 37.36668632034892
718 76.66962356962249
719 52.70078489787509
720 33.12805193542086
721 62.79724205542473
722 38.417902474845725
723 57.36378209041862
724 23.562664446610743
725 34.66674348389468
726 50.677020377057886
727 46.74384099163706
728 29.039139917933937
729 54.53315669096997
730 92.21030056302368
731 83.47714807556972
732 25.507328639124708
733 28.812649615636303
734 41.01953120702108
735 76.27738283472277
736 21.953205998243323
737 40.166826691712025
738 40.10621627299631
739 102.4414822727832
740 57.007741463115494
741 78.85482806168443
742 69.5515969494581
743 69.85057486247533
744 50.21586613606673
745 43.33066713407715
746 57.169454545929774
747 75.45159658436135
748 74.25283764319653
749 65.5576086312881
0 1
0 147
0 166
0 197
0 330
0 356
0 460
0 464
1 2
1 188
1 316
1 372
1 611
1 613
2 3
2 153
2 504
2 506
2 582
2 749
3 4
3 29
3 39
3 54
3 80
3 190
3 216
3 317
3 355
3 464
4 5
4 174
4 180
4 194
4 307
4 336
4 378
4 515
4 662
5 6
5 86
5 89
5 337
5 523
5 535
6 7
6 154
6 311
6 325
6 624
7 8
7 23
7 96
7 561
7 598
8 9
8 84
8 94
8 134
8 199
8 244
8 261
8 431
8 535
8 687
9 10
9 23
9 203
9 452
9 567
9 590
10 11
10 138
10 211
10 392
10 493
10 518
10 614
10 626
10 691
10 704
10 723
11 12
11 158
11 165
11 378
11 689
11 702
12 13
12 51
12 125
12 317
12 345
12 369
12 418
12 501
12 519
12 652
13 14
13 95
13 225
13 237
13 482
13 632
13 653
14 15
14 63
14 85
14 111
14 309
14 434
14 573
14 722
15 16
15 196
15 514
15 518
15 633
16 17
16 333
16 447
16 624
16 645
17 18
17 78
17 458
17 476
17 507
17 615
17 633
18 19
18 50
18 57
18 329
18 407
19 20
19 114
19 122
19 124
19 332
19 520
19 648
19 740
20 21
20 62
20 142
20 241
20 542
20 579
21 22
21 39
21 85
21 120
21 367
21 368
21 419
21 422
21 636
22 23
22 438
22 549
23 24
23 136
23 349
23 361
23 470
23 509
24 25
24 129
24 148
24 257
24 428
24 507
24 719
25 26
25 213
25 416
25 471
25 559
25 596
26 27
26 153
26 378
26 513
26 617
26 647
27 28
27 56
27 343
27 471
27 571
27 593
27 604
27 640
27 709
28 29
28 140
28 214
28 285
28 329
28 471
28 688
29 30
29 66
29 105
29 456
29 468
29 489
29 501
29 624
30 31
30 410
30 513
31 32
31 73
31 176
31 178
31 370
31 405
32 33
32 200
32 266
32 272
32 353
32 374
32 398
32 557
32 584
33 34
33 50
33 342
33 385
33 428
33 501
33 565
33 711
34 35
34 190
34 236
34 321
34 325
34 608
34 615
34 622
34 677
35 36
35 91
35 205
35 272
35 286
35 588
36 37
36 40
36 199
36 407
37 38
37 42
37 194
37 439
38 39
38 205
38 483
38 676
39 40
39 61
39 77
39 96
39 513
39 687
39 731
40 41
40 147
40 226
40 311
40 358
40 480
40 555
40 707
40 732
41 42
41 264
41 738
42 43
42 134
42 352
42 397
42 626
43 44
43 246
43 291
43 347
43 394
43 465
43 633
43 712
44 45
44 75
44 218
44 339
44 428
44 431
44 464
44 486
44 495
44 500
44 572
44 668
44 673
45 46
45 179
45 259
45 377
45 569
45 579
46 47
46 62
46 100
46 131
46 133
46 166
46 199
46 278
46 281
46 319
46 566
47 48
47 64
47 70
47 377
47 499
47 677
48 49
48 180
48 340
48 395
48 522
49 50
49 274
49 404
49 416
49 527
50 51
50 188
50 233
50 259
50 322
50 593
50 612
51 52
51 97
51 142
51 227
51 255
51 612
51 705
52 53
52 115
52 236
52 376
52 493
53 54
53 144
53 471
53 601
53 606
53 621
53 638
53 676
54 55
54 156
54 372
54 481
54 498
54 524
54 637
55 56
55 140
55 208
55 461
55 500
56 57
56 492
57 58
57 64
57 151
57 544
57 571
57 640
57 671
58 59
58 176
58 237
58 258
58 553
58 627
58 652
58 744
59 60
59 88
59 157
59 202
59 245
59 387
59 509
59 679
59 719
60 61
60 79
60 174
60 179
60 196
60 369
60 418
60 447
60 458
60 584
60 599
61 62
61 90
61 131
61 171
61 672
61 691
62 63
62 346
62 457
62 503
62 554
63 64
63 193
63 359
63 394
63 604
63 619
63 636
63 667
63 705
64 65
64 78
64 425
64 686
64 726
65 66
65 98
65 111
65 114
65 344
65 493
66 67
66 362
66 396
66 473
67 68
67 120
67 410
67 546
67 593
68 69
68 81
68 247
68 621
68 701
69 70
69 97
69 115
69 266
69 349
69 680
69 705
70 71
70 140
71 72
71 166
71 653
72 73
72 356
72 562
72 730
73 74
73 109
73 161
73 197
73 221
73 264
73 377
74 75
74 420
74 526
74 644
74 656
74 729
75 76
75 94
75 572
75 649
75 655
75 737
76 77
76 215
76 469
76 515
76 519
76 594
77 78
77 128
77 566
77 575
78 79
78 146
78 485
79 80
79 198
79 218
79 434
79 507
79 583
79 733
80 81
80 129
80 356
80 651
80 711
81 82
81 237
81 339
81 373
81 424
81 491
82 83
82 265
82 303
82 412
82 455
82 670
83 84
83 142
83 196
83 377
83 596
84 85
84 131
84 294
84 339
84 366
84 639
85 86
85 291
85 340
85 388
85 567
86 87
86 163
86 381
86 551
86 583
86 587
86 593
86 623
86 724
87 88
87 199
87 340
87 408
87 418
87 439
87 453
87 579
87 642
88 89
88 92
88 106
88 134
88 293
88 302
88 313
88 387
88 498
89 90
89 192
89 266
89 271
89 366
89 513
89 597
89 607
90 91
90 173
90 209
90 355
90 453
90 663
91 92
91 289
91 421
91 448
92 93
92 473
92 641
92 667
93 94
93 172
93 350
93 476
93 490
93 518
93 652
93 687
93 741
94 95
94 142
94 222
94 283
94 645
95 96
95 167
95 251
95 553
96 97
96 350
96 400
96 731
97 98
97 230
97 493
97 661
98 99
98 441
98 482
99 100
99 230
99 264
99 315
99 625
100 101
100 381
100 690
100 724
101 102
101 143
101 370
101 423
101 541
101 649
101 677
102 103
102 115
102 312
102 413
102 573
102 576
102 668
102 722
103 104
103 145
103 247
103 383
103 412
103 627
103 661
104 105
104 143
104 146
104 332
104 374
104 464
104 635
104 669
104 682
105 106
105 144
105 397
105 519
105 625
105 724
106 107
106 301
106 492
106 499
106 575
106 604
106 650
107 108
107 116
107 559
108 109
108 297
108 455
108 742
109 110
109 152
109 215
109 234
109 513
109 658
109 686
110 111
110 178
110 294
111 112
111 141
111 190
111 314
111 438
111 539
111 616
112 113
112 260
112 610
112 694
113 114
113 372
113 465
113 491
113 588
113 604
113 644
113 688
114 115
114 259
114 304
114 607
114 706
115 116
115 263
115 701
116 117
116 384
116 458
116 519
117 118
117 128
117 402
118 119
118 136
118 141
118 171
118 267
118 280
118 347
118 361
118 372
119 120
119 135
119 147
119 649
120 121
120 321
120 335
120 605
120 632
120 640
120 663
121 122
121 152
121 185
121 281
121 322
121 375
121 415
121 632
122 123
122 140
122 149
122 192
122 510
122 511
122 701
123 124
123 140
123 170
123 358
123 549
124 125
124 224
124 484
124 524
125 126
125 240
125 284
125 342
125 394
125 406
125 456
125 458
126 127
126 180
126 191
126 241
126 252
126 308
126 421
126 597
126 646
126 698
127 128
127 227
127 236
127 310
127 436
127 681
128 129
128 184
128 550
128 581
128 715
129 130
129 209
129 252
129 445
129 600
130 131
130 148
130 174
130 200
130 230
130 240
130 507
131 132
131 354
131 609
132 133
132 527
132 560
132 600
132 722
133 134
133 174
133 317
133 402
133 418
133 496
133 641
133 660
133 729
134 135
134 136
134 151
134 208
134 301
134 377
134 597
134 736
134 739
135 136
135 216
135 342
135 388
135 471
135 483
135 572
135 584
135 715
135 744
136 137
136 158
136 490
136 617
136 661
136 678
136 683
136 719
137 138
137 204
137 213
137 371
137 430
137 520
137 526
137 730
138 139
138 154
138 268
138 469
139 140
139 310
139 313
139 350
139 496
139 583
139 645
140 141
140 390
140 740
141 142
141 160
141 204
141 294
141 367
141 429
141 635
141 738
142 143
142 172
142 254
142 330
142 434
142 534
143 144
143 152
143 160
143 218
143 313
143 553
143 577
143 727
143 737
144 145
144 227
144 409
144 692
145 146
145 162
145 399
145 411
145 492
145 740
146 147
146 259
146 489
146 508
146 657
147 148
147 174
147 338
147 468
147 564
148 149
148 419
148 426
148 475
148 628
148 655
148 662
148 707
148 735
149 150
149 245
149 333
149 514
149 683
149 701
149 726
150 151
150 236
150 249
150 322
150 393
150 490
150 515
150 737
151 152
151 433
152 153
152 227
152 277
152 309
152 453
152 667
153 154
153 231
153 232
153 303
154 155
154 194
154 221
154 463
154 555
154 745
155 156
155 182
155 216
155 326
155 387
155 690
155 700
156 157
156 436
156 501
157 158
157 197
157 316
157 347
157 476
157 662
158 159
158 179
158 286
158 357
159 160
159 340
159 493
159 543
159 670
159 682
160 161
160 195
160 218
160 389
160 479
161 162
161 197
161 232
161 276
161 354
161 681
162 163
162 241
162 328
162 351
162 714
163 164
163 343
163 372
163 376
163 679
164 165
164 168
164 382
164 399
164 408
164 432
164 548
165 166
165 194
165 200
165 605
165 661
165 697
166 167
166 208
166 230
166 282
166 360
166 391
166 527
166 531
166 591
166 618
166 640
166 655
167 168
167 310
167 376
167 511
168 169
168 212
168 272
168 412
168 414
168 472
168 477
168 507
168 665
168 682
169 170
169 205
169 417
169 430
169 579
169 644
169 730
169 734
169 739
170 171
170 497
170 506
171 172
171 300
171 312
171 402
171 497
171 583
171 644
171 652
172 173
172 262
172 441
172 515
172 660
173 174
173 416
173 559
173 591
173 602
173 612
173 673
174 175
174 242
174 291
174 398
174 558
175 176
175 185
175 211
175 250
175 348
175 430
175 655
175 686
175 746
176 177
176 212
176 423
176 466
176 485
176 587
176 645
176 728
177 178
177 332
177 577
177 594
178 179
178 393
178 674
178 713
179 180
179 593
179 643
179 644
179 653
179 693
179 720
180 181
180 263
180 337
180 348
180 493
180 643
180 648
180 725
180 730
181 182
181 480
182 183
182 282
182 507
182 605
182 619
182 645
182 718
183 184
183 284
183 526
183 540
183 541
183 547
183 660
183 693
183 748
184 185
184 233
184 283
184 359
184 609
185 186
185 214
186 187
186 326
186 427
186 595
186 608
186 617
186 740
187 188
187 216
187 242
187 256
187 683
188 189
188 322
188 341
188 540
188 578
188 588
188 617
188 688
189 190
189 213
189 272
189 411
190 191
190 257
190 372
190 447
190 452
190 453
190 472
190 482
190 543
190 552
191 192
191 263
191 275
191 279
191 311
191 351
191 416
191 662
191 706
192 193
192 268
192 330
192 443
193 194
193 279
193 623
193 642
193 744
194 195
194 347
194 576
194 709
195 196
195 530
195 622
195 741
196 197
196 353
196 371
196 428
196 442
196 573
196 675
197 198
197 270
197 331
197 423
197 438
197 447
198 199
198 410
198 584
198 610
198 709
199 200
199 283
199 383
199 491
199 525
199 538
199 565
199 623
200 201
200 330
200 462
201 202
201 239
201 558
201 729
202 203
202 302
202 455
202 504
202 731
203 204
203 338
203 447
203 506
203 553
203 629
204 205
204 252
204 338
204 507
205 206
205 397
205 541
205 573
205 647
206 207
206 260
206 335
206 408
206 518
206 635
207 208
207 290
207 417
208 209
208 392
208 411
208 496
208 596
208 701
209 210
209 212
209 272
209 290
209 370
209 373
209 553
209 591
209 652
209 700
210 211
210 273
210 322
210 367
210 549
210 570
210 638
211 212
211 314
211 542
212 213
212 313
212 324
212 368
212 576
212 614
213 214
213 260
213 275
213 338
213 352
213 443
213 556
213 560
213 596
214 215
214 241
214 331
214 349
214 653
215 216
215 290
215 711
215 713
215 736
216 217
216 430
216 450
216 546
216 587
216 710
217 218
217 352
217 513
217 656
218 219
218 280
219 220
219 267
219 395
219 414
219 430
219 439
219 661
220 221
220 260
220 319
220 444
220 619
220 708
221 222
221 450
221 455
221 651
222 223
222 252
222 259
222 277
222 409
222 542
222 597
222 656
222 703
223 224
223 400
223 486
223 546
223 606
224 225
224 270
224 453
224 460
224 564
224 623
224 637
224 697
224 717
225 226
225 237
225 302
225 419
225 522
225 562
226 227
226 263
226 446
226 450
226 455
226 596
227 228
227 498
227 522
228 229
228 322
228 396
228 456
228 652
228 725
229 230
229 319
229 427
229 538
229 609
229 705
229 716
230 231
230 258
230 307
230 317
230 450
230 625
230 702
230 705
231 232
231 285
231 327
231 445
231 485
231 511
232 233
233 234
233 492
233 587
233 599
233 693
234 235
235 236
235 273
235 408
235 626
236 237
236 432
236 446
236 470
236 576
236 612
237 238
237 270
237 390
237 407
237 514
238 239
238 248
238 377
238 464
238 492
238 541
238 604
239 240
239 242
239 655
240 241
240 323
240 450
240 476
240 576
241 242
241 332
241 355
241 370
241 392
241 526
241 581
241 626
242 243
242 260
242 360
242 579
242 602
242 612
242 716
242 737
243 244
243 266
243 445
243 655
243 718
244 245
244 551
245 246
245 386
245 433
245 531
245 592
245 604
246 247
246 268
246 472
246 485
246 668
246 669
246 698
247 248
247 290
247 332
247 599
247 646
248 249
248 267
248 321
248 356
248 657
248 746
249 250
249 254
249 440
249 452
249 584
249 595
250 251
250 471
250 493
250 737
251 252
251 339
251 437
251 589
251 669
251 728
252 253
252 389
252 399
252 497
252 538
252 656
252 695
253 254
253 486
253 733
254 255
254 408
254 607
255 256
255 265
255 471
255 481
255 499
255 729
256 257
256 549
256 705
257 258
257 343
257 431
258 259
258 483
258 596
258 703
259 260
259 370
259 394
259 521
259 570
259 628
260 261
260 405
260 433
260 604
260 637
260 657
261 262
261 280
261 443
262 263
262 432
262 502
262 572
262 598
263 264
263 568
264 265
264 595
264 621
265 266
265 372
265 505
265 665
266 267
266 284
266 681
267 268
267 280
267 629
268 269
268 363
268 368
268 396
268 421
268 460
268 530
268 537
268 683
269 270
269 341
269 379
269 410
269 467
269 495
269 691
269 711
270 271
270 303
270 511
271 272
271 355
271 409
271 429
271 598
271 629
272 273
272 414
272 568
273 274
273 354
273 405
273 485
273 526
274 275
274 299
274 326
274 590
274 725
275 276
275 330
275 350
275 478
276 277
276 332
276 337
276 441
276 451
276 532
276 636
277 278
277 297
277 406
277 644
277 739
278 279
278 412
279 280
279 371
279 488
279 505
280 281
280 284
280 496
280 707
281 282
281 341
282 283
282 479
282 507
283 284
283 325
283 698
284 285
284 374
284 513
284 531
284 546
285 286
285 538
286 287
286 288
286 400
286 527
287 288
287 303
287 498
287 499
287 537
287 644
288 289
288 475
288 512
288 581
288 626
288 684
289 290
289 474
289 617
290 291
290 322
290 449
290 520
291 292
291 320
291 463
291 601
291 673
292 293
292 341
292 397
292 422
292 652
292 681
293 294
293 425
293 506
294 295
294 328
294 391
294 493
295 296
295 323
295 425
295 632
296 297
296 408
296 433
296 515
297 298
297 299
297 437
297 466
297 498
297 574
298 299
298 320
298 452
298 476
298 656
299 300
300 301
301 302
301 454
301 458
301 571
301 594
302 303
302 685
303 304
303 453
303 502
303 535
303 728
304 305
304 478
304 661
304 674
305 306
305 327
305 519
305 690
306 307
306 357
306 531
306 615
307 308
307 463
307 496
307 655
307 748
308 309
308 335
308 339
308 350
308 366
308 377
308 419
309 310
309 368
309 376
309 403
309 432
309 474
309 526
309 716
310 311
310 704
311 312
311 336
311 413
311 466
311 531
311 546
311 580
312 313
312 412
312 465
312 478
312 492
312 668
313 314
313 413
313 484
313 541
313 617
313 669
314 315
314 346
315 316
315 659
316 317
316 425
316 472
316 549
316 588
316 608
317 318
317 472
317 515
317 617
317 644
317 702
318 319
318 404
318 498
318 591
318 638
318 716
319 320
319 382
319 428
319 573
320 321
320 369
320 373
320 592
320 683
321 322
321 363
321 619
321 731
322 323
322 453
322 526
322 620
322 738
323 324
324 325
324 360
324 543
325 326
325 395
325 685
325 706
325 725
325 742
326 327
326 503
326 536
326 581
326 603
326 620
326 651
327 328
327 343
327 454
327 559
328 329
328 498
328 607
329 330
329 351
329 434
329 603
329 645
329 665
330 331
330 416
330 478
330 484
330 520
330 614
331 332
331 689
331 726
332 333
332 343
332 383
332 426
332 731
333 334
333 343
333 399
333 565
333 584
334 335
334 383
334 470
334 504
334 567
335 336
335 377
335 462
335 465
336 337
336 347
336 352
336 445
336 529
337 338
337 355
337 361
337 372
337 386
337 471
337 482
337 486
337 503
337 517
338 339
338 374
338 726
339 340
339 409
339 528
339 538
339 720
340 341
340 361
340 387
340 495
340 516
340 554
340 658
340 737
341 342
341 525
341 532
341 588
342 343
342 406
342 471
342 696
343 344
343 454
343 506
343 542
343 559
343 611
344 345
344 622
344 630
345 346
345 563
345 600
345 723
346 347
346 437
346 567
346 609
346 622
346 639
347 348
347 565
347 567
348 349
348 509
348 748
349 350
349 452
349 591
349 592
349 687
350 351
350 470
350 659
350 711
351 352
351 408
351 537
351 744
352 353
352 381
352 563
353 354
353 396
353 497
353 552
353 648
354 355
354 522
354 655
354 717
354 719
355 356
355 547
355 592
355 668
355 677
356 357
356 396
356 547
356 563
357 358
357 365
357 438
357 557
357 594
357 688
358 359
358 517
358 519
358 712
358 731
358 732
359 360
359 369
359 374
360 361
360 499
360 594
360 609
360 682
360 731
361 362
361 379
361 472
361 539
361 572
362 363
362 517
363 364
363 488
363 490
363 681
364 365
364 405
364 520
364 621
365 366
365 539
365 623
366 367
366 528
366 622
366 626
366 652
366 677
366 688
367 368
367 525
367 544
367 693
368 369
368 422
368 562
368 595
368 696
369 370
369 593
369 706
369 728
370 371
370 636
370 673
371 372
371 530
371 642
371 672
372 373
373 374
373 454
373 605
373 703
374 375
374 396
374 570
375 376
375 394
375 482
375 636
375 695
375 718
375 726
375 744
376 377
376 631
377 378
377 518
377 626
378 379
378 498
379 380
379 453
379 665
379 668
380 381
380 483
380 509
380 670
381 382
381 475
381 503
381 512
381 670
382 383
382 460
382 744
383 384
383 421
383 641
384 385
384 416
384 590
385 386
385 552
385 567
385 726
386 387
386 712
386 715
387 388
387 418
387 665
388 389
388 478
388 514
388 620
388 641
388 674
389 390
389 568
389 612
389 614
389 688
389 699
390 391
390 745
391 392
391 396
391 496
391 552
391 633
391 656
392 393
392 652
393 394
393 741
393 746
394 395
394 661
395 396
395 693
396 397
396 399
397 398
397 414
397 445
397 559
398 399
398 421
398 442
398 512
398 577
398 646
398 657
398 699
399 400
399 506
399 525
399 687
400 401
401 402
401 598
401 653
401 669
402 403
402 452
402 649
403 404
404 405
404 584
405 406
405 550
405 723
406 407
406 422
406 487
406 538
406 656
407 408
407 496
407 551
407 572
407 614
407 628
407 670
407 701
407 732
408 409
408 439
408 500
408 725
409 410
409 546
409 687
410 411
410 535
410 660
411 412
411 502
411 530
411 554
412 413
412 637
412 702
413 414
413 512
413 525
413 701
414 415
414 493
414 514
414 602
415 416
415 435
415 469
415 512
415 673
415 680
416 417
416 438
416 439
416 504
416 639
416 670
417 418
417 431
418 419
418 442
418 468
418 493
418 538
418 738
419 420
419 428
419 495
419 585
420 421
420 533
420 686
421 422
421 459
421 592
421 728
422 423
422 611
422 644
423 424
423 521
423 568
424 425
424 592
424 715
425 426
425 493
425 641
426 427
427 428
427 457
427 474
428 429
428 462
428 598
428 631
429 430
429 615
430 431
430 479
430 574
430 603
430 744
431 432
431 438
431 526
431 668
432 433
432 451
432 465
432 741
433 434
433 701
434 435
434 462
434 643
434 724
435 436
435 655
436 437
436 527
436 641
437 438
438 439
438 493
438 524
438 653
438 702
439 440
439 478
440 441
440 529
441 442
441 521
441 700
442 443
442 480
442 486
442 695
443 444
444 445
444 653
445 446
445 633
445 668
445 726
445 731
446 447
446 566
446 662
447 448
447 489
447 561
447 597
448 449
448 548
448 619
449 450
449 474
450 451
450 490
450 491
450 575
450 600
450 733
451 452
451 609
451 658
451 734
452 453
452 464
452 556
452 632
453 454
453 489
453 690
453 748
454 455
454 459
454 645
455 456
455 574
455 581
456 457
456 459
456 666
456 710
456 712
457 458
457 460
458 459
458 519
458 643
458 734
458 736
459 460
459 490
459 544
459 645
460 461
460 606
460 709
461 462
462 463
462 619
462 728
463 464
463 570
463 616
463 646
463 674
464 465
464 481
465 466
465 470
465 613
465 630
466 467
466 495
466 536
466 659
467 468
467 602
467 648
467 720
467 748
468 469
468 500
468 612
468 622
469 470
469 522
469 525
469 672
469 711
469 731
469 740
470 471
470 540
471 472
471 590
472 473
472 620
473 474
473 510
474 475
475 476
475 655
475 664
476 477
477 478
477 533
477 693
478 479
478 523
478 645
479 480
480 481
481 482
481 625
481 709
481 717
482 483
482 635
482 690
482 731
483 484
483 554
483 593
484 485
484 536
484 538
484 576
484 696
485 486
485 524
485 572
485 725
486 487
486 619
486 623
486 748
487 488
487 576
487 749
488 489
488 530
488 539
488 643
489 490
489 559
489 673
489 716
490 491
490 503
490 522
490 627
491 492
491 658
492 493
492 520
492 524
492 716
493 494
493 542
494 495
494 739
495 496
495 660
496 497
496 571
497 498
497 575
498 499
498 544
498 569
499 500
499 531
499 540
499 574
499 599
500 501
500 540
500 570
500 703
501 502
501 671
501 711
501 726
502 503
502 599
502 645
502 666
502 693
503 504
503 532
504 505
504 616
504 624
505 506
505 560
505 687
506 507
506 509
506 547
506 584
506 642
507 508
508 509
508 540
508 611
508 636
508 669
509 510
509 648
509 656
510 511
510 543
510 683
510 742
511 512
511 543
511 584
511 665
512 513
512 735
513 514
513 698
513 713
514 515
514 690
515 516
515 590
516 517
516 532
516 648
517 518
517 523
517 535
518 519
518 548
518 662
518 688
519 520
519 719
520 521
520 555
520 669
521 522
521 558
522 523
522 583
522 618
523 524
523 655
523 665
523 730
524 525
524 551
524 715
525 526
525 574
525 613
525 647
525 743
526 527
526 537
526 577
527 528
527 593
527 615
528 529
528 613
528 657
529 530
529 593
529 617
529 739
530 531
530 625
530 685
531 532
531 605
532 533
532 664
532 677
532 682
533 534
533 594
533 708
534 535
534 571
534 632
535 536
535 615
536 537
536 642
537 538
537 549
537 577
537 592
538 539
538 561
539 540
539 555
540 541
540 646
540 720
541 542
541 716
541 744
542 543
543 544
544 545
544 712
544 735
545 546
545 603
545 656
546 547
546 564
547 548
547 622
547 694
547 711
547 723
548 549
548 645
549 550
550 551
551 552
551 632
551 659
551 666
552 553
552 563
552 571
552 693
552 717
553 554
553 640
553 725
554 555
555 556
555 557
555 569
555 656
555 702
556 557
556 577
556 624
556 712
557 558
557 560
557 666
557 720
558 559
558 590
558 634
559 560
559 650
559 679
559 711
560 561
561 562
561 726
561 737
562 563
562 596
562 634
562 719
562 744
563 564
564 565
564 607
564 667
564 677
564 737
565 566
565 641
565 699
566 567
567 568
567 660
568 569
568 642
569 570
569 609
569 619
569 629
569 644
570 571
571 572
572 573
572 600
572 645
572 710
573 574
574 575
575 576
576 577
576 581
577 578
577 737
578 579
579 580
579 638
579 729
579 738
580 581
580 679
580 729
581 582
582 583
582 613
582 713
583 584
584 585
585 586
585 653
585 655
586 587
586 704
586 718
586 736
587 588
587 638
588 589
589 590
589 614
589 658
590 591
590 607
590 655
590 668
590 698
591 592
592 593
593 594
594 595
595 596
596 597
597 598
597 625
598 599
599 600
599 722
600 601
600 618
600 667
600 689
601 602
601 621
601 715
601 744
602 603
603 604
604 605
605 606
605 734
605 741
605 749
606 607
607 608
608 609
608 740
609 610
609 692
610 611
610 624
610 671
611 612
611 644
612 613
613 614
614 615
614 737
615 616
616 617
617 618
617 661
617 665
618 619
618 687
618 701
619 620
619 625
620 621
620 708
620 713
621 622
621 699
622 623
623 624
623 682
624 625
624 634
624 677
624 686
625 626
625 676
625 723
626 627
627 628
628 629
628 710
629 630
629 659
629 667
630 631
631 632
632 633
632 698
632 744
633 634
634 635
634 723
635 636
636 637
636 704
636 733
637 638
638 639
639 640
639 681
640 641
641 642
641 672
641 699
641 724
641 725
642 643
643 644
643 647
644 645
644 653
644 738
645 646
645 650
646 647
646 653
646 669
646 695
646 704
646 738
647 648
647 744
648 649
648 712
649 650
649 706
649 707
649 709
650 651
651 652
652 653
652 687
653 654
654 655
655 656
656 657
657 658
657 731
658 659
658 713
659 660
659 727
660 661
661 662
662 663
663 664
663 698
663 732
664 665
664 738
665 666
665 673
666 667
667 668
667 681
668 669
668 733
669 670
669 720
669 747
670 671
670 744
671 672
672 673
672 681
672 729
673 674
673 737
674 675
675 676
675 694
675 722
676 677
677 678
677 708
678 679
679 680
679 698
680 681
681 682
682 683
682 717
683 684
684 685
685 686
686 687
687 688
687 693
688 689
688 690
689 690
689 727
690 691
690 731
690 733
691 692
692 693
692 735
693 694
694 695
695 696
696 697
697 698
698 699
698 729
699 700
700 701
701 702
701 726
702 703
702 742
703 704
704 705
705 706
706 707
706 734
706 745
707 708
708 709
708 710
708 729
709 710
709 726
710 711
710 725
711 712
711 716
711 733
712 713
713 714
714 715
715 716
716 717
717 718
718 719
719 720
720 721
721 722
721 748
722 723
723 724
724 725
725 726
726 727
727 728
728 729
729 730
730 731
731 732
732 733
732 745
733 734
734 735
735 736
736 737
737 738
738 739
739 740
740 741
741 742
742 743
743 744
744 745
745 746
746 747
747 748
748 749
