0 57.49322081299178
1 116.538578851503
2 92.16833450356681
3 42.38723870739295
4 64.19795388888028
5 69.82996826409743
6 22.698156689339992
7 44.006169122454324
8 34.83779869559263
9 85.9856369834734
10 69.48762154575675
11 52.5901548829122
12 92.67226484918896
13 60.35389887138865
14 77.31889152234533
15 69.3103515902923
16 85.0210942626256
17 96.89400720049098
18 88.138960243949
19 87.07652696391723
20 26.00821111186294
21 89.54783576074702
22 115.36836434107767
23 91.99471431426137
24 99.93961891824462
25 93.07624537749993
26 41.54067069925871
27 41.363789857752835
28 40.96770048393809
29 97.18151137839202
30 73.33342453550918
31 89.89376220193952
32 23.54205657456854
33 46.74114612071049
34 83.46137238853623
35 103.8948638134227
36 95.11965791009844
37 83.107347285518
38 92.43794399878475
39 24.37804573112206
40 57.704743296266585
41 116.68017749335253
42 94.87112855033848
43 114.32378693222275
44 58.011544802179
45 79.34153969656504
46 114.74505110185405
47 52.817629007989524
48 77.39061389923705
49 46.840876941576276
50 82.04867868305027
51 119.31717902376498
52 22.132124821928873
53 65.85243007104127
54 59.148284666315114
55 45.00674939221665
56 102.35721594556753
57 68.17784616215742
58 109.46041817753321
59 95.01224728534159
60 53.431122194028376
61 105.44675919874108
62 93.26729808684712
63 85.19027877039895
64 97.6794098308867
65 91.6719413029408
66 95.92672338444834
67 30.271871801638692
68 66.16139515702541
69 98.14447064595765
70 42.263706874236675
71 66.33261928344429
72 100.3524038350694
73 105.4083193344799
74 27.591244630785233
75 89.87745228548535
76 31.809225180643534
77 80.43263741561857
78 100.59274478810417
79 108.2696517849446
80 94.24073761699918
81 113.60392431781965
82 66.20882434533021
83 101.80012483716298
84 56.87839149578453
85 119.78918886481374
86 37.70633896666982
87 56.38437207134919
88 80.63882502638867
89 80.4750975036791
90 56.267629279993976
91 37.69096830314165
92 89.29360846887792
93 79.86702588874732
94 113.72320738284694
95 42.44682198508396
96 116.70870771132293
97 66.83584953944018
98 59.46113387016357
99 80.7308261481036
100 38.188985681145866
101 56.7291529858096
102 46.081640443008446
103 114.25897352823786
104 119.06062368900388
105 72.31752714797295
106 70.02558916954064
107 99.98038800803695
108 116.84711581158378
109 111.52548301308309
110 93.19056931265581
111 65.74514254058059
112 54.74202224179326
113 21.100399888716463
114 89.45860173664394
115 75.37112033041461
116 43.55443006765741
117 50.001896308321804
118 46.094538826911034
119 24.128605725751665
120 66.9006553830641
121 54.04784646592328
122 64.13442338082518
123 42.47769995499621
124 60.13842551745914
125 24.23221222289154
126 44.168238979066935
127 75.83501620583687
128 107.38737203955192
129 115.13376826744118
130 114.33160669235679
131 51.21258250957763
132 52.95242120365904
133 56.963680818742766
134 55.85618676808433
135 37.763245939630394
136 73.56421315721906
137 45.05382689749553
138 108.18863695019552
139 57.58327528266482
140 86.07342280607773
141 113.96663116721999
142 90.47321314332949
143 105.56429265310777
144 71.58347634563283
145 119.91113562201973
146 59.10316776483209
147 92.65302914884164
148 81.47878030036506
149 74.7788772972563
150 32.08135055273046
151 35.56886844153772
152 53.40334603269657
153 97.86707376062895
154 50.09048222570174
155 77.84547823061476
156 105.96719677292735
157 77.23555920895095
158 111.45878402828463
159 42.00428608507343
160 99.80572421712151
161 61.64776379176005
162 113.61680914574004
163 80.7339366570989
164 49.58977060441349
165 36.17496561083965
166 57.176432257831706
167 116.14128780440019
168 46.68185704542084
169 69.79693608442648
170 20.423127348429887
171 30.455908670474024
172 105.35665972928292
173 61.71104336400424
174 91.79786404533368
175 99.01142281252513
176 76.8514586109809
177 54.56571878793725
178 55.85504512161449
179 36.89349387342915
180 84.98501665615308
181 27.463164878246765
182 64.21809053154412
183 64.33561019364672
184 24.68086387205581
185 29.330039795068068
186 87.21444962324115
187 82.76026547520834
188 30.453797112552568
189 64.13379511354
190 34.15693187178587
191 93.3045106015261
192 65.76588898944078
193 93.42622524869083
194 50.648473875233705
195 82.73528470302193
196 106.13108280313884
197 78.82469425203068
198 49.82252183951891
199 47.85132021149717
200 88.94503156350841
201 47.29544648962127
202 111.09146048443905
203 28.784840412309727
204 81.23954126157437
205 25.482258205729863
206 84.7606170149214
207 74.05763500545376
208 72.9085989193379
209 55.8276319531873
210 73.77552560619998
211 65.81258078790913
212 37.42564316855258
213 76.86264718127012
214 24.905331396636004
215 92.33298466784825
216 114.66941107572471
217 22.79544748350402
218 50.82534492002933
219 66.7786209542086
220 61.198266821689636
221 73.40730223169005
222 21.846889335156597
223 56.008678956632544
224 82.16071348545826
225 64.26902043254458
226 111.45280462101502
227 101.42827625000452
228 106.00230193413522
229 49.419496291335
230 53.332060094316994
231 84.98658892397627
232 88.22689775388162
233 93.90196705456748
234 69.2671250403271
235 117.77104298410217
236 33.692907034534265
237 61.932535270053975
238 57.01288556580809
239 106.08347083296434
240 108.27267808910732
241 57.97941718944087
242 85.2160782917737
243 80.45043842941826
244 70.17601401874074
245 72.66022962574961
246 28.459311544063066
247 56.711491652953214
248 88.83633435689053
249 83.11859947071483
250 89.67396194701452
251 35.14534794865797
252 34.98071400934869
253 58.42025869698375
254 99.4513691041656
255 33.53554982368532
256 119.35265831766313
257 24.51265497494996
258 52.191885316327806
259 93.14347834333641
260 29.529162031866424
261 50.4210921731208
262 37.566520215411174
263 92.74801664322806
264 64.37121466378716
265 27.60827756588213
266 52.42607429596537
267 55.227569044508236
268 93.86961454703189
269 27.803020203195747
270 33.07779401660895
271 33.60156573058465
272 78.49556461040285
273 41.107831713596504
274 30.759758064513292
275 119.01495949191711
276 66.63822617222414
277 115.82398557825377
278 64.17833906162474
279 21.84064811776028
280 51.30903311054915
281 44.186548277464716
282 22.13428025935881
283 38.8911546341738
284 108.01522186664276
285 64.08081195665721
286 56.548014235962775
287 34.67230053869787
288 54.552709916240836
289 75.8154259362183
290 101.60508806770541
291 32.67802042428755
292 70.44109997047516
293 105.15645376682356
294 78.27765035840909
295 33.91687203701534
296 88.82124394949692
297 79.08049314315093
298 95.1381636321407
299 54.17719983415326
300 26.85844884511021
301 119.08389379438701
302 36.166599953127644
303 98.97930952130112
304 52.04209363785615
305 98.3890053907002
306 34.162602614205326
307 75.72942671086076
308 91.24503175956056
309 54.0173237740017
310 64.4092034809421
311 76.28162985820894
312 77.00385749842533
313 92.45325873943361
314 57.39487376858683
315 49.93031235220947
316 91.20375778788082
317 78.50122132679246
318 21.68579473060043
319 26.79719305507671
320 110.19929174564186
321 50.94258321981832
322 88.45047256702551
323 44.643254557146534
324 77.37516579559541
325 65.72795483838053
326 37.673877384045724
327 78.32740933771666
328 29.24865336289928
329 27.69421717836753
330 42.758533271936486
331 70.45010586833072
332 79.43803108428509
333 35.17453334378075
334 74.99508726085179
335 114.16149840039235
336 21.16899552978521
337 28.373592648929886
338 42.295046188667854
339 44.68018296225662
340 43.46374635926165
341 102.00912779869125
342 97.61357151078872
343 54.759938849035656
344 68.75502329769951
345 115.4747559175145
346 41.65030335598589
347 61.15830531314763
348 110.39007243337664
349 109.65802178166483
350 61.701413415780095
351 114.10222536966157
352 117.33716099251814
353 118.55147794833482
354 93.9462022673716
355 59.81242198925245
356 20.37991554730018
357 45.923538285471516
358 69.98671544376586
359 37.33953662530501
360 119.18243104143227
361 62.56969315778576
362 110.11902715742946
363 115.28149906153422
364 52.83072299402537
365 68.04366546219214
366 55.59998039160298
367 51.39299027302408
368 77.80378601687292
369 52.27192923745715
370 90.08332925035393
371 88.66427342204491
372 36.800153182876066
373 87.08393021552673
374 86.4344054946923
375 85.13805457668167
376 39.44351073098612
377 75.44429871261406
378 29.292542641089952
379 111.5494925928517
380 91.61361406594824
381 87.05217321445805
382 106.03571667447694
383 40.81578332129453
384 103.99632052734987
385 112.97672164276909
386 29.21194155991386
387 96.46829326146587
388 82.41933127766852
389 79.1268569231986
390 52.03717046748713
391 23.31147107181039
392 52.637782289152334
393 68.60697175746195
394 65.2195913372899
395 92.90929863556374
396 100.4565332048779
397 116.38953116429732
398 118.15534857190309
399 58.94136940506988
400 114.42368356546473
401 56.239195317302745
402 90.45089658455485
403 33.037107469517665
404 102.80240614248568
405 119.45205428222133
406 50.76235988932372
407 60.38809021507826
408 119.12598006011852
409 107.72751510996274
410 79.10236985002173
411 36.25476007093314
412 71.36342835878494
413 88.36922348155342
414 96.05009809451245
415 119.42530468284713
416 108.57092676825286
417 89.01534726448489
418 37.71026673436404
419 66.75083104291029
420 75.87672057925587
421 101.22744444461722
422 38.80215098435658
423 34.07238412749875
424 103.74503716114498
425 37.52105446946861
426 37.91969060830428
427 63.17177653853502
428 50.68702394812189
429 24.800028982619576
430 98.78901038386965
431 101.81958909471896
432 49.9345047616535
433 58.66056253344357
434 49.25980621094565
435 84.56012245338303
436 20.064943721543532
437 87.65977541203786
438 75.80219152645995
439 35.564446193728756
440 87.16366669083695
441 44.397569088392885
442 75.44077942787352
443 41.699178702012716
444 31.832070496772552
445 91.13946585888364
446 59.34290249065624
447 83.89993021473143
448 118.19818897661827
449 101.71195870875381
450 22.68806837126282
451 108.00485482835907
452 84.05862542679014
453 58.53086440205451
454 43.9808644148751
455 62.39507539178612
456 71.37857034139333
457 103.87705697214643
458 53.629698707336885
459 29.105216647463212
460 54.59921663783586
461 47.91287335520563
462 116.39894020875626
463 27.50864153870335
464 80.54958390975148
465 102.43635785072605
466 105.25213568742701
467 75.24842696873279
468 68.23238682696356
469 78.99948300735863
470 105.13916875736001
471 49.77647903948081
472 29.351294531399244
473 62.77031896144887
474 74.44038657303635
475 105.67966613974262
476 61.16950721953456
477 49.398089420234925
478 109.06583774983746
479 67.91316403163682
480 32.13728531655863
481 111.14389110164325
482 99.61796602772499
483 39.127680676177185
484 27.69872245070019
485 40.668864031305034
486 45.56123608729264
487 30.46861258401104
488 48.78568563038897
489 106.12536840253716
490 92.00232463860716
491 49.54157583349162
492 58.729499315609935
493 39.57576679687617
494 84.46968100348656
495 56.68020720942826
496 55.668663200968545
497 72.26721584137968
498 94.99138878649649
499 31.218463878048524
500 107.00344744455224
501 24.919827764623243
502 58.805470538857165
503 73.16113631815688
504 20.0459822731398
505 58.93946864044576
506 75.19683512429046
507 102.46263085196449
508 38.73702221723482
509 95.34533276831064
510 68.24037810818848
511 108.06552391098313
512 50.14825991537341
513 112.20636550896837
514 73.63970541432039
515 41.91679410134661
516 56.46173997445053
517 38.509537389052255
518 116.38630478467451
519 49.370997218710016
520 118.2155365680586
521 72.63679759030028
522 70.62400212059326
523 76.70613645895277
524 102.82753148755488
525 67.00653519010228
526 47.888736588091675
527 98.91930758486383
528 78.75681603717462
529 36.93923134505951
530 42.80390999472923
531 66.53567072450456
532 80.13484064720136
533 71.43588276284027
534 76.3465993030251
535 78.85563516208131
536 29.296148553441483
537 46.31172523052146
538 115.96020582042483
539 52.88163747002189
540 45.36112487914135
541 66.00664856913644
542 119.07416631050157
543 72.10720538494756
544 85.8709322174725
545 89.3976469980056
546 42.00156339506428
547 67.41749353869852
548 65.44735307266335
549 27.067476941890142
550 79.72063803600645
551 103.54182022260927
552 70.54803103794234
553 32.73773605543616
554 53.706303247322424
555 118.81515924695852
556 42.61015082395622
557 49.9532932507334
558 44.76299410799882
559 93.44697017189478
560 33.22333943475207
561 116.60912442234668
562 75.72026958246533
563 102.06212412652263
564 44.44518505468102
565 74.5392989641637
566 84.88778376856038
567 39.97010540734948
568 54.970413020888316
569 79.1419540189857
570 95.32641450157276
571 99.4350635699053
572 98.58745941471919
573 54.89286249853036
574 77.2774280631435
575 112.16072832362757
576 105.20380820094492
577 96.60419562115463
578 21.501769751214287
579 67.27055355018383
580 36.694099863395174
581 73.41393297845427
582 89.81672691820276
583 60.254911963680954
584 49.9227362439013
585 52.745313927957525
586 85.777346561726
587 27.673546954331936
588 97.51527874134148
589 24.854605895905884
590 93.23512004675908
591 74.84287751092188
592 33.300669152719394
593 75.08939077961666
594 63.416690769277636
595 109.3042098768296
596 23.818908136309908
597 20.608462577114544
598 92.20038510492613
599 51.56024502455496
600 79.8865111839921
601 101.06833979666246
602 118.42863005458628
603 106.3837508654615
604 112.9347039164395
605 88.66031318959202
606 91.3793749385702
607 42.9436047523582
608 89.68297706549531
609 61.88583267329035
610 100.92989206469318
611 50.05987946397632
612 105.68327582120087
613 69.58696445338535
614 37.48140656261772
615 104.09101053412185
616 23.367779589005536
617 97.00255922032235
618 50.37319507071063
619 111.27249798625554
620 23.45583082742449
621 33.999635083319404
622 103.29996704211679
623 63.76802996403743
624 99.92328029222242
625 37.13346001701734
626 83.1564489497622
627 79.26026659195415
628 88.21015635650302
629 71.81864683186669
630 104.76830942948925
631 77.59998486274246
632 53.94019771151926
633 118.64753812094861
634 68.12866739896529
635 84.8486627345966
636 85.14848618639493
637 28.771023845159622
638 67.04460318202212
639 44.99098319970062
640 24.86102766441899
641 117.26088347978613
642 118.50825673682769
643 62.660160895988426
644 52.8428537947006
645 90.50160063463463
646 80.64224723176363
647 96.41039762330644
648 75.42876482811243
649 113.91354555146657
650 53.72927400426793
651 71.38715591310016
652 110.57361571765003
653 39.68830192420367
654 113.62098405484038
655 82.68739397456858
656 61.606597209251404
657 30.72085126874366
658 109.73127278197403
659 116.2682505958779
660 57.64670122250004
661 36.552177539107234
662 70.85439981556098
663 22.954135884496388
664 101.2341501053466
665 99.8898329118661
666 101.20840468717391
667 42.90854211800806
668 104.45527311335404
669 98.15285187105407
670 116.38951226225822
671 92.87831427958541
672 113.68594593759657
673 53.491348869272336
674 64.3333539883389
675 96.58453458461287
676 20.051380554817925
677 76.85999567271756
678 99.91397557088015
679 59.82558095686881
680 27.79767071158061
681 46.97855514452727
682 33.47176659537153
683 66.17427873129213
684 105.99324775531248
685 63.391440228117304
686 53.34661796938545
687 96.59256411019481
688 80.32589783942265
689 54.34232623560925
690 30.402759059436768
691 56.85339074540306
692 31.23384123427442
693 64.80857666968387
694 48.56685996540509
695 30.35105614506786
696 52.206875726078444
697 97.79429293052704
698 69.56118597632435
699 60.697571280561675
700 87.81630214559577
701 32.85965080278109
702 32.29870442330938
703 108.44400174482357
704 114.88003059841091
705 99.8680472166016
706 107.8172372713975
707 119.33223418694838
708 52.14188265624371
709 43.06158652272905
710 79.1648709000587
711 87.67392644436543
712 83.94176192244174
713 70.82923027616593
714 92.3090251335643
715 97.76987869438759
716 61.576051083506805
717 49.91095489062422
718 28.926727488015818
719 78.72441951812996
720 102.39521839528916
721 69.28505451107588
722 84.8437715644043
723 113.57583915770053
724 41.15831463778423
725 68.61472716840694
726 98.92564696333629
727 102.35529430217295
728 100.76161919119274
729 98.88392714001161
730 66.38322576250629
731 90.5030170440368
732 40.18145949209297
733 58.7314132332529
734 87.7413920593414
735 39.012061363727256
736 106.31878386121925
737 28.995779210084613
738 50.12893199490434
739 30.73624640801868
740 63.40578310224184
741 110.11323931795839
742 111.08316783936046
743 78.49033391283442
744 98.73249144540489
745 52.26373850946549
746 56.72297792072627
747 24.88689827946228
748 106.67396410960849
749 56.5399776732668
0 1
0 9
0 117
0 131
0 188
0 191
0 450
0 554
0 625
1 2
1 139
1 146
1 232
1 281
1 325
1 349
1 355
1 438
1 462
1 506
2 3
2 21
2 68
2 142
2 162
2 199
2 266
2 292
2 368
2 379
2 432
2 597
3 4
3 32
3 288
3 305
3 314
3 352
3 389
3 399
3 484
3 506
3 556
3 639
4 5
4 41
4 163
4 259
4 342
4 358
4 426
4 442
4 448
4 449
4 494
4 514
4 519
4 543
5 6
5 74
5 179
5 286
5 423
5 544
5 737
6 7
6 50
6 55
6 176
6 178
6 195
6 226
6 230
6 272
6 295
6 485
6 487
6 536
6 560
6 626
7 8
7 110
7 114
7 162
7 188
7 194
7 316
7 467
7 725
8 9
8 82
8 89
8 183
8 335
8 340
8 552
9 10
9 14
9 68
9 266
9 433
9 442
9 490
9 496
9 506
9 531
9 597
9 717
9 723
9 740
10 11
10 38
10 210
10 261
10 281
10 313
10 342
10 570
10 672
11 12
11 75
11 202
11 241
11 259
11 372
11 398
11 449
11 462
11 527
11 538
11 543
11 586
11 596
11 664
11 677
11 681
12 13
12 99
12 114
12 135
12 369
12 581
12 597
12 609
12 675
12 713
13 14
13 20
13 64
13 129
13 132
13 284
13 292
13 385
13 418
14 15
14 18
14 22
14 168
14 205
14 219
14 317
14 358
14 405
14 594
14 705
14 738
15 16
15 169
15 181
15 254
15 348
15 421
15 439
15 446
15 448
15 454
15 510
15 577
15 595
15 626
15 627
15 672
15 722
16 17
16 48
16 243
16 251
16 253
16 258
16 293
16 301
16 311
16 312
16 313
16 415
16 443
16 679
16 685
16 687
16 731
17 18
17 28
17 224
17 393
17 401
17 475
17 477
17 488
17 489
17 613
18 19
18 96
18 228
18 305
18 335
18 346
18 403
18 443
18 462
18 568
18 597
18 735
18 749
19 20
19 94
19 162
19 269
19 419
19 422
19 488
19 536
19 554
19 573
19 655
19 691
20 21
20 163
20 242
20 297
20 331
20 373
20 467
20 536
20 572
20 710
20 717
20 733
20 739
21 22
21 292
21 330
21 353
21 423
21 446
21 631
21 697
22 23
22 63
22 69
22 141
22 157
22 206
22 221
22 394
22 406
22 467
22 542
22 668
22 692
22 697
22 720
23 24
23 71
23 85
23 143
23 336
23 340
24 25
24 66
24 107
24 164
24 222
24 246
24 264
24 442
24 647
24 661
24 730
25 26
25 95
25 184
25 414
25 436
25 509
25 515
25 519
25 612
26 27
26 29
26 109
26 282
26 307
26 434
26 562
26 618
26 694
27 28
27 385
27 404
27 431
27 440
27 442
27 467
27 489
27 574
27 602
27 692
28 29
28 94
28 115
28 129
28 232
28 288
28 326
28 338
28 631
29 30
29 172
29 191
29 219
29 221
29 273
29 432
29 444
29 456
29 501
29 539
29 546
29 581
29 598
29 728
30 31
30 130
30 163
30 206
30 260
30 278
30 295
30 322
30 370
30 486
30 532
30 631
30 675
31 32
31 39
31 339
31 488
31 494
31 497
31 500
31 507
31 521
31 529
31 631
31 638
31 668
31 740
32 33
32 40
32 107
32 135
32 251
32 400
32 415
32 600
32 709
33 34
33 80
33 313
33 461
33 465
33 481
33 585
33 588
33 615
33 667
33 690
33 720
34 35
34 75
34 129
34 271
35 36
35 97
35 342
35 429
35 485
35 549
35 605
36 37
36 75
36 241
36 280
36 407
36 408
36 517
37 38
37 150
37 192
37 228
37 266
37 361
37 398
37 416
37 423
37 498
37 579
37 615
37 656
37 672
37 679
37 699
37 749
38 39
38 164
38 260
38 281
38 335
38 361
38 429
38 484
38 557
38 666
39 40
39 60
39 77
39 179
39 479
39 649
40 41
40 177
40 187
40 216
40 330
40 492
40 733
41 42
41 234
41 273
41 316
41 372
41 532
41 563
41 645
41 658
41 713
41 738
41 743
42 43
42 46
42 146
42 162
42 318
42 414
42 444
42 476
42 499
42 583
42 657
42 730
42 747
43 44
43 199
43 354
43 477
43 513
43 581
44 45
44 59
44 178
44 272
44 531
44 563
44 684
45 46
45 278
45 444
45 491
45 508
45 554
45 562
45 564
45 575
45 645
46 47
46 51
46 293
46 342
46 388
46 449
46 506
46 570
46 610
46 724
47 48
47 161
47 199
47 233
47 376
47 379
47 430
47 453
47 603
47 697
47 718
48 49
48 107
48 128
48 333
48 335
48 336
48 432
48 445
48 448
48 498
48 612
48 672
48 719
49 50
49 83
49 252
49 293
49 300
49 353
49 493
49 540
49 560
49 599
50 51
50 62
50 87
50 132
50 187
50 275
50 447
50 549
50 636
50 718
50 731
51 52
51 160
51 167
51 361
51 579
51 583
51 657
51 700
52 53
52 55
52 60
52 117
52 220
52 227
52 274
52 401
52 501
52 624
53 54
53 70
53 177
53 297
53 457
53 464
53 684
54 55
54 70
54 113
54 181
54 354
54 510
54 559
54 594
55 56
55 98
55 290
55 329
55 416
55 420
55 713
56 57
56 63
56 269
56 616
56 635
56 638
56 679
57 58
57 96
57 103
57 279
57 296
57 316
57 562
57 640
57 643
57 650
57 660
58 59
58 157
58 199
58 294
58 296
58 314
58 327
58 372
58 412
58 487
58 564
58 650
59 60
59 102
59 311
59 340
59 455
59 552
59 587
60 61
60 282
60 416
60 512
60 560
60 688
61 62
61 122
61 475
61 647
62 63
62 68
62 136
62 279
62 338
62 341
62 361
62 391
62 452
62 465
62 466
62 510
62 582
62 596
62 654
63 64
63 105
63 125
63 267
63 396
63 503
63 543
63 547
63 550
63 570
63 609
63 681
63 689
63 701
64 65
64 165
64 169
64 202
64 387
64 411
64 467
64 519
64 592
65 66
65 83
65 168
65 195
65 210
65 234
65 321
65 322
65 373
65 390
65 394
65 501
65 563
65 576
65 620
65 711
65 717
66 67
66 86
66 147
66 169
66 228
66 270
66 273
66 374
66 380
66 412
66 440
66 538
66 595
67 68
67 77
67 83
67 92
67 161
67 167
67 239
67 327
67 420
67 500
67 569
67 634
67 692
68 69
68 334
68 395
68 562
68 636
68 685
68 721
69 70
69 153
69 224
69 256
69 460
69 481
69 528
69 540
70 71
70 160
70 178
70 200
70 389
70 487
70 531
70 555
70 586
70 618
70 687
70 725
70 737
71 72
71 79
71 156
71 217
71 312
71 313
71 425
71 430
71 455
71 525
71 552
72 73
72 94
72 491
72 514
72 622
72 670
72 733
72 735
73 74
73 201
73 290
73 376
73 482
73 550
73 565
73 584
73 679
73 712
74 75
74 104
74 132
74 137
74 138
74 382
74 388
74 453
74 566
74 670
74 710
75 76
75 96
75 120
75 146
75 176
75 295
75 356
75 367
75 390
75 523
75 563
75 748
76 77
76 243
76 263
76 457
76 483
76 593
76 620
76 695
76 744
77 78
77 144
77 363
77 442
77 468
77 503
77 582
77 660
77 718
78 79
78 134
78 161
78 191
78 251
78 324
78 442
78 463
78 601
78 632
79 80
79 107
79 221
79 238
79 320
79 343
79 387
79 417
79 536
79 563
79 584
79 598
79 625
80 81
80 164
80 192
80 247
80 250
80 307
80 316
80 452
80 619
80 621
80 711
81 82
81 140
81 341
81 379
81 477
81 575
81 690
82 83
82 356
82 423
82 468
82 558
82 639
82 676
82 730
83 84
83 145
83 310
83 328
83 341
83 373
83 416
83 540
83 550
83 583
83 690
83 707
84 85
84 159
84 175
84 345
84 449
84 534
84 554
84 563
84 584
84 645
84 729
84 749
85 86
85 174
85 285
85 373
85 434
85 540
85 598
85 667
86 87
86 222
86 233
86 252
86 378
86 701
86 707
86 732
87 88
87 250
87 258
87 378
87 400
87 441
87 448
87 462
87 552
87 601
88 89
88 104
88 142
88 156
88 172
88 228
88 337
88 345
88 354
88 642
89 90
89 267
89 287
89 441
89 447
89 468
89 697
89 718
90 91
90 229
90 233
90 241
90 332
90 350
90 722
91 92
91 193
91 305
91 364
91 379
91 418
91 670
91 685
91 710
92 93
92 208
92 261
93 94
93 140
93 145
93 149
93 158
93 186
93 233
93 269
93 396
93 568
93 680
94 95
94 103
94 122
94 178
94 259
94 298
94 308
94 323
94 340
94 376
94 452
94 470
94 596
94 618
94 639
94 731
95 96
95 121
95 183
95 316
95 378
95 479
95 592
95 610
95 612
95 668
95 689
96 97
96 160
96 200
96 215
96 291
96 450
96 584
96 629
96 650
96 711
97 98
97 306
97 321
97 386
97 454
97 482
97 593
97 634
97 684
98 99
98 306
98 423
98 528
98 567
98 598
98 668
98 672
99 100
99 204
99 271
99 377
99 487
99 547
99 554
99 620
99 727
100 101
100 184
100 201
100 290
100 299
100 319
100 419
100 587
100 705
101 102
101 111
101 194
101 299
101 326
101 374
101 471
101 549
101 560
101 732
101 746
102 103
102 106
102 133
102 134
102 329
102 494
102 502
102 523
102 550
102 689
102 746
103 104
103 353
103 498
103 524
103 627
104 105
104 112
104 114
104 148
104 202
104 244
104 247
104 260
104 317
104 329
104 340
104 431
104 478
104 686
105 106
105 159
105 171
105 218
105 334
105 351
105 663
106 107
106 120
106 179
106 304
106 513
106 537
106 601
106 618
106 736
107 108
107 180
107 232
107 236
107 250
107 333
107 404
107 634
107 651
108 109
108 156
108 359
108 363
108 468
108 528
108 560
108 580
108 611
108 658
108 685
109 110
109 187
109 431
109 483
109 507
109 573
109 647
109 697
110 111
110 316
110 344
110 503
110 546
110 563
110 736
111 112
111 134
111 161
111 249
111 273
111 345
111 373
111 519
111 528
111 563
111 570
111 681
111 734
112 113
112 126
112 308
112 348
112 401
112 410
112 536
112 549
112 558
112 607
112 724
113 114
113 146
113 161
113 267
113 285
113 415
113 568
113 616
114 115
114 190
114 244
114 364
114 403
114 471
114 522
114 552
114 697
115 116
115 347
115 350
115 375
115 540
115 652
115 729
115 730
116 117
116 240
116 423
116 451
116 589
116 647
116 690
116 715
117 118
117 234
117 284
117 411
117 475
117 481
117 544
117 716
118 119
118 126
118 159
118 183
118 216
118 283
118 298
118 369
118 385
118 519
118 627
118 676
119 120
119 247
119 378
119 462
119 575
119 580
119 581
119 692
119 711
119 713
120 121
120 249
120 273
120 281
120 301
120 330
120 410
120 432
120 486
120 535
120 536
120 548
120 557
120 580
120 649
120 651
120 655
120 672
120 723
121 122
121 686
121 693
122 123
122 141
122 169
122 303
122 436
122 454
123 124
123 192
123 228
123 287
123 332
123 355
123 394
123 434
123 482
123 629
123 660
124 125
124 220
124 339
124 417
124 426
124 435
124 462
124 543
124 576
124 611
124 613
124 659
124 680
125 126
125 258
125 339
125 371
125 484
126 127
126 214
126 236
126 445
126 580
126 592
126 653
127 128
127 202
127 394
127 405
127 507
127 536
127 543
127 593
127 661
127 695
128 129
128 139
128 193
128 212
128 284
128 449
128 453
128 692
129 130
129 160
129 259
129 488
129 495
129 562
129 574
129 654
129 691
130 131
130 183
130 199
130 210
130 287
130 369
130 474
130 485
130 520
130 602
131 132
131 153
131 186
131 277
131 284
131 434
131 530
131 578
131 582
131 744
132 133
132 202
132 354
132 377
132 413
132 486
132 507
132 732
133 134
133 281
133 320
133 399
133 570
133 634
133 648
134 135
134 181
134 225
134 304
134 343
134 387
134 447
134 468
134 688
135 136
135 144
135 368
135 425
135 474
136 137
136 159
136 221
136 243
136 259
136 298
136 364
136 372
136 396
136 400
136 437
136 552
136 680
137 138
137 331
137 373
137 424
137 548
137 678
137 686
138 139
138 261
138 339
138 345
138 352
138 740
139 140
139 217
139 271
139 274
139 315
139 579
139 583
139 614
139 733
140 141
140 282
140 303
140 366
140 400
140 524
140 590
140 687
140 742
141 142
141 187
141 224
141 281
141 316
141 434
141 443
141 571
141 599
141 632
141 723
142 143
142 182
142 286
142 717
143 144
143 289
143 291
143 368
143 624
143 710
144 145
144 282
144 350
144 398
144 416
144 421
144 563
144 564
144 674
144 678
145 146
145 232
145 275
145 281
145 408
145 456
145 581
145 680
146 147
146 162
146 214
146 228
146 462
146 463
146 479
146 528
146 569
146 600
146 624
147 148
147 458
147 466
147 623
147 687
147 690
147 727
148 149
148 222
148 328
148 417
148 572
148 599
148 649
148 663
148 666
149 150
149 156
149 213
149 220
149 225
149 280
149 408
149 439
149 476
149 647
149 727
150 151
150 210
150 242
150 294
150 342
150 463
150 476
150 536
150 544
150 557
150 571
150 605
150 608
150 619
151 152
151 209
151 415
151 478
151 524
151 729
152 153
152 371
152 443
152 588
152 593
152 747
153 154
153 160
153 258
153 297
153 321
153 422
153 431
153 440
153 677
154 155
154 250
154 289
154 365
154 389
154 434
154 658
154 670
154 738
155 156
155 176
155 317
155 368
155 428
155 460
155 596
155 642
155 665
155 716
156 157
156 180
156 664
157 158
157 167
157 256
157 402
157 446
157 566
157 622
157 645
157 682
158 159
158 327
158 354
158 358
158 362
158 709
158 730
159 160
159 228
159 245
159 286
159 356
159 373
159 390
159 432
159 446
159 485
159 513
159 626
159 651
160 161
160 464
160 499
160 578
160 604
160 648
161 162
161 194
161 264
161 581
161 675
161 682
161 700
162 163
162 194
162 317
162 320
162 457
162 600
162 714
162 719
163 164
163 178
163 222
163 224
163 288
163 463
163 468
163 539
163 603
163 632
163 727
164 165
164 168
164 178
164 362
164 427
164 491
164 531
164 564
164 655
164 685
165 166
165 257
165 262
165 278
165 289
165 300
165 340
165 430
165 502
165 516
165 540
165 568
166 167
166 215
166 424
166 438
166 524
166 559
166 607
166 686
167 168
167 200
167 222
167 263
167 275
167 308
167 348
167 358
167 383
167 550
167 622
167 667
167 679
168 169
168 202
168 350
168 457
168 583
168 615
168 726
168 734
169 170
169 227
169 246
169 257
169 260
169 548
169 628
169 731
170 171
170 196
170 238
170 264
170 269
170 300
170 507
170 531
170 601
170 746
171 172
171 586
171 640
171 680
171 739
172 173
172 196
172 228
172 264
172 292
172 379
172 429
172 477
172 538
172 544
172 597
172 734
172 748
173 174
173 263
173 290
173 375
173 411
173 484
173 497
173 540
173 689
173 713
174 175
174 186
174 205
174 324
174 349
174 437
174 455
174 494
174 517
174 722
174 741
175 176
175 303
175 614
175 707
176 177
176 213
176 378
176 409
176 419
176 509
176 556
176 638
176 649
176 666
176 683
177 178
177 212
177 250
177 480
177 529
177 572
177 609
177 656
177 705
178 179
178 257
178 397
178 407
178 431
178 476
178 481
178 581
178 651
178 660
178 708
179 180
179 186
179 216
179 226
179 233
179 437
179 441
179 493
179 543
179 592
179 738
180 181
180 184
180 194
180 237
180 282
180 294
180 326
180 395
180 405
180 494
180 500
180 541
180 592
180 604
180 679
180 721
180 725
181 182
181 219
181 241
181 255
181 453
181 479
181 505
181 585
181 590
182 183
182 231
182 246
182 322
182 428
182 438
182 538
182 591
182 599
183 184
183 199
183 239
183 263
183 292
183 309
183 435
183 445
183 482
183 595
183 636
183 685
183 738
184 185
184 239
184 345
184 515
184 519
184 558
184 625
185 186
185 203
185 206
185 299
185 306
185 351
185 367
185 446
185 447
185 465
185 580
185 689
185 719
186 187
186 379
186 493
186 495
186 663
186 676
186 699
186 713
186 717
186 737
187 188
187 205
187 260
187 345
187 359
187 412
187 418
187 607
187 680
187 746
188 189
188 281
188 350
188 385
188 585
188 619
189 190
189 385
189 423
189 445
189 491
189 521
189 535
189 604
189 668
189 715
190 191
190 216
190 279
190 334
190 454
190 483
190 688
190 744
191 192
191 489
191 506
191 618
191 626
191 700
192 193
192 223
192 293
192 366
192 495
192 579
192 592
192 598
192 616
192 627
192 646
193 194
193 363
193 405
193 463
193 532
193 689
193 694
193 747
194 195
194 213
194 306
194 342
194 392
194 528
194 590
194 635
194 664
194 683
194 711
195 196
195 269
195 376
195 625
195 702
195 723
195 738
195 747
196 197
196 203
196 257
196 335
196 349
196 432
196 520
196 569
196 686
197 198
197 401
197 402
197 459
197 461
197 694
197 720
198 199
198 262
198 275
198 329
198 354
198 433
198 494
199 200
199 211
199 298
199 351
199 556
199 574
199 633
199 649
200 201
200 221
200 526
200 570
200 619
200 668
201 202
201 308
201 385
201 548
201 553
201 557
201 626
201 638
201 645
202 203
202 205
202 256
202 294
202 358
202 406
202 494
202 626
202 713
202 740
203 204
203 287
203 363
203 467
203 544
203 550
203 605
203 608
203 692
204 205
204 208
204 210
204 373
204 388
204 402
204 440
204 550
204 601
204 689
204 726
205 206
205 296
205 322
205 661
205 671
205 678
205 711
206 207
206 245
206 248
206 322
206 344
206 510
206 513
206 543
206 638
206 698
206 701
206 715
206 730
207 208
207 253
207 256
207 446
207 477
207 503
207 545
207 605
207 645
207 665
208 209
208 227
208 253
208 423
208 568
208 602
208 610
208 718
209 210
209 211
209 330
209 336
209 337
209 399
209 472
210 211
210 361
210 440
210 623
210 708
211 212
211 287
211 311
211 391
211 403
211 432
211 448
211 609
211 691
212 213
212 255
212 350
212 394
212 529
213 214
213 228
213 240
213 265
213 284
213 294
213 448
213 729
214 215
214 336
214 348
214 376
214 488
214 516
214 595
214 667
214 689
215 216
215 412
215 460
215 608
215 619
215 677
216 217
216 432
216 464
216 600
216 613
216 632
216 646
217 218
217 345
217 495
217 583
217 587
217 627
217 667
218 219
218 235
218 249
218 295
218 369
218 473
218 560
218 591
219 220
219 297
219 318
219 396
219 526
219 549
219 607
219 614
219 648
220 221
220 290
220 303
220 317
220 529
220 572
220 702
220 717
220 746
221 222
221 254
221 260
221 385
221 389
221 462
221 518
221 540
221 608
221 645
221 664
221 707
222 223
222 257
222 259
222 299
222 315
222 436
222 467
222 512
222 523
222 563
222 586
223 224
223 240
223 338
223 383
223 637
223 642
223 675
223 686
223 692
224 225
224 229
224 339
224 384
224 458
224 485
224 587
224 596
224 634
225 226
225 235
225 261
225 351
225 408
225 520
225 564
226 227
226 272
226 315
226 322
226 344
226 377
226 409
226 413
226 481
226 517
226 564
226 598
226 629
226 712
227 228
227 261
227 302
227 362
227 591
227 614
227 628
228 229
228 309
228 330
228 353
228 643
228 721
228 742
228 746
229 230
229 248
229 256
229 308
229 373
229 394
229 443
229 501
229 557
229 696
229 702
230 231
230 365
230 401
230 466
230 547
230 600
230 748
231 232
231 235
231 293
231 387
231 630
231 711
232 233
232 359
232 562
232 576
232 697
232 715
233 234
233 272
233 347
233 410
233 416
233 451
233 546
233 638
233 727
234 235
234 327
234 433
234 442
234 633
234 683
235 236
235 278
235 285
235 376
235 476
235 554
235 556
235 600
236 237
236 354
236 366
236 507
236 596
236 731
237 238
237 243
237 382
237 413
237 499
237 549
237 707
238 239
238 342
238 394
238 696
238 721
239 240
239 416
239 429
239 458
239 494
239 499
239 608
239 616
240 241
240 314
240 361
240 362
240 434
240 566
240 635
240 636
240 729
240 733
240 746
241 242
241 285
241 291
241 393
241 401
241 461
241 489
241 494
241 527
241 606
241 674
241 695
241 720
242 243
242 429
242 487
242 499
242 537
242 746
243 244
243 353
243 424
244 245
244 363
244 423
244 465
244 490
245 246
245 264
245 328
245 392
245 419
245 501
245 510
245 614
245 647
245 661
245 666
245 730
245 732
246 247
246 366
246 416
246 487
246 509
246 527
246 699
246 710
246 726
247 248
247 350
247 515
247 544
247 654
248 249
248 280
248 373
248 481
248 498
248 511
248 723
248 728
249 250
249 294
249 579
249 659
249 672
249 697
249 703
250 251
250 264
250 277
250 290
250 409
250 411
251 252
251 328
251 331
251 393
251 464
251 468
251 526
251 720
252 253
252 258
252 275
252 617
253 254
253 394
253 543
253 682
253 692
253 740
254 255
254 354
254 467
254 492
254 523
254 590
254 614
254 628
254 723
254 732
255 256
255 267
255 479
255 497
255 525
255 635
255 698
255 701
255 729
255 745
256 257
256 320
256 357
256 492
256 523
256 528
256 588
256 597
256 601
256 659
256 662
256 674
256 684
257 258
257 328
257 386
257 399
257 479
257 510
257 571
257 595
257 603
257 616
257 649
257 672
257 738
258 259
258 273
258 320
258 323
258 460
258 464
258 475
258 620
258 694
258 710
259 260
259 320
259 330
259 359
259 403
259 476
259 477
259 478
259 483
259 493
259 516
259 526
259 589
259 714
260 261
260 320
260 488
260 520
260 588
261 262
261 305
261 463
261 567
261 587
261 601
261 602
261 640
261 692
261 722
262 263
262 267
262 303
262 321
262 406
262 448
262 473
262 485
262 606
263 264
263 276
263 444
263 640
263 675
263 730
264 265
264 307
264 339
264 372
264 385
264 502
264 600
264 608
264 710
265 266
265 361
265 367
265 368
265 461
265 508
265 545
265 623
265 701
266 267
266 275
266 299
266 430
266 436
266 550
266 568
266 603
267 268
267 357
267 375
267 376
267 390
267 731
268 269
268 376
268 387
268 415
268 460
268 488
268 648
268 741
269 270
269 274
269 388
269 493
269 500
269 591
269 592
269 647
269 728
270 271
270 382
270 527
270 550
270 621
270 719
270 744
271 272
271 308
271 436
271 490
271 583
271 595
271 646
271 674
271 746
272 273
272 482
272 525
272 529
272 585
273 274
273 323
273 459
273 473
273 542
273 657
273 687
274 275
274 285
274 288
274 414
274 429
274 443
274 466
274 492
274 548
274 683
274 692
274 693
275 276
275 279
275 542
275 574
275 737
276 277
276 284
276 299
276 320
276 534
276 567
276 596
277 278
277 394
277 420
277 520
277 671
277 675
277 724
277 737
278 279
278 316
278 388
278 410
278 631
278 664
278 698
278 736
279 280
279 495
279 669
280 281
280 453
280 472
280 604
280 670
280 674
280 678
280 726
281 282
281 423
281 457
281 562
281 632
281 655
282 283
282 344
282 367
282 398
282 400
282 402
282 479
282 514
282 612
282 687
282 743
283 284
283 498
283 619
283 687
283 708
284 285
284 313
284 408
284 502
284 623
284 697
284 731
284 742
285 286
285 359
285 433
285 439
285 450
285 511
285 616
286 287
286 300
286 327
286 388
286 418
286 420
286 665
287 288
287 523
288 289
288 296
288 321
288 388
288 639
288 697
288 738
289 290
289 313
289 319
289 329
289 473
289 576
289 689
290 291
290 463
290 481
290 535
290 592
290 658
291 292
291 341
291 364
291 394
291 518
291 533
291 554
291 652
291 699
291 717
292 293
292 406
292 519
292 534
292 542
292 602
292 633
292 652
292 668
292 748
293 294
293 419
293 491
293 533
293 540
293 554
293 579
293 607
294 295
294 408
294 446
294 469
294 683
294 719
295 296
295 359
295 465
295 528
295 708
295 748
296 297
296 472
296 564
297 298
297 328
297 474
297 599
297 668
297 702
297 727
298 299
298 369
298 450
298 485
298 529
298 637
298 705
299 300
299 320
299 382
299 535
299 549
299 712
299 737
300 301
300 362
300 430
300 450
300 498
300 609
300 625
301 302
301 347
301 401
301 533
301 563
301 666
302 303
302 326
302 414
302 462
302 557
302 615
303 304
303 345
303 565
303 685
304 305
304 306
304 425
304 658
304 698
304 701
304 706
305 306
305 445
305 582
305 645
305 697
306 307
306 320
306 353
306 400
306 408
306 454
306 513
306 691
307 308
307 328
307 602
307 694
308 309
308 416
308 496
308 565
308 633
309 310
309 316
309 342
309 349
309 358
309 494
309 624
309 747
310 311
310 343
310 381
310 452
310 559
310 623
310 647
311 312
311 383
311 387
311 389
311 505
311 509
311 610
311 715
312 313
312 361
312 411
312 513
312 698
312 742
312 749
313 314
313 354
313 430
313 486
313 631
314 315
314 334
314 407
314 541
314 577
314 668
314 694
314 704
314 705
315 316
315 337
315 351
315 470
315 501
315 528
315 633
315 685
316 317
316 327
316 398
316 587
316 714
316 732
317 318
317 376
317 382
317 462
317 550
317 669
317 703
318 319
318 510
318 600
318 623
318 636
318 708
318 738
319 320
319 471
319 531
319 595
319 610
319 612
319 670
319 674
319 679
319 744
320 321
320 431
320 441
320 554
320 718
320 727
321 322
321 364
321 370
321 396
321 463
321 635
321 643
322 323
322 336
322 388
322 433
322 476
322 491
322 499
323 324
323 328
323 330
323 408
323 438
323 602
323 610
323 631
323 721
324 325
324 502
324 535
325 326
325 620
325 644
326 327
326 405
326 447
326 449
326 516
326 717
327 328
327 390
327 445
328 329
328 426
328 605
328 744
329 330
329 439
329 446
329 552
329 574
329 615
329 646
329 701
330 331
330 384
330 540
331 332
331 508
331 561
331 596
331 598
331 613
331 696
332 333
332 347
332 389
332 392
332 473
332 583
332 611
333 334
333 337
333 391
333 438
333 474
333 489
333 616
333 722
334 335
334 586
334 729
334 736
335 336
335 359
335 379
335 411
335 436
335 473
335 488
335 489
336 337
336 433
336 607
336 672
337 338
337 360
337 407
337 488
337 579
337 586
337 605
337 614
337 668
337 722
338 339
338 463
338 550
338 564
338 711
339 340
339 371
339 392
339 485
339 603
339 605
339 636
339 641
339 664
340 341
340 367
340 468
340 484
340 502
340 553
341 342
341 400
341 447
341 448
341 482
341 483
341 502
341 507
341 585
341 605
342 343
342 364
342 455
342 568
342 582
343 344
343 361
343 374
343 400
343 407
343 438
343 697
344 345
344 533
344 560
344 693
345 346
345 356
345 375
345 403
345 417
345 467
345 473
345 604
345 648
345 678
345 738
345 745
346 347
346 514
346 557
346 695
347 348
347 379
347 409
347 444
347 488
347 527
347 549
347 622
347 677
347 706
347 726
347 730
348 349
348 439
348 455
348 575
348 692
349 350
349 384
349 534
349 579
349 599
349 657
350 351
350 481
350 564
350 691
351 352
351 441
351 704
351 705
352 353
352 440
352 527
352 531
352 538
352 570
352 725
353 354
353 375
353 380
353 698
354 355
354 367
354 493
354 554
354 592
354 618
354 663
354 723
354 745
355 356
355 449
355 658
355 668
355 670
355 705
355 715
356 357
356 366
356 381
356 456
356 538
356 611
356 677
356 725
357 358
357 396
357 474
357 476
357 512
357 578
357 604
357 660
357 688
357 702
358 359
358 397
358 427
358 440
358 480
358 555
358 590
358 658
358 708
358 717
359 360
359 371
359 440
359 474
359 655
359 679
359 703
360 361
360 500
360 565
360 647
360 699
360 705
360 727
361 362
361 438
361 451
361 529
361 530
361 731
362 363
362 444
362 573
362 589
362 596
362 702
362 710
362 745
363 364
363 446
363 564
363 612
363 644
363 653
363 694
363 708
364 365
364 411
364 563
364 683
365 366
365 377
365 509
366 367
366 374
366 444
366 741
367 368
367 432
367 510
367 513
367 581
367 738
368 369
368 388
368 430
368 468
368 599
368 665
368 726
368 731
369 370
369 553
369 565
369 570
369 580
369 671
369 690
370 371
370 425
370 660
370 675
371 372
371 393
371 449
371 717
371 725
372 373
372 601
372 687
373 374
373 396
373 458
373 478
373 501
373 550
373 613
373 743
374 375
374 524
375 376
375 380
375 417
375 439
375 460
375 616
375 652
375 705
376 377
376 479
376 532
376 559
376 646
376 689
376 716
376 724
377 378
377 418
377 565
377 567
377 582
377 585
377 748
378 379
378 470
378 557
378 582
378 621
378 681
378 720
379 380
379 417
379 475
379 558
379 577
379 715
380 381
380 467
380 504
380 529
380 590
381 382
381 497
381 518
381 623
382 383
382 491
382 584
382 620
382 636
383 384
383 388
383 413
383 604
383 648
383 697
384 385
384 452
384 464
384 469
384 569
384 666
384 696
384 701
384 718
385 386
385 483
385 578
385 636
385 717
385 724
386 387
387 388
387 493
387 505
387 652
387 682
387 684
387 729
387 742
388 389
388 433
388 559
388 576
388 603
388 643
388 740
389 390
389 454
389 486
389 573
389 586
389 600
389 663
390 391
390 466
390 524
390 660
391 392
391 456
391 491
391 509
391 661
392 393
392 431
392 438
392 470
392 648
392 652
392 700
392 720
393 394
394 395
394 419
394 448
394 512
394 592
394 665
395 396
396 397
396 524
396 749
397 398
397 406
397 523
397 637
398 399
398 422
398 423
398 465
398 612
398 628
398 700
398 709
399 400
399 457
399 465
399 548
399 554
399 632
400 401
400 512
400 523
400 563
400 660
401 402
401 508
401 684
401 741
402 403
402 427
402 454
402 477
402 558
402 722
402 746
403 404
403 527
403 578
403 637
403 740
404 405
404 473
404 511
404 641
404 692
404 744
405 406
405 525
405 577
405 715
406 407
406 440
406 484
406 560
406 621
406 651
406 656
406 699
407 408
407 438
407 452
407 556
407 636
407 641
408 409
408 412
408 450
408 599
408 643
408 683
408 708
408 743
409 410
409 554
409 706
410 411
410 497
410 562
410 569
410 587
411 412
411 456
411 501
411 568
412 413
412 429
412 586
413 414
413 584
413 592
413 596
413 626
414 415
414 710
414 726
415 416
415 503
415 526
415 547
415 574
415 682
416 417
416 489
416 499
416 568
416 637
417 418
417 438
417 491
417 637
417 699
417 748
418 419
418 432
418 519
418 536
418 563
418 607
419 420
419 442
419 451
419 482
419 501
419 742
420 421
420 469
420 479
420 643
420 696
421 422
421 497
421 550
421 575
421 746
422 423
422 608
422 690
423 424
423 481
423 505
423 507
423 584
424 425
424 451
424 457
424 510
425 426
425 465
425 596
425 619
425 656
425 675
425 685
426 427
426 505
426 611
427 428
427 561
427 643
427 681
427 723
428 429
428 502
428 562
428 635
428 660
428 716
428 722
429 430
429 440
429 579
429 597
429 660
430 431
430 536
430 567
430 575
430 681
431 432
431 461
431 481
431 561
431 602
431 658
431 669
431 683
432 433
432 526
432 535
432 596
433 434
433 451
433 504
433 559
433 584
433 607
433 643
433 660
433 663
433 673
433 692
434 435
434 608
434 617
434 731
435 436
435 464
435 614
435 680
436 437
436 448
436 457
436 475
436 567
436 601
436 603
436 677
437 438
437 607
438 439
438 554
438 580
438 585
438 626
438 696
438 703
438 719
438 742
439 440
439 527
439 607
439 648
439 658
439 748
440 441
440 516
440 596
440 643
440 721
440 727
440 732
441 442
441 443
441 618
441 656
441 720
442 443
442 446
442 733
443 444
443 639
443 656
443 672
444 445
444 454
444 509
444 516
444 534
444 546
444 682
444 696
444 741
445 446
445 477
445 572
445 586
445 632
445 703
446 447
446 451
446 511
446 531
446 532
446 698
447 448
447 477
447 553
447 643
447 666
447 724
448 449
448 560
448 597
448 694
448 716
449 450
449 534
449 540
449 701
449 703
449 749
450 451
450 495
451 452
451 468
451 532
451 534
451 590
452 453
452 465
452 736
452 748
453 454
453 460
453 624
453 656
453 706
454 455
454 692
454 745
455 456
455 628
455 667
455 719
455 735
456 457
457 458
457 602
457 679
458 459
458 492
458 588
459 460
459 508
459 509
459 642
460 461
460 486
460 504
460 564
460 663
461 462
461 479
461 529
461 606
461 668
461 744
462 463
462 527
462 574
462 580
462 655
462 662
463 464
463 572
463 667
463 673
463 677
463 734
464 465
464 534
464 604
464 676
465 466
465 473
465 497
465 639
465 666
465 704
466 467
466 478
466 539
466 559
466 631
466 632
467 468
467 533
467 593
467 699
468 469
468 476
468 510
468 659
469 470
469 523
470 471
470 565
470 617
471 472
471 480
471 482
471 535
471 570
471 613
471 619
471 654
471 664
471 723
472 473
472 549
472 589
472 697
473 474
473 695
473 742
474 475
474 477
474 549
475 476
475 493
475 539
475 566
475 573
475 611
475 667
475 707
476 477
476 546
476 552
476 695
477 478
477 553
477 584
477 620
478 479
478 544
478 642
478 644
478 681
479 480
479 503
479 505
479 609
479 658
479 667
479 715
479 744
480 481
480 499
480 528
480 694
481 482
481 488
481 603
481 642
481 741
481 747
482 483
482 559
482 602
482 700
482 705
482 709
483 484
483 582
483 631
483 678
483 689
483 712
484 485
484 680
485 486
485 572
485 583
485 584
485 637
485 732
485 743
486 487
486 499
486 632
486 679
486 733
487 488
487 517
487 532
487 590
488 489
488 503
488 552
488 614
488 651
488 734
489 490
489 584
489 599
489 687
490 491
490 515
490 523
490 566
490 589
490 636
490 660
490 672
491 492
491 546
491 601
491 682
492 493
492 548
492 676
492 688
492 738
492 740
493 494
493 591
494 495
494 585
494 659
494 665
494 744
495 496
495 533
495 546
496 497
497 498
498 499
498 507
498 644
498 683
499 500
499 515
499 527
499 588
500 501
500 507
500 560
500 606
500 620
500 670
500 729
501 502
501 733
501 740
502 503
502 649
503 504
503 598
503 659
503 699
504 505
504 566
504 646
505 506
505 582
506 507
506 677
506 688
507 508
507 570
508 509
508 543
508 572
508 573
508 633
508 653
508 715
509 510
509 615
509 633
509 657
509 719
510 511
510 523
510 554
510 644
511 512
511 616
511 663
511 710
511 727
512 513
512 535
512 539
512 682
512 716
513 514
513 597
513 678
513 688
513 692
513 731
514 515
514 535
514 572
514 652
514 674
515 516
515 583
515 624
516 517
516 559
516 562
516 577
517 518
517 519
517 536
517 552
517 577
517 627
517 702
518 519
518 540
518 557
518 649
519 520
519 554
519 562
519 590
520 521
520 671
520 682
520 688
521 522
521 594
521 616
521 637
521 728
522 523
523 524
523 604
523 675
523 689
523 699
523 718
524 525
524 548
524 679
524 710
525 526
525 530
526 527
527 528
527 587
527 633
527 712
528 529
528 586
528 603
528 667
528 688
528 693
529 530
529 659
530 531
530 580
530 616
530 618
530 707
531 532
531 555
531 737
532 533
532 681
532 718
533 534
533 745
534 535
534 672
535 536
535 583
535 595
535 677
535 710
536 537
536 547
536 733
537 538
537 574
537 596
537 625
538 539
538 561
538 569
538 577
538 585
538 592
538 595
539 540
539 679
540 541
540 600
540 618
541 542
541 570
541 650
541 688
542 543
542 586
542 680
543 544
543 680
544 545
544 565
544 567
544 636
544 666
544 743
545 546
545 577
545 619
545 713
545 734
546 547
546 556
546 557
546 584
546 602
546 664
546 701
546 730
547 548
547 604
547 659
547 666
547 685
547 703
548 549
548 613
548 704
548 741
549 550
549 570
549 654
549 701
549 715
550 551
550 565
550 658
550 713
551 552
551 585
551 663
551 696
551 712
551 748
552 553
552 566
552 576
553 554
553 656
553 659
553 682
554 555
554 647
554 665
554 668
554 698
554 718
554 719
555 556
555 585
555 603
555 663
556 557
556 572
556 575
556 640
556 716
557 558
557 582
557 595
557 616
557 730
557 738
558 559
558 611
558 682
558 705
559 560
559 601
559 725
559 739
560 561
561 562
561 578
561 610
561 684
562 563
562 608
562 632
562 675
562 716
563 564
563 659
563 748
564 565
565 566
565 690
566 567
567 568
568 569
568 655
568 746
569 570
569 684
570 571
570 583
571 572
571 644
571 703
571 714
572 573
573 574
573 677
573 748
574 575
574 688
574 699
574 739
575 576
575 591
576 577
576 647
576 679
576 700
577 578
578 579
578 591
578 602
578 672
578 702
579 580
579 671
579 735
580 581
580 714
580 748
581 582
581 594
581 643
581 701
582 583
582 606
582 654
583 584
583 639
583 697
583 698
583 731
584 585
584 618
585 586
586 587
586 649
586 670
586 673
586 676
586 712
586 733
587 588
587 608
587 662
588 589
589 590
589 592
589 668
589 670
589 715
589 724
590 591
590 607
590 649
590 689
590 731
591 592
591 604
591 606
591 744
592 593
592 636
592 678
593 594
593 601
594 595
594 612
594 627
594 739
595 596
595 717
596 597
596 656
597 598
597 689
597 693
597 697
597 714
597 718
597 736
597 744
598 599
599 600
599 676
600 601
600 633
600 670
600 681
600 711
600 712
601 602
601 628
601 646
601 677
601 702
601 722
601 729
602 603
602 662
602 669
602 674
602 736
603 604
603 733
604 605
604 680
605 606
605 713
605 715
605 721
605 728
606 607
607 608
607 667
608 609
608 623
609 610
609 642
609 676
609 725
609 730
610 611
610 677
610 717
610 746
611 612
611 652
612 613
612 716
613 614
613 666
614 615
614 711
615 616
616 617
616 638
616 714
616 740
617 618
617 674
617 702
617 746
618 619
618 667
619 620
619 643
619 684
620 621
620 663
621 622
621 630
621 653
621 654
621 684
621 705
622 623
622 628
622 706
623 624
624 625
624 684
624 704
625 626
626 627
626 649
627 628
628 629
628 723
629 630
629 720
630 631
631 632
631 666
631 677
632 633
633 634
633 737
634 635
635 636
635 709
635 734
636 637
636 653
636 655
636 721
636 749
637 638
637 666
637 746
638 639
638 713
639 640
639 652
639 676
640 641
640 701
641 642
642 643
642 656
643 644
643 744
644 645
644 713
645 646
646 647
646 695
646 710
646 747
647 648
647 671
647 732
647 737
648 649
648 694
648 723
649 650
649 694
649 726
649 735
650 651
651 652
652 653
652 667
653 654
653 691
654 655
655 656
655 732
656 657
656 708
657 658
657 697
658 659
658 671
659 660
660 661
661 662
661 672
661 715
661 728
661 747
662 663
663 664
663 686
663 727
664 665
664 705
665 666
666 667
666 725
667 668
668 669
668 679
669 670
669 676
669 718
670 671
670 689
670 720
671 672
671 699
672 673
672 686
672 738
673 674
673 684
673 711
673 735
674 675
675 676
676 677
676 722
677 678
678 679
678 700
678 714
679 680
680 681
680 714
681 682
682 683
683 684
683 712
683 730
684 685
684 691
685 686
686 687
686 701
687 688
688 689
688 733
689 690
689 724
690 691
690 739
691 692
691 732
691 743
692 693
692 703
693 694
693 741
694 695
694 697
694 701
695 696
696 697
697 698
697 735
698 699
698 727
699 700
700 701
700 711
701 702
701 732
701 734
702 703
702 725
703 704
703 705
704 705
704 707
705 706
706 707
707 708
708 709
709 710
710 711
710 721
710 734
711 712
712 713
713 714
713 746
714 715
715 716
716 717
716 745
717 718
718 719
719 720
720 721
720 724
721 722
722 723
723 724
724 725
725 726
726 727
727 728
728 729
729 730
730 731
731 732
731 748
732 733
733 734
734 735
735 736
736 737
737 738
738 739
739 740
740 741
741 742
742 743
743 744
744 745
744 746
745 746
746 747
747 748
748 749
