Number of solutions= 5

8  11  25  32  41  45  46  54  61  65  73  78  82  119  123  144  145  147  152  176  177  180  181  185  186  188  196  199  202  206  210  225  228  231  239  240  241  244  247  251  265  275  282  283  284  291  293  299  303  306  333  354  356  359  362  367  368  374  379  387  391  395  403  407  414  415  423  429  431  439  442  444  471  473  480  482  483  486  491  493  498  508  509  513  547  554  557  579  581  597  607  612  614  633  637  639  640  643  666  668  672  679  695  707  712  714  716  720  734  738  743  744  
F1= 112 ,F2= 37446


4  21  41  56  59  77  81  88  99  100  107  108  109  110  111  114  116  121  122  144  159  177  180  188  193  197  204  207  209  232  234  265  272  280  292  308  311  327  330  348  354  358  359  370  374  377  379  396  422  438  445  449  451  454  456  466  473  474  482  483  488  492  497  523  528  529  538  553  565  608  617  626  648  656  661  685  694  695  701  727  
F1= 80 ,F2= 46584


2  3  15  27  38  40  44  55  66  76  93  105  119  125  130  133  134  160  171  180  183  185  204  206  216  231  232  246  253  258  279  298  304  310  322  325  332  335  338  350  354  364  375  377  385  394  422  434  437  438  463  477  491  492  496  499  508  510  524  529  533  543  552  553  566  589  590  595  603  613  620  657  661  666  681  683  718  727  
F1= 78 ,F2= 47241


2  4  7  9  18  24  39  42  46  48  49  56  58  59  60  64  66  69  82  96  111  118  119  126  128  130  137  148  151  158  165  174  185  216  227  229  231  233  238  263  265  283  285  289  309  322  342  353  354  360  367  394  398  409  410  438  461  474  497  533  542  567  589  644  697  714  718  732  
F1= 68 ,F2= 49773


2  7  10  24  55  56  81  93  106  111  118  119  120  128  130  146  147  153  154  166  173  184  193  195  207  231  237  252  265  289  294  296  312  313  332  360  363  364  370  377  394  400  413  419  441  450  459  461  462  474  479  497  505  524  527  538  552  553  559  563  566  567  575  586  620  644  659  661  693  713  714  718  742  
F1= 73 ,F2= 49563


