Number of solutions= 4

0  1  4  11  46  49  69  75  88  93  106  107  115  116  117  122  124  132  135  139  145  146  149  164  190  193  199  
F1= 27 ,F2= 10369


0  11  25  31  46  50  55  65  88  98  107  111  113  120  129  135  139  150  162  164  179  181  183  
F1= 23 ,F2= 12435


11  18  59  72  73  81  95  102  110  113  122  128  135  139  150  164  175  188  
F1= 18 ,F2= 12781


11  18  26  29  30  51  64  76  93  95  106  120  122  135  159  161  164  172  189  190  
F1= 20 ,F2= 12540


