Number of solutions= 4

12  13  15  18  21  25  32  36  38  39  40  41  45  48  50  51  55  57  62  66  67  70  74  76  78  84  88  98  105  106  120  122  123  136  139  141  143  144  167  168  170  171  174  186  187  190  196  197  
F1= 48 ,F2= 10751


0  1  8  15  17  18  20  23  31  37  45  48  63  72  84  99  101  121  129  137  156  172  180  182  183  196  199  
F1= 27 ,F2= 13556


7  8  9  11  18  29  30  43  57  59  64  81  91  99  117  127  129  137  140  148  152  156  159  164  171  186  191  192  194  
F1= 29 ,F2= 13149


13  15  22  23  31  33  45  50  51  65  72  78  79  84  90  95  96  99  108  129  130  135  140  156  159  172  183  195  197  199  
F1= 30 ,F2= 13048


