Number of solutions= 3

1  7  8  9  13  16  17  20  21  24  27  29  30  31  33  34  35  36  38  39  42  43  46  48  49  54  55  56  57  58  63  69  70  73  78  79  81  82  83  87  88  89  90  91  92  94  96  99  104  107  108  110  111  114  116  117  120  123  124  125  127  128  138  139  140  141  142  143  144  147  149  153  154  155  158  161  173  175  176  179  182  183  186  189  193  194  196  198  199  
F1= 89 ,F2= 11847


1  2  5  9  10  13  16  17  19  22  23  27  32  36  43  45  46  50  52  57  58  60  61  62  66  67  69  73  76  77  81  87  91  92  93  95  96  101  104  105  107  108  109  112  115  117  120  121  124  125  126  128  133  136  141  151  153  158  161  162  163  164  173  174  177  180  184  189  191  192  197  
F1= 71 ,F2= 13265


0  1  2  3  7  10  16  17  20  21  24  27  32  36  37  41  45  48  52  60  61  62  66  67  69  72  73  76  79  80  83  85  86  87  88  91  94  95  96  102  108  109  113  114  117  118  119  120  123  126  127  128  135  140  143  145  149  153  154  159  164  173  184  191  
F1= 64 ,F2= 13686


