Number of solutions= 3

6  8  13  34  47  48  49  59  60  64  65  72  73  74  76  93  97  114  123  126  128  136  137  141  144  157  160  180  184  185  190  193  195  200  204  208  212  214  216  220  223  228  230  237  263  266  273  290  295  302  309  316  322  337  340  347  356  373  376  377  380  386  387  396  399  402  403  418  425  428  433  437  439  443  450  460  464  468  470  474  476  487  492  495  500  504  507  514  517  533  537  549  552  556  557  559  572  584  590  602  610  616  617  618  626  628  640  641  644  649  659  668  672  674  685  692  699  703  705  724  732  736  746  748  749  756  760  771  778  789  790  791  797  799  807  828  843  845  848  857  865  866  875  877  884  894  902  906  915  918  926  930  938  939  943  946  950  954  961  962  973  974  978  985  990  997  
F1= 166 ,F2= 51066


12  15  22  27  42  43  47  59  62  63  70  75  85  93  106  110  133  134  142  151  152  156  174  201  206  209  210  228  238  249  256  261  277  289  294  295  306  307  314  315  332  336  344  360  370  374  387  395  403  409  417  426  431  439  442  446  459  503  510  514  515  520  531  563  570  573  576  580  601  617  632  633  653  664  688  694  696  710  712  727  747  775  780  813  819  824  862  868  871  872  873  874  880  881  908  914  929  946  955  983  986  
F1= 101 ,F2= 67650


14  15  17  18  19  59  75  87  93  109  110  114  120  121  131  132  134  172  177  179  181  208  231  243  247  256  261  264  270  277  313  318  330  336  362  366  371  374  392  395  399  400  418  431  432  446  466  491  496  502  520  530  535  538  541  544  547  551  556  557  568  573  586  594  596  600  615  621  633  642  657  677  679  680  681  683  684  686  696  701  710  712  725  726  727  738  740  754  760  780  788  797  808  815  817  819  823  828  838  857  862  870  886  898  903  910  914  925  932  943  950  955  967  971  974  975  979  983  986  998  
F1= 120 ,F2= 62658


