Number of solutions= 4

4  8  10  13  15  18  22  26  45  50  52  66  69  73  84  85  96  101  109  115  116  155  157  161  166  183  
F1= 26 ,F2= 15485


1  14  19  24  27  28  36  37  40  46  60  62  64  65  67  73  85  87  89  92  95  110  113  114  121  130  132  133  135  139  142  143  144  148  158  159  160  174  180  184  191  194  198  
F1= 43 ,F2= 11232


2  21  22  23  24  26  32  39  40  42  44  45  46  57  66  73  74  83  85  88  96  115  116  136  137  145  147  168  184  198  
F1= 30 ,F2= 13197


16  18  22  23  39  40  42  43  47  50  57  64  73  85  88  103  119  130  143  147  148  150  161  166  171  182  183  192  197  
F1= 29 ,F2= 13736


