Number of solutions= 5

0  5  11  18  19  23  28  37  63  64  79  82  88  98  111  114  128  138  146  152  154  160  172  173  187  197  
F1= 26 ,F2= 10457


13  35  41  47  52  63  64  73  92  96  102  112  113  152  157  164  170  193  
F1= 18 ,F2= 12792


1  14  15  19  26  36  51  59  62  66  82  88  96  100  103  116  145  151  152  153  155  157  169  
F1= 23 ,F2= 12060


6  12  26  41  61  64  75  80  82  85  125  132  152  156  162  178  184  
F1= 17 ,F2= 13643


6  8  12  23  26  45  61  62  67  79  86  88  96  111  113  128  129  130  132  162  
F1= 20 ,F2= 12430


