Number of solutions= 3

2  4  5  10  24  28  45  52  55  61  62  87  89  91  98  101  102  104  105  108  115  116  120  121  122  126  129  140  152  155  156  157  165  167  177  181  194  196  
F1= 38 ,F2= 10418


0  5  9  13  15  24  28  29  33  37  40  42  52  65  68  72  78  90  98  107  143  149  152  156  164  169  183  
F1= 27 ,F2= 13580


5  6  9  10  12  18  27  28  29  39  42  63  65  72  73  77  87  88  107  117  120  129  139  141  152  157  158  168  172  175  
F1= 30 ,F2= 12519


