Number of solutions= 2

1  3  8  9  10  11  17  21  24  25  27  30  33  35  38  40  43  52  55  56  61  63  64  66  67  69  70  71  72  73  76  77  78  81  83  89  92  94  97  99  100  103  105  106  107  108  119  121  126  128  129  130  135  139  142  146  150  153  156  160  161  164  169  176  183  185  190  194  198  
F1= 69 ,F2= 14576


1  5  8  9  10  13  29  30  31  35  38  40  41  45  49  50  54  55  56  61  66  68  70  72  73  74  77  80  81  82  85  86  87  89  94  97  100  102  103  104  106  110  111  116  117  119  121  124  125  126  128  135  139  140  146  149  152  153  156  160  161  166  168  169  176  178  181  183  187  190  196  198  
F1= 72 ,F2= 14029


