Number of solutions= 4

2  12  17  18  25  31  33  37  40  42  44  45  52  55  59  61  64  70  72  74  75  80  83  85  88  89  90  95  96  97  102  107  111  114  124  130  134  137  141  145  148  154  155  158  161  167  168  175  183  186  189  190  194  195  207  212  214  215  219  223  224  225  227  228  231  232  236  240  241  249  
F1= 70 ,F2= 14272


2  3  12  13  14  15  19  27  35  37  41  42  45  49  51  53  54  63  64  70  72  73  80  82  90  98  106  110  113  115  117  125  130  139  146  154  165  169  173  175  180  182  183  188  193  196  203  206  223  238  240  
F1= 51 ,F2= 16180


0  1  4  7  8  9  10  11  14  15  19  20  27  35  37  45  47  51  53  57  61  64  65  66  78  80  82  89  90  96  110  117  122  127  132  137  146  154  157  158  162  169  171  186  212  221  225  
F1= 47 ,F2= 17161


5  7  8  10  15  17  23  26  35  39  40  41  45  51  52  56  61  65  66  67  78  82  90  91  92  95  96  102  105  114  115  117  122  133  137  149  154  158  167  171  175  185  188  193  198  203  212  214  219  225  
F1= 50 ,F2= 16934


