Number of solutions= 5

3  9  39  44  48  49  59  60  64  70  79  83  94  98  118  126  129  136  148  155  161  166  176  179  181  192  196  198  
F1= 28 ,F2= 9929


1  24  33  44  48  52  58  64  73  79  80  84  114  124  136  141  143  160  166  170  194  
F1= 21 ,F2= 11426


1  11  24  32  33  35  44  64  69  80  82  108  135  153  157  163  174  
F1= 17 ,F2= 13273


18  24  26  48  64  84  89  101  106  122  124  127  128  130  157  168  169  172  
F1= 18 ,F2= 12580


3  48  51  63  64  67  71  73  75  92  99  105  109  111  124  127  143  156  157  174  
F1= 20 ,F2= 12217


