Number of solutions= 2

9  11  20  36  57  63  67  71  75  86  90  94  98  112  120  123  150  153  163  167  174  180  194  199  219  221  230  237  240  249  257  259  261  273  282  286  291  298  304  310  319  339  350  354  364  373  376  388  394  396  399  401  408  414  425  438  442  444  452  453  455  465  468  473  475  479  480  483  493  499  500  501  503  521  531  543  546  550  554  557  576  590  592  596  597  599  600  602  616  620  626  629  643  651  652  655  661  664  672  674  677  680  684  690  701  710  722  731  733  736  739  
F1= 111 ,F2= 49296


1  3  6  14  18  24  29  32  33  45  48  58  62  63  65  71  80  83  94  96  97  99  111  114  120  130  136  141  151  152  153  154  155  173  174  178  179  180  183  192  194  198  199  203  207  219  221  227  231  241  251  256  259  261  262  279  281  282  285  339  340  347  354  373  376  379  380  385  387  394  417  425  438  465  468  475  481  497  498  508  528  532  535  550  554  583  586  592  596  597  601  616  624  636  643  647  677  684  690  697  701  710  744  
F1= 103 ,F2= 51320


