Number of solutions= 2

1  3  5  6  8  10  13  14  16  18  19  22  24  27  33  34  37  41  42  46  50  51  55  59  60  63  65  66  70  73  74  76  77  81  87  91  94  95  98  102  103  108  113  117  118  120  121  128  131  136  139  141  146  147  153  160  161  164  165  166  167  168  172  184  186  189  195  197  202  205  212  216  219  220  223  224  226  229  230  235  239  246  248  
F1= 83 ,F2= 16429


1  3  5  7  8  10  11  12  16  17  20  21  24  29  30  31  32  39  40  41  42  43  48  50  53  54  58  61  62  63  64  67  68  70  72  73  74  78  79  80  84  85  88  89  90  91  93  94  96  101  104  105  106  107  108  109  110  114  115  118  126  130  132  136  141  142  145  146  151  152  155  156  160  163  164  167  168  169  170  173  174  177  180  184  185  186  188  189  192  193  197  202  204  211  212  213  218  219  220  221  222  223  226  230  235  239  240  241  243  244  248  
F1= 111 ,F2= 14740


