Number of solutions= 4

1  2  8  9  13  14  18  19  21  23  26  39  93  100  107  109  117  125  135  144  151  165  169  181  193  225  
F1= 26 ,F2= 17786


0  1  8  14  16  23  25  33  36  45  46  49  54  59  71  79  82  83  93  107  125  146  151  178  193  200  225  235  
F1= 28 ,F2= 15690


0  4  13  15  26  32  35  41  46  61  76  83  89  91  92  107  119  122  125  129  133  142  154  162  174  176  180  197  207  208  210  218  
F1= 32 ,F2= 15190


12  15  20  35  39  44  45  52  54  71  72  87  107  110  120  125  138  144  146  149  161  162  178  180  186  193  200  203  205  212  237  
F1= 31 ,F2= 15273


