Number of solutions= 2

1  5  8  11  17  18  21  22  27  29  44  49  52  56  63  82  92  100  102  111  118  123  132  139  151  165  173  185  207  217  218  232  239  252  286  295  299  301  321  323  329  331  337  355  358  377  379  398  420  437  451  453  480  494  511  526  545  551  554  558  579  592  596  621  629  639  644  645  684  693  700  701  705  707  716  717  728  731  
F1= 78 ,F2= 51342


4  8  23  34  54  58  63  70  77  80  94  97  102  103  107  122  146  161  164  165  175  176  207  218  227  228  232  244  248  250  261  268  288  302  303  306  311  314  324  331  362  368  372  373  378  381  389  390  391  422  428  429  434  437  442  445  455  478  481  483  494  521  531  532  535  538  543  545  548  553  566  588  594  595  601  602  610  621  639  640  651  658  659  663  665  700  704  716  
F1= 88 ,F2= 49630


