Number of solutions= 2

2  7  8  10  11  18  34  39  40  44  46  50  55  58  59  62  63  65  76  79  81  86  88  89  92  102  111  114  116  125  134  135  136  140  141  142  143  145  148  160  162  166  167  168  169  171  175  180  182  190  191  196  197  198  199  200  208  209  213  220  222  223  224  230  233  236  251  254  259  260  263  266  268  276  284  297  322  325  326  336  337  339  343  344  346  357  363  368  393  402  405  421  438  439  452  453  456  463  466  469  474  475  492  493  498  501  506  509  513  519  525  527  532  546  548  549  559  562  567  572  576  577  581  587  601  625  632  644  645  646  655  659  681  683  693  698  711  720  744  746  
F1= 140 ,F2= 48784


1  6  8  13  15  21  24  31  32  34  37  38  44  51  55  56  60  61  62  64  65  69  72  78  84  85  95  99  100  105  109  115  116  117  120  131  137  141  142  146  152  153  155  156  158  159  160  163  165  167  169  170  174  184  186  191  194  196  200  201  209  213  216  219  221  222  223  234  235  240  244  246  250  260  267  280  286  290  297  301  302  310  311  314  315  321  323  328  329  332  336  337  342  351  358  359  363  372  375  377  379  380  383  384  393  394  397  402  403  404  409  412  415  424  428  432  439  441  448  463  465  470  472  475  476  477  479  480  492  493  497  498  501  506  509  511  512  514  519  521  522  524  525  529  530  532  533  537  539  540  544  548  549  555  561  562  564  567  571  579  582  587  596  597  601  609  614  615  616  617  618  622  626  627  633  637  647  651  653  662  666  667  669  674  679  682  685  689  695  696  697  700  702  709  713  714  715  720  723  724  725  727  728  729  732  733  737  738  745  747  748  749  
F1= 212 ,F2= 40992


