Number of solutions= 2

1  3  9  10  13  16  18  23  27  28  34  39  46  47  50  51  52  53  56  57  60  65  66  69  72  77  78  84  88  99  100  102  104  105  115  120  121  128  140  141  142  146  153  155  160  162  166  168  175  184  188  190  192  205  209  210  215  222  229  234  237  244  247  249  252  262  265  267  271  280  290  294  307  308  320  324  334  339  345  362  367  372  373  378  384  402  412  415  417  429  433  434  437  442  457  469  482  
F1= 97 ,F2= 35158


1  7  12  18  19  23  34  37  43  50  51  52  54  57  59  63  65  77  83  84  87  93  95  99  100  101  104  105  112  115  121  130  144  145  150  151  153  155  158  163  165  166  177  181  183  184  188  192  193  199  201  202  205  209  210  213  225  229  234  237  244  257  262  263  265  273  278  280  282  287  297  316  318  321  322  324  334  339  341  345  347  349  360  366  367  376  403  411  417  423  427  429  431  434  435  457  458  469  472  475  477  489  490  
F1= 103 ,F2= 33452


