Number of solutions= 3

3  12  17  20  26  36  37  46  47  56  57  59  62  67  76  77  78  81  86  88  102  104  106  108  109  120  124  146  147  154  158  159  164  166  167  171  172  178  180  189  194  
F1= 41 ,F2= 10974


21  29  33  35  39  42  45  59  63  86  90  104  120  129  139  140  145  151  155  158  162  167  176  182  186  192  
F1= 26 ,F2= 13958


4  15  21  29  30  35  42  45  47  49  52  56  61  63  83  93  100  109  113  122  124  125  135  136  158  161  177  187  
F1= 28 ,F2= 13445


