Number of solutions= 2

1  2  5  10  11  12  16  18  19  21  24  26  33  35  39  40  45  46  50  51  52  57  60  61  62  65  69  72  79  82  83  86  87  92  101  106  107  108  109  111  115  116  117  119  120  122  123  126  129  136  138  140  143  145  151  152  159  164  170  173  174  176  179  184  185  188  189  194  195  
F1= 69 ,F2= 14083


1  2  3  4  5  6  9  10  12  13  16  20  21  22  27  28  29  31  32  33  37  38  43  44  46  47  48  54  58  62  63  67  68  72  79  85  86  89  90  93  96  99  100  101  103  104  106  107  111  113  114  122  123  126  129  133  137  138  139  140  143  147  149  156  157  158  159  160  164  165  167  168  171  172  173  174  179  181  182  185  188  189  190  191  194  198  
F1= 86 ,F2= 12527


