Number of solutions= 2

4  7  8  15  16  17  20  21  24  25  30  31  33  34  35  37  38  40  41  43  45  48  52  55  60  61  62  64  69  70  74  77  79  82  84  88  89  93  94  97  98  101  102  105  111  116  117  118  121  123  124  125  132  133  138  143  146  148  152  156  160  163  168  172  178  188  190  194  197  
F1= 69 ,F2= 13108


1  3  4  10  11  13  16  19  21  24  27  28  33  36  37  38  40  45  48  51  54  55  58  64  66  69  71  72  76  79  85  88  90  93  94  95  97  98  101  102  107  108  109  111  114  115  117  118  119  124  127  130  133  135  138  142  143  144  148  156  160  163  164  165  170  180  186  190  193  194  197  
F1= 71 ,F2= 12711


