Number of solutions= 4

2  5  15  31  34  35  52  68  71  77  94  100  101  108  117  122  131  134  141  143  148  170  180  186  187  200  212  227  232  234  235  236  242  246  
F1= 34 ,F2= 13333


0  1  2  7  8  20  22  23  26  51  52  76  81  83  89  92  106  132  184  206  225  
F1= 21 ,F2= 16635


8  16  22  26  33  35  40  53  61  76  92  103  125  143  156  158  189  206  212  213  216  227  235  236  239  246  
F1= 26 ,F2= 15783


0  36  43  52  63  80  81  83  87  90  103  106  114  118  125  132  146  157  160  163  173  205  213  218  234  
F1= 25 ,F2= 15841


