Number of solutions= 3

0  1  8  9  12  13  14  15  18  19  20  21  25  29  30  31  32  33  36  44  47  48  49  50  55  64  65  66  69  73  74  75  77  80  82  85  86  91  92  93  94  95  96  97  
F1= 44 ,F2= 6044


1  4  7  8  12  13  14  18  20  23  25  34  37  41  44  47  52  53  54  57  64  67  71  72  75  76  77  78  82  85  88  91  94  97  
F1= 34 ,F2= 6343


0  1  3  7  8  12  13  15  16  18  20  21  27  31  34  39  40  41  44  47  52  56  57  58  62  67  77  78  82  85  88  91  94  
F1= 33 ,F2= 6603


