Number of solutions= 3

15  16  34  36  38  39  49  53  58  59  65  67  85  90  91  95  99  106  111  114  115  116  121  125  126  128  132  144  150  154  161  164  171  174  176  182  188  190  199  
F1= 39 ,F2= 10612


4  13  21  24  28  37  45  48  61  65  66  80  81  85  89  93  94  103  104  107  108  119  128  152  157  161  175  182  187  188  190  
F1= 31 ,F2= 13069


1  2  5  13  20  21  28  35  36  37  48  56  65  85  86  90  94  99  104  109  116  128  138  153  171  175  187  
F1= 27 ,F2= 13477


