Number of solutions= 3

0  1  2  4  5  6  10  13  14  17  18  20  26  27  28  29  32  33  35  36  39  44  48  49  52  56  61  62  63  64  65  67  68  69  70  75  76  83  85  88  89  90  94  95  96  98  
F1= 46 ,F2= 5984


2  3  4  5  6  11  14  16  20  23  24  25  26  31  34  35  36  39  44  49  50  51  56  61  68  72  76  83  84  85  86  89  93  
F1= 33 ,F2= 6792


2  3  4  5  6  16  17  20  24  26  31  33  35  36  44  45  46  47  49  52  54  58  61  62  65  69  70  73  74  81  87  88  89  93  97  98  
F1= 36 ,F2= 6778


