Number of solutions= 4

6  15  18  20  26  29  31  34  39  43  52  59  61  73  82  96  99  102  103  123  136  138  142  154  158  171  172  181  193  213  220  227  237  244  247  268  270  277  303  305  307  319  330  332  341  352  365  369  371  374  377  378  379  389  397  402  409  411  414  425  427  433  436  444  453  455  462  473  483  486  487  489  
F1= 72 ,F2= 24105


1  7  15  20  28  35  55  57  65  69  77  79  85  89  94  112  142  143  154  165  166  167  170  225  227  234  237  244  245  261  271  272  277  279  288  292  299  310  329  330  334  345  364  369  377  381  396  405  412  450  452  478  481  484  
F1= 54 ,F2= 29700


1  4  6  7  16  19  27  31  33  59  61  74  80  107  109  124  127  143  163  175  180  183  184  202  229  244  245  252  253  277  279  311  356  357  359  364  381  399  405  408  437  452  454  466  
F1= 44 ,F2= 32289


6  7  10  11  31  61  79  80  85  90  109  140  163  164  184  221  229  237  239  242  244  250  260  277  279  289  292  296  297  303  311  344  345  353  359  362  365  381  385  386  390  405  408  414  420  427  459  476  495  
F1= 49 ,F2= 30217


