Number of solutions= 3

3  4  6  27  30  34  38  41  44  54  60  61  65  66  71  76  77  82  83  94  101  105  106  125  130  132  142  152  161  164  165  166  173  181  201  210  211  217  222  236  237  246  247  260  271  288  306  321  327  337  341  342  350  357  379  404  408  418  423  428  437  442  443  452  463  465  486  487  496  
F1= 69 ,F2= 36403


2  3  4  9  12  13  22  24  42  46  50  59  65  66  67  71  74  82  94  96  101  108  129  136  150  151  152  161  171  193  201  203  207  215  216  221  248  255  257  262  264  274  277  282  287  297  299  311  313  324  327  347  350  353  361  363  379  380  383  386  404  406  411  416  418  423  449  457  460  463  465  468  469  477  486  491  497  
F1= 77 ,F2= 32853


8  29  30  36  42  48  55  63  65  71  79  84  87  88  89  96  101  105  108  114  115  125  131  132  141  146  148  155  165  167  173  191  197  201  202  220  222  232  236  241  242  248  252  269  275  280  287  299  320  325  328  337  350  352  357  359  379  386  391  402  404  405  406  418  423  425  428  440  443  446  475  482  
F1= 72 ,F2= 34346


