Number of solutions= 5

0  7  11  17  19  29  30  31  33  37  40  42  43  69  84  86  91  92  94  95  101  105  108  114  119  122  139  145  154  155  161  173  178  190  216  222  226  232  236  243  260  264  267  268  273  278  281  283  288  296  304  310  313  332  338  343  353  358  362  369  383  387  392  394  405  406  414  418  422  435  437  452  454  456  457  460  464  470  478  483  491  494  499  
F1= 83 ,F2= 26455


31  38  40  44  48  64  66  76  80  87  88  90  91  92  96  101  108  123  130  159  170  178  184  189  190  203  204  223  229  244  245  252  263  267  270  284  285  286  292  308  322  328  332  336  344  354  359  363  367  371  387  388  395  412  421  425  434  439  450  451  464  484  
F1= 62 ,F2= 33079


5  7  30  44  50  63  64  69  85  88  91  107  115  119  120  130  142  148  175  184  187  189  200  203  205  229  235  240  242  243  256  275  279  280  282  317  320  326  327  354  355  363  366  395  441  449  450  487  488  492  494  
F1= 51 ,F2= 34758


1  4  5  19  31  40  42  44  50  52  79  82  88  89  91  104  107  119  130  137  138  140  176  187  189  212  215  223  228  233  234  243  246  279  286  305  307  312  317  327  329  332  348  366  374  380  383  402  417  426  441  445  446  453  454  469  472  487  488  494  
F1= 60 ,F2= 34061


5  11  22  33  45  64  66  75  78  83  86  88  91  95  110  114  115  120  130  133  149  156  164  170  172  183  184  189  190  194  202  205  209  230  234  236  244  257  259  262  265  267  275  286  311  312  322  366  373  410  416  424  425  433  434  435  444  447  453  460  488  
F1= 61 ,F2= 33544


