Number of solutions= 3

1  2  10  17  18  19  24  26  28  35  42  47  49  55  59  61  67  73  75  84  87  88  91  97  101  112  114  117  130  131  133  137  139  140  144  146  148  158  161  162  166  169  174  176  180  181  186  191  211  213  217  218  219  229  234  255  257  259  279  284  299  306  309  315  317  319  322  328  329  331  334  335  338  348  350  353  365  392  393  408  416  425  427  428  433  436  439  440  446  453  454  457  465  466  470  475  477  492  504  507  512  518  526  534  536  538  547  557  565  566  567  569  571  573  574  584  588  589  591  594  603  606  610  616  618  631  635  639  642  644  647  658  663  664  666  669  674  676  677  678  681  682  685  689  692  694  699  703  705  710  716  724  732  733  737  738  753  766  772  789  802  808  829  834  837  840  849  850  852  857  863  865  878  883  887  893  899  902  908  909  912  913  921  933  936  937  944  945  951  952  956  965  969  972  973  977  979  983  987  989  991  992  995  999  
F1= 204 ,F2= 52499


5  7  12  13  14  17  21  22  25  27  30  34  38  40  42  45  48  51  52  57  59  60  69  72  75  77  84  91  95  102  108  119  121  127  135  137  139  144  152  167  173  180  183  193  201  203  204  210  237  248  256  274  278  279  288  294  298  301  304  313  317  323  335  355  358  360  377  387  388  396  400  418  420  425  426  439  440  441  442  457  463  475  476  483  492  498  504  523  534  540  572  578  602  606  607  608  615  619  629  633  634  657  667  669  673  679  694  698  702  720  730  732  737  753  767  777  782  789  792  803  807  810  829  838  855  859  864  885  891  912  917  964  983  990  
F1= 134 ,F2= 66900


5  6  12  13  23  26  43  54  55  62  70  71  72  76  87  95  100  102  109  110  121  131  135  137  144  150  153  157  174  176  180  184  189  193  197  203  207  211  217  222  227  240  243  256  261  268  275  278  294  297  298  307  308  313  319  323  326  334  341  348  349  353  364  381  387  388  391  392  398  404  411  414  416  418  420  424  425  430  439  440  478  484  495  504  507  519  522  537  539  540  561  564  570  580  582  584  587  590  601  604  607  613  633  634  644  647  657  677  682  684  691  693  694  699  707  715  724  730  734  753  763  765  777  779  780  781  782  792  797  810  819  829  831  834  837  841  858  864  865  883  905  909  912  917  926  936  952  979  984  993  
F1= 150 ,F2= 64915


