Number of solutions= 4

1  4  6  10  15  16  26  30  33  41  42  45  54  56  57  59  69  75  76  78  82  86  91  94  95  100  108  112  124  142  145  148  151  153  158  162  174  176  178  182  183  187  191  194  195  203  206  212  217  220  234  235  238  239  240  247  
F1= 56 ,F2= 13311


6  8  9  11  15  19  22  24  46  50  59  66  70  76  86  87  92  107  111  125  136  141  142  146  156  158  168  172  179  189  194  198  208  216  231  238  240  246  
F1= 38 ,F2= 15559


0  1  3  7  19  24  27  36  40  61  70  71  81  82  86  87  91  116  121  123  127  128  136  143  146  152  160  163  168  205  208  219  242  
F1= 33 ,F2= 17455


8  11  12  15  19  27  38  52  55  57  70  76  90  109  112  117  127  128  133  134  136  146  156  162  164  172  174  177  185  187  194  206  214  215  230  235  
F1= 36 ,F2= 16314


