Number of solutions= 4

4  11  19  21  22  24  27  30  34  35  36  39  43  52  55  57  60  61  62  71  78  81  83  92  94  96  101  102  104  111  114  117  128  135  136  151  154  160  161  179  194  197  
F1= 42 ,F2= 11203


1  6  9  15  22  31  51  52  53  69  77  82  88  105  114  119  120  121  124  140  148  149  152  154  156  175  180  181  185  188  189  
F1= 31 ,F2= 13571


1  8  9  11  21  25  41  52  68  71  77  82  94  96  105  124  128  137  140  142  145  148  159  164  173  180  181  
F1= 27 ,F2= 14731


16  21  25  27  36  40  44  45  51  59  60  71  89  106  110  114  118  119  127  134  139  145  152  159  164  175  178  185  188  
F1= 29 ,F2= 14158


