Number of solutions= 2

0  2  20  27  28  34  35  37  40  42  50  55  62  67  73  78  87  130  150  153  162  168  195  198  200  217  219  226  230  236  237  240  245  252  253  267  268  278  288  293  295  305  310  324  383  411  414  426  442  444  458  464  479  508  543  548  556  566  575  580  591  600  602  609  626  637  660  668  705  709  717  718  733  734  747  748  770  816  826  840  851  864  868  882  889  925  966  968  
F1= 88 ,F2= 63944


25  41  50  52  62  77  98  109  121  124  130  135  140  158  167  168  170  173  195  200  202  206  212  217  226  233  236  240  245  252  260  263  265  272  286  295  299  305  318  332  337  361  363  379  383  396  398  399  401  412  420  425  430  431  456  457  458  464  492  523  542  543  548  554  572  586  601  607  608  626  627  651  662  666  672  685  697  705  718  733  740  745  755  756  765  768  770  807  817  821  824  828  850  855  860  866  868  879  889  891  893  903  925  941  948  
F1= 105 ,F2= 62339


