Number of solutions= 2

1  2  7  11  12  15  16  20  21  22  27  31  32  35  38  42  45  46  47  48  51  52  54  57  61  62  66  67  69  70  72  75  76  82  85  88  92  95  98  103  106  112  114  115  119  120  126  130  132  133  134  138  143  146  147  149  150  153  158  162  169  173  177  180  183  188  192  
F1= 67 ,F2= 13092


1  5  13  18  20  24  25  27  31  35  38  42  45  46  47  48  52  53  56  58  61  62  69  72  73  78  82  85  86  88  91  92  93  95  100  103  104  105  108  111  112  113  115  119  122  123  126  128  129  132  133  134  138  141  143  147  150  151  153  157  161  169  173  174  178  181  182  185  188  191  192  197  
F1= 72 ,F2= 12634


