Number of solutions= 2

0  1  3  4  5  6  9  10  13  15  16  18  19  20  21  23  24  31  34  36  39  40  43  48  51  52  56  58  59  64  65  70  71  74  77  78  81  82  83  86  92  100  101  105  109  114  117  120  131  137  139  142  143  146  147  151  152  153  156  164  167  172  175  178  181  182  188  190  193  195  
F1= 70 ,F2= 13058


1  2  6  9  11  15  17  21  22  25  26  27  28  29  31  36  37  38  39  40  43  45  48  53  55  58  61  62  63  66  67  68  69  70  71  76  77  80  81  87  88  89  90  94  98  99  101  103  106  109  114  120  126  127  128  132  133  135  136  139  142  143  144  147  151  152  153  154  155  156  162  167  171  174  175  178  179  180  181  184  186  187  190  193  194  195  198  199  
F1= 88 ,F2= 11641


