Number of solutions= 2

2  3  7  8  12  15  17  21  24  26  29  31  34  37  38  39  43  45  48  49  53  59  60  62  63  66  68  70  72  76  77  85  89  93  94  96  98  100  101  102  106  107  110  111  114  115  116  120  122  128  130  133  136  137  138  141  144  145  151  153  160  163  164  167  170  172  180  182  185  190  194  198  
F1= 72 ,F2= 13044


4  5  6  9  10  14  15  19  20  21  22  23  26  27  31  39  40  41  45  49  50  51  54  55  62  65  66  69  77  78  81  83  84  87  88  91  92  93  96  98  99  101  103  104  106  107  108  112  113  117  119  120  123  126  130  131  133  136  137  138  145  146  147  149  150  153  154  159  160  161  162  165  168  169  172  174  177  178  179  182  183  187  192  193  194  197  198  199  
F1= 88 ,F2= 11317


